{
  "problem_list": [
    {
      "A_matrix": [
        [
          0.7642482947050233,
          0.6798897021394689,
          1.1171404374116842,
          0.7084871795538721,
          1.7118064473759271,
          0.8036559854556254,
          0.44640485275538455,
          0.4429504519082922,
          0.7198067901169002,
          1.6892000260095847,
          1.5129549997555203,
          0.4825915894569778,
          1.6156562425560748,
          0.9102354629077667,
          0.5980265876994308,
          0.2777281717676876
        ],
        [
          0.6798897021394689,
          1.5491378083106395,
          1.0318950037527954,
          0.2716500891144039,
          0.5926063343024257,
          0.8237936414914492,
          1.5382000204299415,
          0.8114429907682249,
          1.0438610066699625,
          0.44268221779591754,
          0.5874551394375762,
          1.0318793187127562,
          0.8666151054238864,
          0.7108310602213652,
          1.7841202129013047,
          0.7491773611407576
        ],
        [
          1.1171404374116842,
          1.0318950037527954,
          1.7125517153330438,
          1.1770193765442594,
          1.0717080357956617,
          1.4769353378230008,
          0.49963561655923305,
          0.8149275703924117,
          0.9777627497171635,
          0.9555249855480374,
          1.386438660441985,
          1.1868016712033125,
          0.6373659129032346,
          0.9887301992161548,
          1.3201754120623808,
          0.614451466573212
        ],
        [
          0.7084871795538721,
          0.2716500891144039,
          1.1770193765442594,
          0.27454680889245453,
          0.6431382437529671,
          0.98411568724384,
          0.9205451960424995,
          0.8597812831796912,
          1.7470615188299448,
          1.5026108594230134,
          0.44577500785197277,
          0.4325160473560765,
          0.5628764754863359,
          0.5049217135995284,
          0.7124419280741204,
          0.8636858710245747
        ],
        [
          1.7118064473759271,
          0.5926063343024257,
          1.0717080357956617,
          0.6431382437529671,
          1.8728652105149601,
          0.6977987953922131,
          1.5688688822157781,
          0.7941320637984628,
          1.048435542468249,
          1.203083884842698,
          0.3607335028698051,
          0.46041105766167634,
          1.5277555971734995,
          1.0721359894213538,
          1.4095064618105182,
          0.016904957520914365
        ],
        [
          0.8036559854556254,
          0.8237936414914492,
          1.4769353378230008,
          0.98411568724384,
          0.6977987953922131,
          1.133663937255345,
          1.4097774284682947,
          0.5986304664224856,
          0.9287117140812368,
          0.7529775102219614,
          0.6745740922050892,
          1.4955745957608775,
          1.3772833011660959,
          1.007795100910811,
          1.5243613986489084,
          0.9039907813200314
        ],
        [
          0.44640485275538455,
          1.5382000204299415,
          0.49963561655923305,
          0.9205451960424995,
          1.5688688822157781,
          1.4097774284682947,
          1.1021496007414802,
          1.4988876365746702,
          0.3245214482335813,
          1.010919761295758,
          0.9989428755722638,
          0.9275322777103173,
          1.6628821745453133,
          0.27863049089151215,
          1.490551893999684,
          1.155270848524455
        ],
        [
          0.4429504519082922,
          0.8114429907682249,
          0.8149275703924117,
          0.8597812831796912,
          0.7941320637984628,
          0.5986304664224856,
          1.4988876365746702,
          1.8683408215644617,
          1.228178874132317,
          0.6414905064964856,
          1.0520724863735782,
          1.1211381084635064,
          0.9710669500788192,
          0.8529680544296578,
          1.1447470362505865,
          0.8656975936964008
        ],
        [
          0.7198067901169002,
          1.0438610066699625,
          0.9777627497171635,
          1.7470615188299448,
          1.048435542468249,
          0.9287117140812368,
          0.3245214482335813,
          1.228178874132317,
          1.7817570624920875,
          0.472908806198412,
          1.134819648020481,
          0.6238218580771193,
          0.6238205808949131,
          1.5290724417133552,
          0.4601431355443182,
          0.7976272682208275
        ],
        [
          1.6892000260095847,
          0.44268221779591754,
          0.9555249855480374,
          1.5026108594230134,
          1.203083884842698,
          0.7529775102219614,
          1.010919761295758,
          0.6414905064964856,
          0.472908806198412,
          0.8265671042756961,
          1.2037537468360568,
          0.8376174486346455,
          0.8069622877729503,
          1.0980975033614995,
          0.917953886804407,
          1.7324653709497797
        ],
        [
          1.5129549997555203,
          0.5874551394375762,
          1.386438660441985,
          0.44577500785197277,
          0.3607335028698051,
          0.6745740922050892,
          0.9989428755722638,
          1.0520724863735782,
          1.134819648020481,
          1.2037537468360568,
          0.41904644809207814,
          1.1247456563317098,
          0.7874352489037195,
          0.757687116883709,
          0.5958995951712153,
          0.8174330972235542
        ],
        [
          0.4825915894569778,
          1.0318793187127562,
          1.1868016712033125,
          0.4325160473560765,
          0.46041105766167634,
          1.4955745957608775,
          0.9275322777103173,
          1.1211381084635064,
          0.6238218580771193,
          0.8376174486346455,
          1.1247456563317098,
          0.07705062476971647,
          0.6122112722042689,
          0.3592632219259191,
          0.9724023528782014,
          1.1163632966716253
        ],
        [
          1.6156562425560748,
          0.8666151054238864,
          0.6373659129032346,
          0.5628764754863359,
          1.5277555971734995,
          1.3772833011660959,
          1.6628821745453133,
          0.9710669500788192,
          0.6238205808949131,
          0.8069622877729503,
          0.7874352489037195,
          0.6122112722042689,
          1.3309498156560113,
          0.7265400462893191,
          1.0129397515430174,
          0.8042835665163895
        ],
        [
          0.9102354629077667,
          0.7108310602213652,
          0.9887301992161548,
          0.5049217135995284,
          1.0721359894213538,
          1.007795100910811,
          0.27863049089151215,
          0.8529680544296578,
          1.5290724417133552,
          1.0980975033614995,
          0.757687116883709,
          0.3592632219259191,
          0.7265400462893191,
          1.8309183914434783,
          0.3979776451839596,
          0.03342003588257869
        ],
        [
          0.5980265876994308,
          1.7841202129013047,
          1.3201754120623808,
          0.7124419280741204,
          1.4095064618105182,
          1.5243613986489084,
          1.490551893999684,
          1.1447470362505865,
          0.4601431355443182,
          0.917953886804407,
          0.5958995951712153,
          0.9724023528782014,
          1.0129397515430174,
          0.3979776451839596,
          1.2908323541821307,
          0.5742457046721455
        ],
        [
          0.2777281717676876,
          0.7491773611407576,
          0.614451466573212,
          0.8636858710245747,
          0.016904957520914365,
          0.9039907813200314,
          1.155270848524455,
          0.8656975936964008,
          0.7976272682208275,
          1.7324653709497797,
          0.8174330972235542,
          1.1163632966716253,
          0.8042835665163895,
          0.03342003588257869,
          0.5742457046721455,
          1.4023332945429423
        ]
      ],
      "b_vector": [
        0.21463673832877422,
        0.406109689874022,
        0.023822689952428647,
        0.07434570669843378,
        0.017463966677612686,
        0.25710487982481367,
        0.2077531655346996,
        0.2078462830542797,
        0.21338603060559275,
        0.20282887367950797,
        0.36716583495017807,
        0.04077500684016315,
        0.38046965899864077,
        0.1046375688135849,
        0.40918783996436675,
        0.28957632666412125
      ]
    }
  ],
  "shots": 2000,
  "backend": "sv1",
  "device_arn": "SV1",
  "aws_region": "eu-west-2",
  "ideal_preprocessing_list": [
    [
      [
        -2.2690661004746175,
        -2.0201512612948744,
        -1.4445058977207619,
        -0.9722374449604892,
        -0.5987185087496724,
        -0.5103371820084692,
        -0.40115290177898516,
        0.43889007047197776,
        0.6598454268285995,
        0.7952628012331321,
        0.862939994565833,
        1.6701852069173104,
        2.1104502126139044,
        2.671035915037361,
        3.107437578561184,
        15.137081383530115
      ],
      [
        0.08865488635863326,
        0.06000462563644647,
        0.06759059845791807,
        0.2041887870343278,
        0.13256614526243699,
        0.012823121939447568,
        0.19990158108804193,
        0.1547028058382416,
        0.11726578153566068,
        0.2514219928756336,
        0.03653436841450987,
        0.0455077402304597,
        0.0007382918759162721,
        0.03361795957556363,
        0.21783725171868562,
        0.8553903282481375
      ]
    ]
  ],
  "probability_threshold": 0,
  "k_qubits": 6,
  "preprocessing_mode": "ideal",
  "projection_mode": "all_components",
  "projection_subset": null,
  "num_solution_qubits": 4,
  "num_projections": 16,
  "projector_basis_states": [
    0,
    1,
    2,
    3,
    4,
    5,
    6,
    7,
    8,
    9,
    10,
    11,
    12,
    13,
    14,
    15
  ],
  "enhanced_projection_results": [
    {
      "problem_index": 0,
      "projection_tasks": [
        {
          "basis_state": 0,
          "task_id": "arn:aws:braket:eu-west-2:380012739362:quantum-task/a518adff-91a2-4ce9-9891-529744d506e0",
          "shots": 2000,
          "projector_index": 0
        },
        {
          "basis_state": 1,
          "task_id": "arn:aws:braket:eu-west-2:380012739362:quantum-task/0ed566d7-bf36-42a1-a9af-09a81c7d0907",
          "shots": 2000,
          "projector_index": 1
        },
        {
          "basis_state": 2,
          "task_id": "arn:aws:braket:eu-west-2:380012739362:quantum-task/48970adf-9bee-470b-8060-e22f742dacef",
          "shots": 2000,
          "projector_index": 2
        },
        {
          "basis_state": 3,
          "task_id": "arn:aws:braket:eu-west-2:380012739362:quantum-task/41a81eeb-45cf-42a3-bd1e-882df4830d44",
          "shots": 2000,
          "projector_index": 3
        },
        {
          "basis_state": 4,
          "task_id": "arn:aws:braket:eu-west-2:380012739362:quantum-task/9dcc647a-fe3d-45a9-999e-3bb8d7217e98",
          "shots": 2000,
          "projector_index": 4
        },
        {
          "basis_state": 5,
          "task_id": "arn:aws:braket:eu-west-2:380012739362:quantum-task/c8b04b18-6e14-495e-970f-28a3f705649a",
          "shots": 2000,
          "projector_index": 5
        },
        {
          "basis_state": 6,
          "task_id": "arn:aws:braket:eu-west-2:380012739362:quantum-task/d8cffcbc-1b59-408e-b520-735658d1f1f0",
          "shots": 2000,
          "projector_index": 6
        },
        {
          "basis_state": 7,
          "task_id": "arn:aws:braket:eu-west-2:380012739362:quantum-task/998e6287-eb66-45f3-b037-f849f9e970a2",
          "shots": 2000,
          "projector_index": 7
        },
        {
          "basis_state": 8,
          "task_id": "arn:aws:braket:eu-west-2:380012739362:quantum-task/a73d2755-5380-464b-99ec-aca13e5d9cbb",
          "shots": 2000,
          "projector_index": 8
        },
        {
          "basis_state": 9,
          "task_id": "arn:aws:braket:eu-west-2:380012739362:quantum-task/1acad541-b15d-4f80-9e3d-f1f1467d78ed",
          "shots": 2000,
          "projector_index": 9
        },
        {
          "basis_state": 10,
          "task_id": "arn:aws:braket:eu-west-2:380012739362:quantum-task/2e8b7269-8169-4a73-9494-e3538a0cb23b",
          "shots": 2000,
          "projector_index": 10
        },
        {
          "basis_state": 11,
          "task_id": "arn:aws:braket:eu-west-2:380012739362:quantum-task/b6bbd644-4568-4626-be8d-12ab1b99db01",
          "shots": 2000,
          "projector_index": 11
        },
        {
          "basis_state": 12,
          "task_id": "arn:aws:braket:eu-west-2:380012739362:quantum-task/6f49d329-a39e-4f26-806d-e2be1f6f1237",
          "shots": 2000,
          "projector_index": 12
        },
        {
          "basis_state": 13,
          "task_id": "arn:aws:braket:eu-west-2:380012739362:quantum-task/914bc4d0-1f55-46f5-b3f9-cc3fc56e8f4e",
          "shots": 2000,
          "projector_index": 13
        },
        {
          "basis_state": 14,
          "task_id": "arn:aws:braket:eu-west-2:380012739362:quantum-task/0d832c0d-a99e-4f75-bb56-8285575a3fac",
          "shots": 2000,
          "projector_index": 14
        },
        {
          "basis_state": 15,
          "task_id": "arn:aws:braket:eu-west-2:380012739362:quantum-task/586d345f-d5dd-4c6b-9a39-a34575d16463",
          "shots": 2000,
          "projector_index": 15
        }
      ],
      "depth": 9018,
      "num_projections": 16,
      "ideal_solution": [
        {
          "real": 0.05585243865795188,
          "imag": 0.0
        },
        {
          "real": 0.4394383486281407,
          "imag": 0.0
        },
        {
          "real": 0.046067269549951335,
          "imag": 0.0
        },
        {
          "real": -0.28611063252338115,
          "imag": 0.0
        },
        {
          "real": 0.14803658955536328,
          "imag": 0.0
        },
        {
          "real": -0.12359487529862592,
          "imag": 0.0
        },
        {
          "real": 0.22881418384683938,
          "imag": 0.0
        },
        {
          "real": -0.22746380566741206,
          "imag": 0.0
        },
        {
          "real": 0.1569843560897057,
          "imag": 0.0
        },
        {
          "real": -0.20845092539294094,
          "imag": 0.0
        },
        {
          "real": 0.08555578789544493,
          "imag": 0.0
        },
        {
          "real": 0.3224155425721103,
          "imag": 0.0
        },
        {
          "real": 0.13169979131477372,
          "imag": 0.0
        },
        {
          "real": -0.05556295257688907,
          "imag": 0.0
        },
        {
          "real": -0.5725365883197967,
          "imag": 0.0
        },
        {
          "real": 0.22563032560786522,
          "imag": 0.0
        }
      ]
    }
  ]
}