{
  "problem_list": [
    {
      "A_matrix": [
        [
          0.36264838311290193,
          1.4637109342230943,
          0.613134713398327,
          0.9402380195763647,
          0.2909951521111849,
          1.1887154362235017,
          0.8786273776284371,
          0.9642625617669895
        ],
        [
          1.4637109342230943,
          1.1828938617784668,
          0.9765192034807383,
          0.9193794455054377,
          0.6046192944142987,
          0.6979161856958486,
          0.7870270200605821,
          0.11996158878330143
        ],
        [
          0.613134713398327,
          0.9765192034807383,
          0.23951526914542898,
          0.503803588125117,
          1.1472729462082008,
          0.8080507464005261,
          0.9098958964819837,
          0.28484271399105365
        ],
        [
          0.9402380195763647,
          0.9193794455054377,
          0.503803588125117,
          1.879062892118583,
          0.36253569702617394,
          0.9966744059496938,
          0.5460273557983791,
          0.6131680520607256
        ],
        [
          0.2909951521111849,
          0.6046192944142987,
          1.1472729462082008,
          0.36253569702617394,
          1.0537162482925306,
          1.2443453211125215,
          0.415676309186941,
          0.34518712783067584
        ],
        [
          1.1887154362235017,
          0.6979161856958486,
          0.8080507464005261,
          0.9966744059496938,
          1.2443453211125215,
          0.9442460336560092,
          0.10738267784719502,
          1.6491281419825647
        ],
        [
          0.8786273776284371,
          0.7870270200605821,
          0.9098958964819837,
          0.5460273557983791,
          0.415676309186941,
          0.10738267784719502,
          0.9250559679464461,
          1.7661593505274853
        ],
        [
          0.9642625617669895,
          0.11996158878330143,
          0.28484271399105365,
          0.6131680520607256,
          0.34518712783067584,
          1.6491281419825647,
          1.7661593505274853,
          0.4035123249428725
        ]
      ],
      "b_vector": [
        0.38856499775612485,
        0.24475035470277168,
        0.40288353985660835,
        0.4771911223031227,
        0.2767590837550208,
        0.514925915412181,
        0.23213152882816915,
        0.05881034789261922
      ]
    }
  ],
  "shots": 2000,
  "backend": "sv1",
  "device_arn": "SV1",
  "aws_region": "eu-west-2",
  "ideal_preprocessing_list": [
    [
      [
        -1.965903689004822,
        -1.0936331659209764,
        -0.7708547625769552,
        0.36931915557340755,
        1.1031344826549718,
        1.4161102857688554,
        1.448136573870731,
        6.484342100628027
      ],
      [
        0.17990156459953363,
        0.10512264222862727,
        0.17111534691539065,
        0.04635565053222758,
        0.09174709474839104,
        0.04382257369020548,
        0.22339785302543427,
        0.9300058068438573
      ]
    ]
  ],
  "probability_threshold": 0,
  "k_qubits": 5,
  "preprocessing_mode": "ideal",
  "projection_mode": "all_components",
  "projection_subset": null,
  "num_solution_qubits": 3,
  "num_projections": 8,
  "projector_basis_states": [
    0,
    1,
    2,
    3,
    4,
    5,
    6,
    7
  ],
  "enhanced_projection_results": [
    {
      "problem_index": 0,
      "projection_tasks": [
        {
          "basis_state": 0,
          "task_id": "arn:aws:braket:eu-west-2:380012739362:quantum-task/8ec80cf5-5c0f-465b-8c64-9a660c3af9c4",
          "shots": 2000,
          "projector_index": 0
        },
        {
          "basis_state": 1,
          "task_id": "arn:aws:braket:eu-west-2:380012739362:quantum-task/6a80899a-e12e-4deb-9c91-7d9390c1a47e",
          "shots": 2000,
          "projector_index": 1
        },
        {
          "basis_state": 2,
          "task_id": "arn:aws:braket:eu-west-2:380012739362:quantum-task/14c840b9-a67d-4462-b5d8-ec602d464cf1",
          "shots": 2000,
          "projector_index": 2
        },
        {
          "basis_state": 3,
          "task_id": "arn:aws:braket:eu-west-2:380012739362:quantum-task/66053f7a-7a2f-4ed3-9102-54739a5506b6",
          "shots": 2000,
          "projector_index": 3
        },
        {
          "basis_state": 4,
          "task_id": "arn:aws:braket:eu-west-2:380012739362:quantum-task/78a873dc-cbf3-41d5-9893-4be533da5be2",
          "shots": 2000,
          "projector_index": 4
        },
        {
          "basis_state": 5,
          "task_id": "arn:aws:braket:eu-west-2:380012739362:quantum-task/a59440e7-1c69-4ded-96d4-56666bb5654f",
          "shots": 2000,
          "projector_index": 5
        },
        {
          "basis_state": 6,
          "task_id": "arn:aws:braket:eu-west-2:380012739362:quantum-task/e2a7d88c-aa07-4548-b924-2bc3e0f9d6cf",
          "shots": 2000,
          "projector_index": 6
        },
        {
          "basis_state": 7,
          "task_id": "arn:aws:braket:eu-west-2:380012739362:quantum-task/34ce37a8-2acc-40a9-8c45-d7ebfdcff7b9",
          "shots": 2000,
          "projector_index": 7
        }
      ],
      "depth": 2004,
      "num_projections": 8,
      "ideal_solution": [
        {
          "real": -0.23424954135368117,
          "imag": 0.0
        },
        {
          "real": 0.35627021712153933,
          "imag": 0.0
        },
        {
          "real": -0.23673275197373414,
          "imag": 0.0
        },
        {
          "real": 0.5545802959815433,
          "imag": 0.0
        },
        {
          "real": 0.6390945489531301,
          "imag": 0.0
        },
        {
          "real": -0.006960373344328003,
          "imag": 0.0
        },
        {
          "real": -0.11921043454029925,
          "imag": 0.0
        },
        {
          "real": 0.17859330115584743,
          "imag": 0.0
        }
      ]
    }
  ]
}