{
  "problem_list": [
    {
      "A_matrix": [
        [
          0.5592114752285189,
          0.38132871903438226,
          0.5896587038714681,
          0.3939893700976953,
          0.8838385925699428,
          0.5839504099625488,
          1.210063829001346,
          1.1661954133751804
        ],
        [
          0.38132871903438226,
          1.1875131744739276,
          0.9293936896777818,
          1.192199382821185,
          1.3103341791229557,
          1.0172530975032537,
          0.8056251106711407,
          1.9159936636464763
        ],
        [
          0.5896587038714681,
          0.9293936896777818,
          0.9439402631734655,
          0.37500082518598765,
          1.1290862514367013,
          1.0767198677438539,
          0.36967109508963725,
          0.9901917550297749
        ],
        [
          0.3939893700976953,
          1.192199382821185,
          0.37500082518598765,
          1.7986126666666056,
          0.7464387066662785,
          0.9597948194590409,
          0.7706481140638091,
          0.9174081939194667
        ],
        [
          0.8838385925699428,
          1.3103341791229557,
          1.1290862514367013,
          0.7464387066662785,
          1.5127256268008047,
          1.062928419366584,
          1.252570945437002,
          0.4213947943266817
        ],
        [
          0.5839504099625488,
          1.0172530975032537,
          1.0767198677438539,
          0.9597948194590409,
          1.062928419366584,
          0.296190556628972,
          0.1972793838536161,
          0.9526111724106368
        ],
        [
          1.210063829001346,
          0.8056251106711407,
          0.36967109508963725,
          0.7706481140638091,
          1.252570945437002,
          0.1972793838536161,
          0.1199172043026937,
          0.8668796654976691
        ],
        [
          1.1661954133751804,
          1.9159936636464763,
          0.9901917550297749,
          0.9174081939194667,
          0.4213947943266817,
          0.9526111724106368,
          0.8668796654976691,
          1.771472977107956
        ]
      ],
      "b_vector": [
        0.10473029126192736,
        0.6117290273356348,
        0.5899338703570064,
        0.29500737480875566,
        0.05196712316287015,
        0.36547923672509075,
        0.08829656317676174,
        0.18893359464486864
      ]
    }
  ],
  "shots": 2000,
  "backend": "sv1",
  "device_arn": "SV1",
  "aws_region": "eu-west-2",
  "ideal_preprocessing_list": [
    [
      [
        -1.2438191418577504,
        -1.0687695463324203,
        -0.5374865496426876,
        0.16769822985876043,
        0.848028018260991,
        1.2134178211459206,
        1.436207293297826,
        7.374307819652303
      ],
      [
        0.028534592680676294,
        0.3386710545425706,
        0.14237636536298698,
        0.09560849658914788,
        0.40986621991202843,
        0.015609450110459777,
        0.10410836622114189,
        0.8221941101264334
      ]
    ]
  ],
  "probability_threshold": 0,
  "k_qubits": 5,
  "preprocessing_mode": "ideal",
  "projection_mode": "all_components",
  "projection_subset": null,
  "num_solution_qubits": 3,
  "num_projections": 8,
  "projector_basis_states": [
    0,
    1,
    2,
    3,
    4,
    5,
    6,
    7
  ],
  "enhanced_projection_results": [
    {
      "problem_index": 0,
      "projection_tasks": [
        {
          "basis_state": 0,
          "task_id": "arn:aws:braket:eu-west-2:380012739362:quantum-task/96bfa18f-8c43-48da-8329-4083ef17ae9e",
          "shots": 2000,
          "projector_index": 0
        },
        {
          "basis_state": 1,
          "task_id": "arn:aws:braket:eu-west-2:380012739362:quantum-task/01a63b7d-64ee-4332-a53c-3aaeacb79867",
          "shots": 2000,
          "projector_index": 1
        },
        {
          "basis_state": 2,
          "task_id": "arn:aws:braket:eu-west-2:380012739362:quantum-task/264621b6-9fad-4887-ae73-911d7d911a46",
          "shots": 2000,
          "projector_index": 2
        },
        {
          "basis_state": 3,
          "task_id": "arn:aws:braket:eu-west-2:380012739362:quantum-task/b5607be1-aaf7-4f4f-b39c-bb152dd5594a",
          "shots": 2000,
          "projector_index": 3
        },
        {
          "basis_state": 4,
          "task_id": "arn:aws:braket:eu-west-2:380012739362:quantum-task/e57b402a-ea2b-4f4a-bb81-a3ea167987a4",
          "shots": 2000,
          "projector_index": 4
        },
        {
          "basis_state": 5,
          "task_id": "arn:aws:braket:eu-west-2:380012739362:quantum-task/8e151709-db3c-4b04-9d42-c8fa5bdbfd99",
          "shots": 2000,
          "projector_index": 5
        },
        {
          "basis_state": 6,
          "task_id": "arn:aws:braket:eu-west-2:380012739362:quantum-task/e59c7998-df7f-4610-adb2-55a1dac6ed22",
          "shots": 2000,
          "projector_index": 6
        },
        {
          "basis_state": 7,
          "task_id": "arn:aws:braket:eu-west-2:380012739362:quantum-task/e9c5de91-03d9-4998-a7f4-7a9b1268434d",
          "shots": 2000,
          "projector_index": 7
        }
      ],
      "depth": 1897,
      "num_projections": 8,
      "ideal_solution": [
        {
          "real": -0.08653519541312096,
          "imag": 0.0
        },
        {
          "real": -0.4118830354915493,
          "imag": 0.0
        },
        {
          "real": 0.39325317348750316,
          "imag": 0.0
        },
        {
          "real": 0.1775058715321533,
          "imag": 0.0
        },
        {
          "real": -0.0070393326591471315,
          "imag": 0.0
        },
        {
          "real": 0.5835419185550536,
          "imag": 0.0
        },
        {
          "real": -0.4880297307396836,
          "imag": 0.0
        },
        {
          "real": 0.24075691296752275,
          "imag": 0.0
        }
      ]
    }
  ]
}