{
  "problem_list": [
    {
      "A_matrix": [
        [
          1.2028713193966454,
          1.3422946895460561,
          0.7073484576502879,
          1.519952281197086,
          0.9132167976222305,
          1.389253397177433,
          0.970249283558669,
          0.7788981186389136,
          1.303044334207618,
          0.8178181422786739,
          0.1631934744159924,
          1.3756929928213515,
          0.9837971089480291,
          0.5183833134311535,
          1.224619934623579,
          0.9912699728872206
        ],
        [
          1.3422946895460561,
          1.8549311252510883,
          0.7816559376353724,
          0.35551191241096947,
          1.3166228498714005,
          0.9258448048973784,
          0.8472478906715766,
          0.7110623850929404,
          1.0975952426194264,
          1.1746250487277976,
          1.092266431401757,
          0.8763806985034874,
          0.9792228800346939,
          1.8154234282120156,
          0.765539576875236,
          0.7972308513039836
        ],
        [
          0.7073484576502879,
          0.7816559376353724,
          1.175757849218585,
          1.5947883483667336,
          0.7872765404999305,
          1.638054646571161,
          0.7217063342089842,
          0.8450439097232657,
          0.6783832734338769,
          1.0226617045470716,
          0.910233506042171,
          1.7048912742560736,
          1.283537450327855,
          1.1691985884281912,
          0.7106452808132012,
          0.1410362558581857
        ],
        [
          1.519952281197086,
          0.35551191241096947,
          1.5947883483667336,
          0.1491754336219302,
          1.109559790740462,
          0.5263053364336012,
          0.9092166412967008,
          1.3442528212793903,
          0.7325627911977906,
          0.571739613742907,
          0.9873359313436294,
          0.8931744797502218,
          1.4846051911458837,
          1.000375936891047,
          0.47476425055099114,
          0.7079209365603073
        ],
        [
          0.9132167976222305,
          1.3166228498714005,
          0.7872765404999305,
          1.109559790740462,
          0.28791699748329824,
          1.0863552558370315,
          1.5185560947306307,
          0.9938808492767955,
          1.3017351152087393,
          0.4875617857876513,
          0.545704672931232,
          0.5302076961719664,
          1.613298342580558,
          0.9950177898794335,
          1.0217703239832625,
          1.128106516804909
        ],
        [
          1.389253397177433,
          0.9258448048973784,
          1.638054646571161,
          0.5263053364336012,
          1.0863552558370315,
          0.11633763000913322,
          0.6425044213212895,
          0.8681642184743669,
          1.1827975410589542,
          0.9364585701015651,
          0.9552686779272268,
          1.783477972960215,
          1.5964819567592743,
          0.8267274224151329,
          1.5973146050865472,
          0.9236510239081523
        ],
        [
          0.970249283558669,
          0.8472478906715766,
          0.7217063342089842,
          0.9092166412967008,
          1.5185560947306307,
          0.6425044213212895,
          0.7967936895617242,
          0.3094768769022812,
          0.9679831774489833,
          0.9461489151098108,
          1.2836723317396914,
          0.8457988561283474,
          1.423006560048845,
          0.388330890762441,
          0.2918453911827348,
          0.550306978600013
        ],
        [
          0.7788981186389136,
          0.7110623850929404,
          0.8450439097232657,
          1.3442528212793903,
          0.9938808492767955,
          0.8681642184743669,
          0.3094768769022812,
          0.0942537730387405,
          0.6638316867966647,
          1.3193590551225889,
          0.7789011154115505,
          0.7985056905564324,
          0.6343826245136596,
          1.411148557105018,
          1.7615362789113573,
          1.1153149217218257
        ],
        [
          1.303044334207618,
          1.0975952426194264,
          0.6783832734338769,
          0.7325627911977906,
          1.3017351152087393,
          1.1827975410589542,
          0.9679831774489833,
          0.6638316867966647,
          1.4856325812101667,
          1.3867568506680268,
          0.13645711497858748,
          1.014541054805369,
          0.7489118840076814,
          1.2833330217427072,
          1.5363151123982646,
          0.6996673614030181
        ],
        [
          0.8178181422786739,
          1.1746250487277976,
          1.0226617045470716,
          0.571739613742907,
          0.4875617857876513,
          0.9364585701015651,
          0.9461489151098108,
          1.3193590551225889,
          1.3867568506680268,
          1.145026808587348,
          1.3967488685660303,
          0.822646612334864,
          1.1281311123633522,
          0.9192324229888651,
          1.4825742055279725,
          0.255879918933824
        ],
        [
          0.1631934744159924,
          1.092266431401757,
          0.910233506042171,
          0.9873359313436294,
          0.545704672931232,
          0.9552686779272268,
          1.2836723317396914,
          0.7789011154115505,
          0.13645711497858748,
          1.3967488685660303,
          1.3907458386176434,
          1.8323854153169798,
          1.3825767901355699,
          0.9049749049454149,
          1.6033972173716968,
          1.0151679576315298
        ],
        [
          1.3756929928213515,
          0.8763806985034874,
          1.7048912742560736,
          0.8931744797502218,
          0.5302076961719664,
          1.783477972960215,
          0.8457988561283474,
          0.7985056905564324,
          1.014541054805369,
          0.822646612334864,
          1.8323854153169798,
          1.0290297594907285,
          1.0547063407291648,
          0.23545993647845664,
          0.9720818144515165,
          1.0850220108840345
        ],
        [
          0.9837971089480291,
          0.9792228800346939,
          1.283537450327855,
          1.4846051911458837,
          1.613298342580558,
          1.5964819567592743,
          1.423006560048845,
          0.6343826245136596,
          0.7489118840076814,
          1.1281311123633522,
          1.3825767901355699,
          1.0547063407291648,
          0.6143918622674829,
          0.7257810728457735,
          1.1994750807818495,
          0.2118335218710059
        ],
        [
          0.5183833134311535,
          1.8154234282120156,
          1.1691985884281912,
          1.000375936891047,
          0.9950177898794335,
          0.8267274224151329,
          0.388330890762441,
          1.411148557105018,
          1.2833330217427072,
          0.9192324229888651,
          0.9049749049454149,
          0.23545993647845664,
          0.7257810728457735,
          1.7195395361936991,
          1.4084369120751419,
          0.7448783604725757
        ],
        [
          1.224619934623579,
          0.765539576875236,
          0.7106452808132012,
          0.47476425055099114,
          1.0217703239832625,
          1.5973146050865472,
          0.2918453911827348,
          1.7615362789113573,
          1.5363151123982646,
          1.4825742055279725,
          1.6033972173716968,
          0.9720818144515165,
          1.1994750807818495,
          1.4084369120751419,
          0.2086483981593723,
          0.6993078031996315
        ],
        [
          0.9912699728872206,
          0.7972308513039836,
          0.1410362558581857,
          0.7079209365603073,
          1.128106516804909,
          0.9236510239081523,
          0.550306978600013,
          1.1153149217218257,
          0.6996673614030181,
          0.255879918933824,
          1.0151679576315298,
          1.0850220108840345,
          0.2118335218710059,
          0.7448783604725757,
          0.6993078031996315,
          0.07292966679792867
        ]
      ],
      "b_vector": [
        0.4186977661745636,
        0.30863262844506595,
        0.4437611261131445,
        0.033526955206925876,
        0.057407763395768245,
        0.0638339637663834,
        0.2751092600159797,
        0.06483460635227681,
        0.2935159734628925,
        0.1794835708005092,
        0.043042925460767024,
        0.31811959160213177,
        0.12353299102448469,
        0.26827371400074884,
        0.038322655711329305,
        0.3660771391862112
      ]
    }
  ],
  "shots": 2000,
  "backend": "sv1",
  "device_arn": "SV1",
  "aws_region": "eu-west-2",
  "ideal_preprocessing_list": [
    [
      [
        -2.6948977196542088,
        -2.276951101276889,
        -1.9491561363771936,
        -1.5655790247720485,
        -1.4245407750481895,
        -1.0519236487904893,
        -0.6050060777716653,
        -0.12170759677254939,
        0.15953461848221598,
        0.8347745324584023,
        1.0202009863208858,
        1.238992669777537,
        1.4488570958974973,
        1.942073656257019,
        2.6031788580445543,
        15.78613193213064
      ],
      [
        0.08775136772618841,
        0.2803054500047015,
        0.007455169396744791,
        0.046947511529344454,
        0.10394194746088041,
        0.15869727458859387,
        0.05041572913784424,
        0.28999751067686824,
        0.010618332141245256,
        0.23351336017528412,
        0.1773328676478172,
        0.011203726506758702,
        0.019529529263829618,
        0.20561601129713597,
        0.046884323132690475,
        0.8110293794055503
      ]
    ]
  ],
  "probability_threshold": 0,
  "k_qubits": 3,
  "preprocessing_mode": "ideal",
  "projection_mode": "all_components",
  "projection_subset": null,
  "num_solution_qubits": 4,
  "num_projections": 16,
  "projector_basis_states": [
    0,
    1,
    2,
    3,
    4,
    5,
    6,
    7,
    8,
    9,
    10,
    11,
    12,
    13,
    14,
    15
  ],
  "enhanced_projection_results": [
    {
      "problem_index": 0,
      "projection_tasks": [
        {
          "basis_state": 0,
          "task_id": "arn:aws:braket:eu-west-2:380012739362:quantum-task/fd629b35-0b31-4dc0-be41-0f9c85a83b17",
          "status": "DONE",
          "shots": 2000,
          "created_at": "2025-12-22 18:47:58.850000+00:00",
          "ended_at": "2025-12-22 18:48:02.573000+00:00",
          "execution_time_seconds": 3.723,
          "counts": {
            "01000001": 36,
            "11000000": 171,
            "11100000": 77,
            "10000000": 141,
            "00100001": 85,
            "00000000": 195,
            "01000000": 62,
            "01100000": 57,
            "11010001": 12,
            "11110001": 35,
            "10110000": 79,
            "11110000": 135,
            "10011000": 6,
            "00100000": 148,
            "01010001": 19,
            "00000001": 8,
            "10010011": 3,
            "00010000": 113,
            "11010000": 82,
            "01111001": 1,
            "00010100": 4,
            "01010000": 34,
            "00000101": 11,
            "01100001": 14,
            "01110000": 51,
            "10101010": 2,
            "10111011": 4,
            "10100000": 25,
            "01110001": 11,
            "10010000": 56,
            "10111000": 3,
            "11000001": 39,
            "10101001": 9,
            "11100001": 27,
            "10101100": 3,
            "11110011": 1,
            "10100001": 1,
            "00110000": 12,
            "00011001": 21,
            "10111001": 6,
            "00111000": 6,
            "00011000": 5,
            "00010101": 10,
            "11101011": 2,
            "10110001": 27,
            "10110111": 1,
            "11111100": 2,
            "00001001": 11,
            "10011001": 12,
            "10101000": 1,
            "01110101": 1,
            "00110001": 11,
            "01011001": 4,
            "01111101": 1,
            "11111101": 8,
            "10010001": 3,
            "10001010": 1,
            "11100111": 2,
            "01011011": 2,
            "01000011": 2,
            "01101001": 1,
            "10011010": 4,
            "10100011": 2,
            "10001001": 3,
            "01100010": 2,
            "11111000": 6,
            "00010001": 4,
            "11101110": 1,
            "11110010": 1,
            "11011001": 3,
            "10010100": 2,
            "01101000": 3,
            "00001100": 2,
            "11001101": 1,
            "01011010": 2,
            "00111010": 2,
            "10001000": 2,
            "01011000": 5,
            "11000010": 1,
            "10101011": 1,
            "00100101": 4,
            "10010101": 1,
            "00011011": 1,
            "11101000": 2,
            "00110100": 1,
            "10100111": 2,
            "01001000": 1,
            "00001000": 3,
            "00101101": 3,
            "11001000": 1,
            "10100010": 1,
            "01110010": 1,
            "11001110": 1,
            "11010011": 1,
            "00111011": 2,
            "00111101": 1,
            "01110111": 2,
            "01110011": 1,
            "00011010": 1,
            "01010011": 1,
            "01111010": 1,
            "10000001": 1,
            "11110100": 1,
            "00101100": 1,
            "01001101": 1,
            "01000100": 1,
            "10001110": 1,
            "00111001": 2,
            "11101001": 1
          },
          "component_probability": 0.06263048016701461,
          "success_rate": 0.2395
        },
        {
          "basis_state": 1,
          "task_id": "arn:aws:braket:eu-west-2:380012739362:quantum-task/4d71ebd5-52e3-4351-b9cf-75ed0b04ea12",
          "status": "DONE",
          "shots": 2000,
          "created_at": "2025-12-22 18:48:01.559000+00:00",
          "ended_at": "2025-12-22 18:48:05.693000+00:00",
          "execution_time_seconds": 4.134,
          "counts": {
            "11010000": 83,
            "00000000": 242,
            "11110000": 122,
            "01100000": 78,
            "10000000": 120,
            "00010000": 101,
            "01000000": 74,
            "01100001": 14,
            "10110000": 87,
            "00010001": 10,
            "10110100": 2,
            "00011000": 14,
            "11000000": 152,
            "00100000": 159,
            "01010001": 23,
            "00100001": 93,
            "10101001": 8,
            "00011001": 16,
            "11100000": 75,
            "00110000": 10,
            "11100001": 44,
            "01110000": 47,
            "11010001": 13,
            "00110110": 1,
            "01010000": 38,
            "10010001": 3,
            "01001000": 4,
            "10100000": 20,
            "11110001": 26,
            "10011000": 2,
            "11000001": 37,
            "10010000": 35,
            "01000001": 35,
            "11111000": 5,
            "10110001": 20,
            "10011001": 7,
            "00110001": 15,
            "00010101": 5,
            "10010101": 4,
            "01011000": 6,
            "00001001": 18,
            "01111101": 2,
            "00001000": 2,
            "10100111": 1,
            "00010100": 2,
            "10000011": 1,
            "10111000": 5,
            "11010010": 1,
            "11100011": 2,
            "11011111": 1,
            "00000101": 4,
            "00011010": 1,
            "11101111": 1,
            "10001001": 2,
            "10101010": 4,
            "00100101": 1,
            "10001000": 3,
            "10100011": 3,
            "11101001": 5,
            "11001000": 1,
            "10110110": 1,
            "00111101": 4,
            "01110001": 11,
            "01110111": 1,
            "01111100": 1,
            "00011110": 1,
            "00100111": 1,
            "10111001": 5,
            "01101101": 3,
            "10000001": 1,
            "10101000": 2,
            "00000001": 4,
            "01001010": 1,
            "10010010": 2,
            "11110100": 1,
            "10100001": 2,
            "11101010": 1,
            "10001011": 1,
            "01011011": 2,
            "00100011": 1,
            "10011100": 1,
            "01111000": 2,
            "11011001": 2,
            "11011000": 2,
            "01101001": 1,
            "01011100": 1,
            "00111001": 1,
            "00110100": 1,
            "11101000": 2,
            "00101100": 1,
            "00111010": 2,
            "01011001": 4,
            "00111100": 1,
            "01100101": 1,
            "01010111": 1,
            "00001100": 3,
            "11001100": 1,
            "11110111": 1,
            "10011010": 2,
            "10010111": 1,
            "10111101": 1,
            "11011010": 1,
            "11111101": 2,
            "11101101": 1,
            "01000011": 1,
            "10010110": 1,
            "11111100": 2,
            "00011101": 1,
            "00101101": 1,
            "10010011": 1,
            "01101000": 1
          },
          "component_probability": 0.06808510638297872,
          "success_rate": 0.235
        },
        {
          "basis_state": 2,
          "task_id": "arn:aws:braket:eu-west-2:380012739362:quantum-task/cd137a70-8e4a-48de-a0b8-eb589a66fc3e",
          "status": "DONE",
          "shots": 2000,
          "created_at": "2025-12-22 18:48:03.881000+00:00",
          "ended_at": "2025-12-22 18:48:07.659000+00:00",
          "execution_time_seconds": 3.778,
          "counts": {
            "01100001": 16,
            "11110000": 136,
            "00010000": 103,
            "00100000": 167,
            "01000001": 39,
            "01100000": 71,
            "10110000": 88,
            "11000000": 181,
            "11000001": 42,
            "00000000": 186,
            "01010000": 34,
            "00100001": 93,
            "11110001": 37,
            "10000000": 105,
            "10000100": 1,
            "01110000": 44,
            "01100100": 2,
            "10010100": 1,
            "10010101": 7,
            "10010000": 42,
            "10011001": 13,
            "10110001": 21,
            "11100001": 33,
            "11010000": 73,
            "10001010": 3,
            "11100000": 89,
            "01100011": 1,
            "00011000": 9,
            "01000000": 64,
            "10111001": 7,
            "00011010": 1,
            "11101010": 3,
            "10100000": 23,
            "00001000": 3,
            "00110001": 11,
            "00111000": 4,
            "01010001": 21,
            "11101111": 2,
            "01111001": 2,
            "00101101": 3,
            "00000001": 9,
            "01110001": 14,
            "10001001": 7,
            "10010011": 1,
            "11111000": 6,
            "00011001": 20,
            "10010001": 6,
            "01101001": 1,
            "00001001": 5,
            "00110000": 13,
            "10110110": 1,
            "00000101": 4,
            "00100101": 2,
            "10101001": 7,
            "10101010": 4,
            "11011000": 1,
            "11000111": 1,
            "01101000": 4,
            "00010010": 1,
            "11010011": 2,
            "00111001": 1,
            "11101000": 2,
            "11010001": 13,
            "00010100": 3,
            "01011001": 2,
            "00000100": 2,
            "00111010": 1,
            "10011000": 5,
            "00010101": 5,
            "10100111": 1,
            "00010001": 6,
            "10110101": 1,
            "01011011": 2,
            "10100001": 2,
            "11111101": 3,
            "11101001": 4,
            "11100011": 1,
            "11001000": 1,
            "10010010": 1,
            "01110011": 1,
            "01001010": 1,
            "11001101": 2,
            "10100011": 1,
            "00111101": 2,
            "11111100": 1,
            "00110100": 1,
            "11110100": 2,
            "11010100": 1,
            "01111100": 1,
            "11100110": 1,
            "10111000": 5,
            "11001111": 2,
            "10000101": 1,
            "01000100": 1,
            "10011010": 2,
            "01011000": 2,
            "10001000": 2,
            "10101100": 1,
            "11011001": 1,
            "00110011": 1,
            "10101011": 2,
            "00011011": 3,
            "11011110": 1,
            "00010111": 1,
            "00011100": 1,
            "00111011": 1,
            "10101000": 1,
            "00011101": 1,
            "10010110": 1,
            "01111000": 1,
            "11110110": 1,
            "10101110": 1,
            "00001100": 1,
            "10101101": 1,
            "10000001": 1,
            "01001000": 1,
            "11110010": 1,
            "11111110": 1,
            "11010010": 1
          },
          "component_probability": 0.20040899795501022,
          "success_rate": 0.2445
        },
        {
          "basis_state": 3,
          "task_id": "arn:aws:braket:eu-west-2:380012739362:quantum-task/a6aa5cd7-9f09-4390-921b-ea23f9c1a270",
          "status": "DONE",
          "shots": 2000,
          "created_at": "2025-12-22 18:48:05.946000+00:00",
          "ended_at": "2025-12-22 18:48:09.373000+00:00",
          "execution_time_seconds": 3.427,
          "counts": {
            "01000000": 59,
            "11010000": 78,
            "00000000": 223,
            "10100000": 16,
            "10110001": 23,
            "10000000": 115,
            "11110000": 115,
            "00100001": 72,
            "11110001": 37,
            "01100000": 73,
            "11100000": 64,
            "00111010": 6,
            "10011110": 1,
            "10110101": 3,
            "11000000": 189,
            "10110000": 90,
            "00010000": 101,
            "10010000": 55,
            "00110001": 13,
            "11100001": 43,
            "00100000": 145,
            "01011001": 5,
            "00110000": 16,
            "00011000": 9,
            "10101001": 7,
            "00101101": 2,
            "01000001": 64,
            "10110111": 1,
            "01010001": 18,
            "10011000": 11,
            "01010000": 27,
            "00000101": 6,
            "11000001": 35,
            "00101111": 1,
            "01110000": 43,
            "00000100": 1,
            "01100001": 21,
            "00010001": 14,
            "11010001": 12,
            "10010010": 1,
            "11001010": 2,
            "10100011": 3,
            "00111101": 4,
            "00001001": 11,
            "00011001": 14,
            "00111100": 2,
            "01011100": 1,
            "10010101": 5,
            "01110001": 11,
            "11111000": 4,
            "10111001": 4,
            "11101001": 4,
            "01101001": 5,
            "11001111": 3,
            "00100011": 1,
            "10010011": 1,
            "11111101": 10,
            "01111001": 4,
            "00000001": 10,
            "11101010": 1,
            "00110100": 1,
            "11101000": 1,
            "10011010": 1,
            "01010011": 1,
            "00101001": 1,
            "00010010": 1,
            "10111000": 4,
            "11000111": 1,
            "01110011": 4,
            "00101100": 1,
            "01101101": 2,
            "01011000": 2,
            "10011001": 9,
            "00011101": 1,
            "10001000": 2,
            "10101000": 1,
            "11010111": 1,
            "10111010": 2,
            "01110101": 1,
            "00010101": 5,
            "10101010": 1,
            "00010100": 2,
            "00001100": 1,
            "10010001": 4,
            "11111011": 1,
            "10000101": 2,
            "11110111": 1,
            "01101000": 3,
            "00111000": 2,
            "10111101": 1,
            "11001001": 1,
            "01100011": 2,
            "11010011": 3,
            "00100101": 2,
            "10100010": 1,
            "11111100": 2,
            "11001101": 1,
            "10000001": 2,
            "10100101": 1,
            "01011101": 1,
            "01100100": 1,
            "11011110": 1,
            "10001001": 1,
            "11011001": 1,
            "01100010": 1,
            "11110100": 1,
            "01001011": 1,
            "11001110": 1,
            "11111001": 1
          },
          "component_probability": 0.03275529865125241,
          "success_rate": 0.2595
        },
        {
          "basis_state": 4,
          "task_id": "arn:aws:braket:eu-west-2:380012739362:quantum-task/f41f5f92-9601-4519-b5bb-3dffc9d39bab",
          "status": "DONE",
          "shots": 2000,
          "created_at": "2025-12-22 18:48:08.342000+00:00",
          "ended_at": "2025-12-22 18:48:12.661000+00:00",
          "execution_time_seconds": 4.319,
          "counts": {
            "00000000": 242,
            "01000000": 65,
            "00100000": 152,
            "10000000": 121,
            "01010000": 20,
            "11010000": 93,
            "11000000": 173,
            "11000001": 43,
            "10110001": 29,
            "01110000": 34,
            "11100000": 91,
            "00100001": 80,
            "00010000": 100,
            "10011001": 8,
            "11100001": 40,
            "11110000": 130,
            "10011000": 6,
            "01100000": 73,
            "10010000": 35,
            "10110000": 68,
            "11010001": 12,
            "10010011": 3,
            "10010100": 1,
            "00001001": 13,
            "10100000": 23,
            "01100001": 17,
            "00011000": 12,
            "00110000": 12,
            "01000001": 41,
            "00111000": 6,
            "11110001": 20,
            "00110011": 2,
            "01010001": 27,
            "10101001": 8,
            "00011001": 17,
            "11001000": 2,
            "10111000": 6,
            "11011110": 2,
            "01110001": 10,
            "11010011": 2,
            "10100110": 1,
            "00000001": 10,
            "01111001": 2,
            "01011001": 3,
            "11110100": 1,
            "11111000": 7,
            "00111011": 3,
            "00011101": 2,
            "00110100": 2,
            "01110011": 2,
            "11000011": 2,
            "00011110": 1,
            "11111100": 2,
            "10100101": 3,
            "01101001": 3,
            "11011000": 1,
            "00010001": 6,
            "10001000": 1,
            "00000101": 4,
            "01000011": 1,
            "10111001": 7,
            "11111101": 6,
            "00100101": 1,
            "10000101": 2,
            "00001000": 3,
            "00101111": 1,
            "00101110": 1,
            "10110101": 5,
            "00010101": 4,
            "01111100": 1,
            "00111101": 3,
            "10010001": 2,
            "01100101": 1,
            "11100011": 3,
            "00110001": 6,
            "11011001": 4,
            "11011101": 1,
            "00110110": 1,
            "10100011": 3,
            "00111100": 1,
            "11101001": 2,
            "01011101": 2,
            "10001001": 3,
            "01111011": 1,
            "10010010": 1,
            "01110111": 1,
            "11100110": 1,
            "01001000": 4,
            "11000100": 1,
            "01101000": 2,
            "11111001": 2,
            "11010101": 1,
            "10010101": 1,
            "00110111": 1,
            "10001011": 1,
            "10110100": 1,
            "00010100": 3,
            "00010010": 1,
            "10111110": 1,
            "10101000": 1,
            "11011010": 2,
            "10010110": 1,
            "00001101": 1,
            "10001010": 1,
            "01011000": 1,
            "10011010": 1,
            "10101011": 1,
            "11101000": 1,
            "10100001": 2,
            "11001101": 1,
            "10101101": 1,
            "11101010": 1,
            "00101101": 1,
            "01111101": 1,
            "10000001": 1
          },
          "component_probability": 0.08641975308641975,
          "success_rate": 0.243
        },
        {
          "basis_state": 5,
          "task_id": "arn:aws:braket:eu-west-2:380012739362:quantum-task/6b69c160-283d-46d9-9bec-ad104b2a1d9f",
          "status": "DONE",
          "shots": 2000,
          "created_at": "2025-12-22 18:48:10.568000+00:00",
          "ended_at": "2025-12-22 18:48:14.044000+00:00",
          "execution_time_seconds": 3.476,
          "counts": {
            "01000001": 50,
            "00010000": 110,
            "00000000": 201,
            "11000001": 44,
            "11111101": 5,
            "11100000": 87,
            "01100000": 78,
            "00011000": 17,
            "11110001": 40,
            "11110000": 118,
            "01010000": 24,
            "11010010": 1,
            "01110000": 53,
            "01000000": 72,
            "00111101": 3,
            "00110001": 17,
            "10110001": 32,
            "11100001": 38,
            "11000000": 153,
            "10010000": 55,
            "00100000": 159,
            "10000000": 127,
            "11010000": 81,
            "11111100": 2,
            "10110000": 76,
            "01010001": 25,
            "00010100": 2,
            "01011000": 5,
            "11000100": 1,
            "10100110": 1,
            "00100001": 64,
            "10111000": 8,
            "10101001": 5,
            "11010001": 9,
            "10101000": 3,
            "11010111": 1,
            "01001011": 1,
            "10100000": 20,
            "00001001": 12,
            "10010010": 1,
            "11101001": 2,
            "00000001": 12,
            "10011000": 5,
            "10100011": 2,
            "00010001": 10,
            "01100001": 20,
            "00110000": 13,
            "01101001": 2,
            "00111011": 2,
            "00101101": 1,
            "00011101": 2,
            "10111001": 4,
            "11001000": 3,
            "10110100": 1,
            "10011001": 7,
            "11001110": 2,
            "00101110": 1,
            "00100101": 1,
            "10001001": 4,
            "10100001": 2,
            "00011001": 9,
            "10101010": 3,
            "01011100": 1,
            "00001000": 1,
            "00111000": 4,
            "00111001": 1,
            "01001101": 1,
            "10110101": 3,
            "11001001": 1,
            "00010101": 5,
            "11100011": 1,
            "01110001": 8,
            "00101100": 2,
            "11110100": 1,
            "11011001": 2,
            "00110011": 2,
            "01101000": 5,
            "01111001": 2,
            "00000101": 6,
            "11011000": 1,
            "00111100": 1,
            "11001101": 1,
            "10110111": 1,
            "01010111": 1,
            "00110111": 1,
            "01011010": 1,
            "11101000": 1,
            "00111010": 3,
            "10010101": 2,
            "10100101": 2,
            "10111101": 1,
            "01100011": 1,
            "11101111": 1,
            "01111100": 2,
            "01000011": 1,
            "10100111": 1,
            "01010101": 1,
            "10011010": 1,
            "01110011": 1,
            "10010011": 1,
            "11101011": 1,
            "10010001": 1,
            "11111000": 2,
            "11100101": 1,
            "01110110": 1,
            "01001000": 1,
            "10110010": 1,
            "11111001": 1,
            "01000111": 1,
            "01100100": 1,
            "01011001": 1,
            "11010011": 1,
            "10111010": 1,
            "10000100": 1,
            "00001100": 1,
            "01100010": 1,
            "10010111": 1,
            "00011110": 1
          },
          "component_probability": 0.058091286307053944,
          "success_rate": 0.241
        },
        {
          "basis_state": 6,
          "task_id": "arn:aws:braket:eu-west-2:380012739362:quantum-task/69b3f100-e799-427a-9804-be69a6735fab",
          "status": "DONE",
          "shots": 2000,
          "created_at": "2025-12-22 18:48:12.838000+00:00",
          "ended_at": "2025-12-22 18:48:16.864000+00:00",
          "execution_time_seconds": 4.026,
          "counts": {
            "00000000": 211,
            "01110001": 11,
            "10000000": 105,
            "10010010": 2,
            "11000000": 192,
            "10110001": 23,
            "01010000": 26,
            "11100000": 87,
            "11000001": 36,
            "00010000": 86,
            "11110000": 136,
            "00100000": 159,
            "00011011": 2,
            "00000101": 3,
            "10010001": 2,
            "10010100": 6,
            "00100001": 74,
            "11010000": 88,
            "01000000": 59,
            "00011001": 18,
            "01100000": 78,
            "10110000": 84,
            "01010001": 20,
            "11111010": 1,
            "01110000": 46,
            "10101001": 7,
            "00110000": 9,
            "01000001": 39,
            "10100000": 22,
            "10010000": 43,
            "11100001": 50,
            "00110001": 13,
            "00011000": 15,
            "00000001": 12,
            "01011000": 2,
            "00100101": 2,
            "10100011": 3,
            "00101101": 3,
            "10100110": 1,
            "11110001": 29,
            "00111100": 2,
            "01111100": 1,
            "11001111": 2,
            "10011000": 8,
            "11101001": 2,
            "11011001": 4,
            "00010001": 7,
            "11100011": 1,
            "01101000": 4,
            "00000100": 1,
            "11010001": 8,
            "01001000": 2,
            "00111010": 2,
            "01100001": 17,
            "00111011": 1,
            "11010011": 4,
            "11111101": 8,
            "00001101": 2,
            "01011101": 2,
            "01010111": 2,
            "11100100": 1,
            "11100010": 1,
            "10000011": 1,
            "00010101": 5,
            "00001000": 4,
            "01101101": 1,
            "10111001": 7,
            "10110100": 4,
            "11010110": 1,
            "00111101": 1,
            "11001000": 2,
            "10001001": 2,
            "10010101": 2,
            "10001010": 1,
            "10011010": 1,
            "11001101": 2,
            "10110101": 3,
            "01111001": 1,
            "00111000": 4,
            "00001001": 12,
            "01101001": 2,
            "01011011": 1,
            "01101010": 2,
            "10100001": 2,
            "01011001": 3,
            "11000010": 1,
            "11111000": 3,
            "10101010": 1,
            "10011001": 3,
            "10011100": 1,
            "00111001": 3,
            "01111000": 2,
            "01100010": 1,
            "11001001": 1,
            "11100101": 2,
            "10111011": 2,
            "01011010": 1,
            "11010111": 1,
            "00001100": 3,
            "10010011": 3,
            "01111110": 1,
            "11111001": 1,
            "11101000": 2,
            "11110100": 1,
            "00110100": 1,
            "10111000": 3,
            "10111111": 1,
            "01111010": 1,
            "00110110": 1,
            "00011101": 2,
            "00101100": 1,
            "11011101": 1,
            "10111101": 1,
            "10100101": 1,
            "01101110": 1,
            "01100111": 1,
            "10100111": 1
          },
          "component_probability": 0.04411764705882353,
          "success_rate": 0.238
        },
        {
          "basis_state": 7,
          "task_id": "arn:aws:braket:eu-west-2:380012739362:quantum-task/2dda2e56-bada-43fa-85a8-d7b263fb3d1d",
          "status": "DONE",
          "shots": 2000,
          "created_at": "2025-12-22 18:48:15.346000+00:00",
          "ended_at": "2025-12-22 18:48:18.958000+00:00",
          "execution_time_seconds": 3.612,
          "counts": {
            "11010000": 83,
            "11111000": 6,
            "11100000": 85,
            "10000000": 115,
            "11100001": 55,
            "11000000": 167,
            "00000000": 216,
            "00100001": 78,
            "10110000": 89,
            "00100000": 135,
            "01010001": 17,
            "00010000": 102,
            "01000000": 75,
            "11110000": 139,
            "00001001": 14,
            "00110001": 11,
            "01100000": 70,
            "11000001": 32,
            "01110000": 49,
            "00110011": 1,
            "10010000": 42,
            "00000101": 6,
            "11110001": 37,
            "01010000": 45,
            "11111101": 6,
            "00100101": 2,
            "00010101": 6,
            "00110000": 10,
            "00011100": 1,
            "10111000": 5,
            "10111001": 6,
            "10101101": 1,
            "01000001": 45,
            "10110001": 20,
            "11100011": 3,
            "10101010": 2,
            "11101001": 1,
            "11010001": 10,
            "10100000": 20,
            "00111100": 2,
            "00001100": 3,
            "01101000": 4,
            "01000011": 2,
            "00010001": 13,
            "01100001": 11,
            "10000111": 1,
            "00011001": 13,
            "10011010": 2,
            "00111000": 5,
            "11111100": 2,
            "00001000": 7,
            "10010011": 3,
            "10110100": 1,
            "10101001": 7,
            "01011001": 2,
            "01011000": 1,
            "10110101": 3,
            "01000100": 2,
            "10101000": 2,
            "11001101": 2,
            "01110001": 6,
            "01011010": 1,
            "10101100": 3,
            "00011000": 12,
            "11011000": 1,
            "10001100": 1,
            "11100110": 1,
            "00000001": 7,
            "11010011": 1,
            "00010100": 2,
            "10100110": 1,
            "10001000": 2,
            "01010100": 2,
            "11110011": 1,
            "11011001": 3,
            "01101001": 3,
            "11110010": 1,
            "11101000": 1,
            "01101110": 1,
            "10011001": 3,
            "01111001": 2,
            "00111011": 1,
            "10011000": 4,
            "11000111": 1,
            "00111010": 1,
            "11011101": 1,
            "11001001": 2,
            "10010010": 1,
            "10100001": 1,
            "00111101": 1,
            "01011101": 2,
            "10010100": 2,
            "01001010": 1,
            "01111100": 2,
            "10010001": 1,
            "11001010": 1,
            "11111001": 1,
            "10000101": 4,
            "00011101": 2,
            "10010111": 1,
            "01100111": 1,
            "10001001": 1,
            "11001111": 1,
            "01111011": 1,
            "10110011": 1,
            "11110100": 1,
            "01101101": 1,
            "10111111": 1,
            "11111110": 1,
            "11101010": 1,
            "10010101": 2,
            "10111010": 1,
            "01111101": 1,
            "11001000": 1,
            "01100011": 1,
            "10001010": 1,
            "01111010": 1,
            "10000001": 1,
            "10111101": 1
          },
          "component_probability": 0.021505376344086023,
          "success_rate": 0.2325
        },
        {
          "basis_state": 8,
          "task_id": "arn:aws:braket:eu-west-2:380012739362:quantum-task/13d4ab89-c0d7-4bc6-9992-81fd14676da0",
          "status": "DONE",
          "shots": 2000,
          "created_at": "2025-12-22 18:48:17.629000+00:00",
          "ended_at": "2025-12-22 18:48:21.644000+00:00",
          "execution_time_seconds": 4.015,
          "counts": {
            "01000000": 63,
            "11110000": 136,
            "00000000": 203,
            "11000000": 154,
            "10000000": 136,
            "00010100": 5,
            "10110000": 93,
            "10101001": 3,
            "10100000": 21,
            "11100000": 77,
            "00100001": 68,
            "11100001": 40,
            "11010000": 73,
            "01110000": 56,
            "00000001": 12,
            "11111101": 4,
            "01100001": 19,
            "00010001": 9,
