{
  "problem_list": [
    {
      "A_matrix": [
        [
          1.3654407640225625,
          0.8249660750092354,
          0.6588511839181682,
          0.6800298981270979,
          1.207547495853043,
          0.6093040131885236,
          0.6515138166550958,
          0.1360484656806118,
          0.6560945716183677,
          1.20697344416618,
          0.32693398194496004,
          1.578420355074839,
          0.707180874633488,
          1.0306719142128014,
          0.9504954210069572,
          1.3012325748754843
        ],
        [
          0.8249660750092354,
          0.4921384261803867,
          1.3592569872770017,
          0.4179081228119791,
          0.8041987364398034,
          1.240545790152943,
          0.9074519288884846,
          1.8195923829715412,
          0.6225100642574634,
          0.1313986473792491,
          0.42858750298308756,
          0.7847173155912355,
          1.2793077268496607,
          0.9971634003080797,
          0.8370441289346953,
          0.8248491890965489
        ],
        [
          0.6588511839181682,
          1.3592569872770017,
          0.34554233652813915,
          1.1204833717320557,
          0.926472642567268,
          0.172243785229921,
          1.3824652162392796,
          1.484750194712717,
          1.2719726448582982,
          1.1387260535409367,
          1.3316808215108578,
          0.5232527032595783,
          1.5567536735709444,
          0.7948835037085075,
          1.429348636264128,
          1.025496786887322
        ],
        [
          0.6800298981270979,
          0.4179081228119791,
          1.1204833717320557,
          0.5557600510784464,
          1.0369610057671785,
          0.3795406288398524,
          0.5395861819338067,
          1.0423932323525513,
          1.2280176691881695,
          0.7640525704259657,
          0.5751852224173123,
          1.5524429791223935,
          1.5914237725267162,
          0.3173825652951444,
          0.16710368522849495,
          1.2741650654136314
        ],
        [
          1.207547495853043,
          0.8041987364398034,
          0.926472642567268,
          1.0369610057671785,
          1.9387140814242627,
          0.6950617204680698,
          1.5771462579393922,
          0.9475931071369282,
          1.0454825296469525,
          0.8453939618795292,
          1.818849724555669,
          0.515689054005872,
          0.35859453784480866,
          1.2831014207435918,
          1.2269504736353263,
          1.413435850184658
        ],
        [
          0.6093040131885236,
          1.240545790152943,
          0.172243785229921,
          0.3795406288398524,
          0.6950617204680698,
          1.1521348820153448,
          1.1745298307948469,
          0.24364950300343624,
          1.0789744144687758,
          0.8872487643911376,
          1.270668412706463,
          0.41390711662847857,
          1.2713660211233109,
          0.5637261408556238,
          1.2167563230679272,
          0.9839985043104246
        ],
        [
          0.6515138166550958,
          0.9074519288884846,
          1.3824652162392796,
          0.5395861819338067,
          1.5771462579393922,
          1.1745298307948469,
          1.7550023049628933,
          1.1872615522040535,
          1.3270990844548405,
          0.5889458893217077,
          1.0263689161504956,
          0.7576319130224818,
          0.690892267786203,
          1.3119748474456085,
          1.596639867235714,
          1.2441963617437302
        ],
        [
          0.1360484656806118,
          1.8195923829715412,
          1.484750194712717,
          1.0423932323525513,
          0.9475931071369282,
          0.24364950300343624,
          1.1872615522040535,
          1.1212703841004306,
          0.48862025388786756,
          1.639277399579532,
          0.8888138672813852,
          1.7612495184171792,
          0.33115225340240406,
          0.9640700326847045,
          1.1854281684546266,
          1.2642602751549301
        ],
        [
          0.6560945716183677,
          0.6225100642574634,
          1.2719726448582982,
          1.2280176691881695,
          1.0454825296469525,
          1.0789744144687758,
          1.3270990844548405,
          0.48862025388786756,
          0.6619177598356929,
          1.3074614516950918,
          0.9630514469039894,
          1.6245185426293216,
          1.039809807481519,
          0.7006175508162404,
          1.1730961168315135,
          0.9600564202865987
        ],
        [
          1.20697344416618,
          0.1313986473792491,
          1.1387260535409367,
          0.7640525704259657,
          0.8453939618795292,
          0.8872487643911376,
          0.5889458893217077,
          1.639277399579532,
          1.3074614516950918,
          1.1242478910413005,
          0.5315717606900499,
          0.5781448415077891,
          0.9619992935340371,
          0.7590537928175869,
          1.2547131062390624,
          0.5527843916779379
        ],
        [
          0.32693398194496004,
          0.42858750298308756,
          1.3316808215108578,
          0.5751852224173123,
          1.818849724555669,
          1.270668412706463,
          1.0263689161504956,
          0.8888138672813852,
          0.9630514469039894,
          0.5315717606900499,
          1.6746879951985354,
          1.3440310079156064,
          0.2545288635869678,
          1.2733823035876422,
          0.5620398769681084,
          1.1031539988109418
        ],
        [
          1.578420355074839,
          0.7847173155912355,
          0.5232527032595783,
          1.5524429791223935,
          0.515689054005872,
          0.41390711662847857,
          0.7576319130224818,
          1.7612495184171792,
          1.6245185426293216,
          0.5781448415077891,
          1.3440310079156064,
          0.8062884992559649,
          1.0981913537385015,
          0.7598817351512909,
          1.0793790725754426,
          0.9927048359134871
        ],
        [
          0.707180874633488,
          1.2793077268496607,
          1.5567536735709444,
          1.5914237725267162,
          0.35859453784480866,
          1.2713660211233109,
          0.690892267786203,
          0.33115225340240406,
          1.039809807481519,
          0.9619992935340371,
          0.2545288635869678,
          1.0981913537385015,
          1.43380502731828,
          1.1748280300528937,
          0.8274203017112718,
          0.598372386536241
        ],
        [
          1.0306719142128014,
          0.9971634003080797,
          0.7948835037085075,
          0.3173825652951444,
          1.2831014207435918,
          0.5637261408556238,
          1.3119748474456085,
          0.9640700326847045,
          0.7006175508162404,
          0.7590537928175869,
          1.2733823035876422,
          0.7598817351512909,
          1.1748280300528937,
          1.5609374533010363,
          1.6735823445040516,
          0.5495978277562541
        ],
        [
          0.9504954210069572,
          0.8370441289346953,
          1.429348636264128,
          0.16710368522849495,
          1.2269504736353263,
          1.2167563230679272,
          1.596639867235714,
          1.1854281684546266,
          1.1730961168315135,
          1.2547131062390624,
          0.5620398769681084,
          1.0793790725754426,
          0.8274203017112718,
          1.6735823445040516,
          1.48143878891622,
          0.33665742706951585
        ],
        [
          1.3012325748754843,
          0.8248491890965489,
          1.025496786887322,
          1.2741650654136314,
          1.413435850184658,
          0.9839985043104246,
          1.2441963617437302,
          1.2642602751549301,
          0.9600564202865987,
          0.5527843916779379,
          1.1031539988109418,
          0.9927048359134871,
          0.598372386536241,
          0.5495978277562541,
          0.33665742706951585,
          1.2711310346380023
        ]
      ],
      "b_vector": [
        0.12062675170577251,
        0.13104275854372877,
        0.0629642789458452,
        0.2369619594634479,
        0.20008288828343665,
        0.2311101377712392,
        0.29257231332682815,
        0.344930221109284,
        0.2059482201227722,
        0.06572473586558937,
        0.2937780057552366,
        0.37519639297515783,
        0.27687044084539547,
        0.34293876650145894,
        0.18610845089348754,
        0.3277623884843576
      ]
    }
  ],
  "shots": 2000,
  "backend": "sv1",
  "device_arn": "SV1",
  "aws_region": "eu-west-2",
  "ideal_preprocessing_list": [
    [
      [
        -2.763463304750302,
        -2.4567813075780016,
        -1.5234957605272967,
        -0.8531889958392115,
        -0.661960673470592,
        -0.3309885890713228,
        -0.18208409334603903,
        0.5642283510891665,
        0.756406911344314,
        0.9763863917626638,
        1.0989298150645117,
        1.5866993302079644,
        1.7874592591303462,
        2.3597843334988164,
        2.7350827172922063,
        15.647443295010268
      ],
      [
        0.05869722277393785,
        0.02610581116976199,
        0.07123389012934443,
        0.05940474943884276,
        0.04125886724833941,
        0.2051594339088022,
        0.10590945632198724,
        0.12417263219803454,
        0.11046925312219,
        0.12096637468414549,
        0.08953240480097391,
        0.09408977973975352,
        0.001514499616258963,
        0.10247659708763417,
        0.005264955515684316,
        0.9287652362477232
      ]
    ]
  ],
  "probability_threshold": 0,
  "k_qubits": 5,
  "preprocessing_mode": "ideal",
  "projection_mode": "all_components",
  "projection_subset": null,
  "num_solution_qubits": 4,
  "num_projections": 16,
  "projector_basis_states": [
    0,
    1,
    2,
    3,
    4,
    5,
    6,
    7,
    8,
    9,
    10,
    11,
    12,
    13,
    14,
    15
  ],
  "enhanced_projection_results": [
    {
      "problem_index": 0,
      "projection_tasks": [
        {
          "basis_state": 0,
          "task_id": "arn:aws:braket:eu-west-2:380012739362:quantum-task/336dc56f-cc5f-4fde-a58c-4d8fac77ac5f",
          "shots": 2000,
          "projector_index": 0
        },
        {
          "basis_state": 1,
          "task_id": "arn:aws:braket:eu-west-2:380012739362:quantum-task/bd0faf00-8ee6-4d4e-837e-590dd9f6ab3e",
          "shots": 2000,
          "projector_index": 1
        },
        {
          "basis_state": 2,
          "task_id": "arn:aws:braket:eu-west-2:380012739362:quantum-task/0cd4f4bd-6b17-46df-8c0c-dc6417cd0c72",
          "shots": 2000,
          "projector_index": 2
        },
        {
          "basis_state": 3,
          "task_id": "arn:aws:braket:eu-west-2:380012739362:quantum-task/bac94306-233f-4566-b6a1-e5c09f1cee4e",
          "shots": 2000,
          "projector_index": 3
        },
        {
          "basis_state": 4,
          "task_id": "arn:aws:braket:eu-west-2:380012739362:quantum-task/c8c0d976-f444-4393-85ef-470b5e938e7f",
          "shots": 2000,
          "projector_index": 4
        },
        {
          "basis_state": 5,
          "task_id": "arn:aws:braket:eu-west-2:380012739362:quantum-task/39b28212-7b34-4371-a45a-04e8ff518e8e",
          "shots": 2000,
          "projector_index": 5
        },
        {
          "basis_state": 6,
          "task_id": "arn:aws:braket:eu-west-2:380012739362:quantum-task/6051deaa-11ec-4d03-afc0-fa31c1cc56c0",
          "shots": 2000,
          "projector_index": 6
        },
        {
          "basis_state": 7,
          "task_id": "arn:aws:braket:eu-west-2:380012739362:quantum-task/4ebc616a-0fb8-4bd7-b345-4002ec8ed6ac",
          "shots": 2000,
          "projector_index": 7
        },
        {
          "basis_state": 8,
          "task_id": "arn:aws:braket:eu-west-2:380012739362:quantum-task/f71914b7-e920-460f-b858-0646b8f66417",
          "shots": 2000,
          "projector_index": 8
        },
        {
          "basis_state": 9,
          "task_id": "arn:aws:braket:eu-west-2:380012739362:quantum-task/914808cb-81e7-4fbe-a8d5-e3a3fc60c7aa",
          "shots": 2000,
          "projector_index": 9
        },
        {
          "basis_state": 10,
          "task_id": "arn:aws:braket:eu-west-2:380012739362:quantum-task/9741baf5-e609-4176-9569-daf24bdc398f",
          "shots": 2000,
          "projector_index": 10
        },
        {
          "basis_state": 11,
          "task_id": "arn:aws:braket:eu-west-2:380012739362:quantum-task/b2288110-bcd0-4b9d-b73a-2829b446fa40",
          "shots": 2000,
          "projector_index": 11
        },
        {
          "basis_state": 12,
          "task_id": "arn:aws:braket:eu-west-2:380012739362:quantum-task/6740ed6e-6c30-45f1-a09b-c21c01b6ab92",
          "shots": 2000,
          "projector_index": 12
        },
        {
          "basis_state": 13,
          "task_id": "arn:aws:braket:eu-west-2:380012739362:quantum-task/8aab9cca-7058-4f21-a100-39fd5b0d19e3",
          "shots": 2000,
          "projector_index": 13
        },
        {
          "basis_state": 14,
          "task_id": "arn:aws:braket:eu-west-2:380012739362:quantum-task/78bcc33a-eb0f-4fb2-80b7-75c3d1044f90",
          "shots": 2000,
          "projector_index": 14
        },
        {
          "basis_state": 15,
          "task_id": "arn:aws:braket:eu-west-2:380012739362:quantum-task/681678d5-46bd-4745-a26d-c7b20425be7d",
          "shots": 2000,
          "projector_index": 15
        }
      ],
      "depth": 7199,
      "num_projections": 16,
      "ideal_solution": [
        {
          "real": 0.2445773160615802,
          "imag": 0.0
        },
        {
          "real": 0.3855480038864471,
          "imag": 0.0
        },
        {
          "real": 0.356112450732491,
          "imag": 0.0
        },
        {
          "real": -0.12754063405275484,
          "imag": 0.0
        },
        {
          "real": 0.06528480457706694,
          "imag": 0.0
        },
        {
          "real": -0.08881308974165376,
          "imag": 0.0
        },
        {
          "real": -0.12985516677528264,
          "imag": 0.0
        },
        {
          "real": -0.13971139676715932,
          "imag": 0.0
        },
        {
          "real": 0.16288934343984116,
          "imag": 0.0
        },
        {
          "real": -0.38851679286704405,
          "imag": 0.0
        },
        {
          "real": 0.2486321776451906,
          "imag": 0.0
        },
        {
          "real": 0.2348545170718866,
          "imag": 0.0
        },
        {
          "real": -0.0862941434256923,
          "imag": 0.0
        },
        {
          "real": -0.39793542100931073,
          "imag": 0.0
        },
        {
          "real": 0.2072122222963506,
          "imag": 0.0
        },
        {
          "real": -0.3110167983806988,
          "imag": 0.0
        }
      ]
    }
  ]
}