{
  "problem_list": [
    {
      "A_matrix": [
        [
          0.3863286357709348,
          1.1200829547288604,
          1.3994063742502618,
          1.1808340096424246,
          0.9923029033683394,
          0.09835854890167905,
          0.5135356650313515,
          1.6093785794157989,
          1.4401002947277868,
          0.6313658315570019,
          1.4149174021238409,
          0.47189749468657316,
          1.3156549982235264,
          1.1904797626153012,
          0.7948464618165331,
          1.4013847683741787
        ],
        [
          1.1200829547288604,
          0.6383022300577907,
          1.4169040609892238,
          0.6916715957517483,
          1.0632065611782981,
          1.007662396306975,
          0.5785777877634313,
          0.8974203603547373,
          1.044561895664428,
          0.5855666332064471,
          1.3342063099758024,
          1.226078669751185,
          0.18292695074966436,
          1.4640150733296453,
          0.826855058005496,
          1.348847526301285
        ],
        [
          1.3994063742502618,
          1.4169040609892238,
          0.9724239824498113,
          1.1808264314030539,
          0.9212077642165145,
          1.0562098059589307,
          1.1970453157937033,
          0.8171632508945161,
          1.4042196246726335,
          1.4417612011929528,
          0.5920571554376841,
          0.9271511045126237,
          1.1913558597136173,
          1.1902667974758927,
          1.2152324580508145,
          0.9124858509604058
        ],
        [
          1.1808340096424246,
          0.6916715957517483,
          1.1808264314030539,
          1.44801849021752,
          1.5969119455097454,
          0.49877455601671483,
          1.0457483473055997,
          0.8911998244868445,
          1.023073380886994,
          1.3430068480890114,
          0.3769025174607453,
          0.6933064471310029,
          0.41909030520341517,
          1.682456293221192,
          1.726649810786717,
          1.5902050945878123
        ],
        [
          0.9923029033683394,
          1.0632065611782981,
          0.9212077642165145,
          1.5969119455097454,
          1.6421794462268187,
          0.9366658704761964,
          0.5148918593964683,
          0.7207255639189855,
          0.7983311202134419,
          0.41527732651580895,
          0.2934329370751433,
          0.4389039483742796,
          0.45182903808074404,
          1.1169867962659699,
          0.872493282581812,
          1.3802185628984383
        ],
        [
          0.09835854890167905,
          1.007662396306975,
          1.0562098059589307,
          0.49877455601671483,
          0.9366658704761964,
          1.9242487715731305,
          0.8965505658707762,
          0.7351171128862394,
          1.1581679901570108,
          0.939192857902517,
          1.8950205094647021,
          1.632768565837518,
          0.4920998151574353,
          0.9244983085623564,
          0.677188297560405,
          1.3076391964357448
        ],
        [
          0.5135356650313515,
          0.5785777877634313,
          1.1970453157937033,
          1.0457483473055997,
          0.5148918593964683,
          0.8965505658707762,
          0.21024442377150887,
          1.2810169406985579,
          0.9771902351854364,
          0.4892323756308967,
          0.3340165441976479,
          0.5820818141974781,
          1.6465696535875387,
          1.0654473219180995,
          0.8773080091882896,
          1.2741659846703297
        ],
        [
          1.6093785794157989,
          0.8974203603547373,
          0.8171632508945161,
          0.8911998244868445,
          0.7207255639189855,
          0.7351171128862394,
          1.2810169406985579,
          0.2581200871602676,
          1.3665095534173524,
          1.274967485106496,
          0.9705836272499724,
          0.2661501802110674,
          1.341333675938453,
          0.573224541650373,
          1.41895968433044,
          1.2333177539312805
        ],
        [
          1.4401002947277868,
          1.044561895664428,
          1.4042196246726335,
          1.023073380886994,
          0.7983311202134419,
          1.1581679901570108,
          0.9771902351854364,
          1.3665095534173524,
          1.6804713318282227,
          1.6649128267192081,
          1.3457896133063278,
          1.815661910876607,
          1.0653506769561834,
          0.5303384953788058,
          0.7853781558259282,
          1.7195377658694873
        ],
        [
          0.6313658315570019,
          0.5855666332064471,
          1.4417612011929528,
          1.3430068480890114,
          0.41527732651580895,
          0.939192857902517,
          0.4892323756308967,
          1.274967485106496,
          1.6649128267192081,
          0.2472900027186149,
          1.0559009499454224,
          0.9418832271430372,
          1.209635181795361,
          0.9615090102364073,
          1.3190000206515666,
          1.660951326935958
        ],
        [
          1.4149174021238409,
          1.3342063099758024,
          0.5920571554376841,
          0.3769025174607453,
          0.2934329370751433,
          1.8950205094647021,
          0.3340165441976479,
          0.9705836272499724,
          1.3457896133063278,
          1.0559009499454224,
          1.652748076337096,
          0.6631019758899986,
          0.8554208294963311,
          0.7590054684016475,
          1.6090805735452007,
          1.082523128048614
        ],
        [
          0.47189749468657316,
          1.226078669751185,
          0.9271511045126237,
          0.6933064471310029,
          0.4389039483742796,
          1.632768565837518,
          0.5820818141974781,
          0.2661501802110674,
          1.815661910876607,
          0.9418832271430372,
          0.6631019758899986,
          0.5483739217250057,
          0.46410705855723844,
          1.072753754662684,
          1.169539858505406,
          0.7889151226661419
        ],
        [
          1.3156549982235264,
          0.18292695074966436,
          1.1913558597136173,
          0.41909030520341517,
          0.45182903808074404,
          0.4920998151574353,
          1.6465696535875387,
          1.341333675938453,
          1.0653506769561834,
          1.209635181795361,
          0.8554208294963311,
          0.46410705855723844,
          0.15155710076440676,
          1.5843748847830668,
          0.7586156744683467,
          1.1062003055171497
        ],
        [
          1.1904797626153012,
          1.4640150733296453,
          1.1902667974758927,
          1.682456293221192,
          1.1169867962659699,
          0.9244983085623564,
          1.0654473219180995,
          0.573224541650373,
          0.5303384953788058,
          0.9615090102364073,
          0.7590054684016475,
          1.072753754662684,
          1.5843748847830668,
          1.7315806928288515,
          1.5429995604719333,
          0.7358848887691101
        ],
        [
          0.7948464618165331,
          0.826855058005496,
          1.2152324580508145,
          1.726649810786717,
          0.872493282581812,
          0.677188297560405,
          0.8773080091882896,
          1.41895968433044,
          0.7853781558259282,
          1.3190000206515666,
          1.6090805735452007,
          1.169539858505406,
          0.7586156744683467,
          1.5429995604719333,
          0.6253829404972537,
          0.6091557503769246
        ],
        [
          1.4013847683741787,
          1.348847526301285,
          0.9124858509604058,
          1.5902050945878123,
          1.3802185628984383,
          1.3076391964357448,
          1.2741659846703297,
          1.2333177539312805,
          1.7195377658694873,
          1.660951326935958,
          1.082523128048614,
          0.7889151226661419,
          1.1062003055171497,
          0.7358848887691101,
          0.6091557503769246,
          0.7690903900484982
        ]
      ],
      "b_vector": [
        0.239867472304806,
        0.400283550872352,
        0.0437855202225735,
        0.23462542935554923,
        0.2011250287134876,
        0.2296739228681504,
        0.12159193510805776,
        0.00422128290044485,
        0.3698740218719901,
        0.2680252837150702,
        0.2753966844781013,
        0.31954164473910057,
        0.322304043605964,
        0.14998202450185216,
        0.31356878950861683,
        0.07727983924451906
      ]
    }
  ],
  "shots": 2000,
  "backend": "sv1",
  "device_arn": "SV1",
  "aws_region": "eu-west-2",
  "ideal_preprocessing_list": [
    [
      [
        -2.613591494243023,
        -2.348525917764837,
        -2.0016805551882157,
        -1.3431149794032844,
        -1.087866702535881,
        -0.775332001879855,
        -0.4249390364250557,
        -0.2853256398230641,
        -0.08239975619967214,
        0.723535712117894,
        0.8252715902468242,
        1.2283564457892044,
        1.5832226686067978,
        2.063445396123046,
        2.980622194595722,
        16.44468259995913
      ],
      [
        0.25179743368635227,
        0.16229311999068202,
        0.1833354823230779,
        0.03864408563184736,
        0.10850466972421763,
        0.020495178268017056,
        0.017840972361422652,
        0.11479398061472146,
        0.11865181944712704,
        0.0941413543142548,
        0.13498811315078763,
        0.019054839433502502,
        0.03667447498619915,
        0.07849159598374653,
        0.13740133584124598,
        0.8840552335124181
      ]
    ]
  ],
  "probability_threshold": 0,
  "k_qubits": 5,
  "preprocessing_mode": "ideal",
  "projection_mode": "all_components",
  "projection_subset": null,
  "num_solution_qubits": 4,
  "num_projections": 16,
  "projector_basis_states": [
    0,
    1,
    2,
    3,
    4,
    5,
    6,
    7,
    8,
    9,
    10,
    11,
    12,
    13,
    14,
    15
  ],
  "enhanced_projection_results": [
    {
      "problem_index": 0,
      "projection_tasks": [
        {
          "basis_state": 0,
          "task_id": "arn:aws:braket:eu-west-2:380012739362:quantum-task/da68d351-47f6-484f-a1ec-df7a83102e1c",
          "shots": 2000,
          "projector_index": 0
        },
        {
          "basis_state": 1,
          "task_id": "arn:aws:braket:eu-west-2:380012739362:quantum-task/d2e59c41-0f23-4d8f-94e1-bc7f76112bf4",
          "shots": 2000,
          "projector_index": 1
        },
        {
          "basis_state": 2,
          "task_id": "arn:aws:braket:eu-west-2:380012739362:quantum-task/958cad0e-24e3-4313-8bc1-808ae4e7d342",
          "shots": 2000,
          "projector_index": 2
        },
        {
          "basis_state": 3,
          "task_id": "arn:aws:braket:eu-west-2:380012739362:quantum-task/f0870e57-0a44-41a9-8b92-d00822d5a5d5",
          "shots": 2000,
          "projector_index": 3
        },
        {
          "basis_state": 4,
          "task_id": "arn:aws:braket:eu-west-2:380012739362:quantum-task/172eada2-049f-46a1-ac8b-06e1c132f5ab",
          "shots": 2000,
          "projector_index": 4
        },
        {
          "basis_state": 5,
          "task_id": "arn:aws:braket:eu-west-2:380012739362:quantum-task/44e880e0-f7c7-4681-aaf3-b051e6650bea",
          "shots": 2000,
          "projector_index": 5
        },
        {
          "basis_state": 6,
          "task_id": "arn:aws:braket:eu-west-2:380012739362:quantum-task/88abd1ac-d416-4bfc-a1b0-748ca55819c6",
          "shots": 2000,
          "projector_index": 6
        },
        {
          "basis_state": 7,
          "task_id": "arn:aws:braket:eu-west-2:380012739362:quantum-task/7fa3bb46-3703-4437-898a-d59602f4979b",
          "shots": 2000,
          "projector_index": 7
        },
        {
          "basis_state": 8,
          "task_id": "arn:aws:braket:eu-west-2:380012739362:quantum-task/0e8b1645-2d4e-431c-9699-6851e94d50ba",
          "shots": 2000,
          "projector_index": 8
        },
        {
          "basis_state": 9,
          "task_id": "arn:aws:braket:eu-west-2:380012739362:quantum-task/b02bc7bf-b14a-4089-8ae7-d8bb35e5ae8a",
          "shots": 2000,
          "projector_index": 9
        },
        {
          "basis_state": 10,
          "task_id": "arn:aws:braket:eu-west-2:380012739362:quantum-task/fab89ec4-a34c-423b-a4d9-5068e0370495",
          "shots": 2000,
          "projector_index": 10
        },
        {
          "basis_state": 11,
          "task_id": "arn:aws:braket:eu-west-2:380012739362:quantum-task/b1b72186-2477-41b5-b9fc-cefa1278ee4c",
          "shots": 2000,
          "projector_index": 11
        },
        {
          "basis_state": 12,
          "task_id": "arn:aws:braket:eu-west-2:380012739362:quantum-task/7c7d11d7-57ee-409d-adf0-f72d17b9e2df",
          "shots": 2000,
          "projector_index": 12
        },
        {
          "basis_state": 13,
          "task_id": "arn:aws:braket:eu-west-2:380012739362:quantum-task/c67875ec-9198-43af-bb1a-2fca37d6070c",
          "shots": 2000,
          "projector_index": 13
        },
        {
          "basis_state": 14,
          "task_id": "arn:aws:braket:eu-west-2:380012739362:quantum-task/bb3dde40-ea14-4667-9aff-57ac8c6b3688",
          "shots": 2000,
          "projector_index": 14
        },
        {
          "basis_state": 15,
          "task_id": "arn:aws:braket:eu-west-2:380012739362:quantum-task/8a9fa078-4201-42f8-8705-acc8024eeebb",
          "shots": 2000,
          "projector_index": 15
        }
      ],
      "depth": 7234,
      "num_projections": 16,
      "ideal_solution": [
        {
          "real": -0.030522387186065036,
          "imag": 0.0
        },
        {
          "real": 0.16917069979985092,
          "imag": 0.0
        },
        {
          "real": 0.7814464085548902,
          "imag": 0.0
        },
        {
          "real": 0.008188387267946547,
          "imag": 0.0
        },
        {
          "real": -0.0903606166280853,
          "imag": 0.0
        },
        {
          "real": 0.10382798486169197,
          "imag": 0.0
        },
        {
          "real": -0.03100456360144534,
          "imag": 0.0
        },
        {
          "real": 0.09925674468632276,
          "imag": 0.0
        },
        {
          "real": -0.2528095499022299,
          "imag": 0.0
        },
        {
          "real": 0.10556159134398213,
          "imag": 0.0
        },
        {
          "real": -0.012543829615435955,
          "imag": 0.0
        },
        {
          "real": -0.18814790279753965,
          "imag": 0.0
        },
        {
          "real": -0.2712146080155064,
          "imag": 0.0
        },
        {
          "real": -0.3245836827640017,
          "imag": 0.0
        },
        {
          "real": 0.16107926378297388,
          "imag": 0.0
        },
        {
          "real": -0.1203922101164765,
          "imag": 0.0
        }
      ]
    }
  ]
}