{
  "problem_list": [
    {
      "A_matrix": [
        [
          1.8739168369965244,
          1.8251655879635305,
          0.7321504291758355,
          1.4601823549418214,
          0.9268069402278155,
          0.4054480017726716,
          1.296230818487012,
          1.356348944286095
        ],
        [
          1.8251655879635305,
          0.7363658499342147,
          1.2974574126063636,
          1.0045590284657941,
          0.4482731835334661,
          0.2858425065983714,
          0.947325525119839,
          0.9201227563531771
        ],
        [
          0.7321504291758355,
          1.2974574126063636,
          0.7963873770940244,
          1.2869067092018378,
          0.793667888579989,
          1.7005155733720754,
          1.0757707662509115,
          1.6254820533038612
        ],
        [
          1.4601823549418214,
          1.0045590284657941,
          1.2869067092018378,
          1.462716111057302,
          1.449201654309785,
          1.4587734170625626,
          0.7097539391463682,
          0.5334742085896984
        ],
        [
          0.9268069402278155,
          0.4482731835334661,
          0.793667888579989,
          1.449201654309785,
          0.22100064955335763,
          1.5308736079594851,
          0.7642096730193589,
          1.073724804835361
        ],
        [
          0.4054480017726716,
          0.2858425065983714,
          1.7005155733720754,
          1.4587734170625626,
          1.5308736079594851,
          0.04491228303613637,
          0.5754280305616267,
          0.310860461849382
        ],
        [
          1.296230818487012,
          0.947325525119839,
          1.0757707662509115,
          0.7097539391463682,
          0.7642096730193589,
          0.5754280305616267,
          0.5073460504588407,
          1.5791925777052935
        ],
        [
          1.356348944286095,
          0.9201227563531771,
          1.6254820533038612,
          0.5334742085896984,
          1.073724804835361,
          0.310860461849382,
          1.5791925777052935,
          1.6799232031809612
        ]
      ],
      "b_vector": [
        0.39909678231889534,
        0.13006943390033765,
        0.18950422227005662,
        0.34495371139868297,
        0.09242814393500813,
        0.4361995926799005,
        0.5107463389523692,
        0.4574100110874435
      ]
    }
  ],
  "shots": 2000,
  "backend": "sv1",
  "device_arn": "SV1",
  "aws_region": "eu-west-2",
  "ideal_preprocessing_list": [
    [
      [
        -2.028608792106599,
        -1.0272334034882284,
        -0.75593017749185,
        -0.6108477444203744,
        0.1264168172562654,
        1.2663307188183295,
        1.9241101865025085,
        8.428330756241312
      ],
      [
        0.2769514475969482,
        0.16150956410067008,
        0.11798394748140285,
        0.17902625212667092,
        0.1464359256183057,
        0.10202682127062727,
        0.04244883419068232,
        0.9042052253054739
      ]
    ]
  ],
  "probability_threshold": 0,
  "k_qubits": 4,
  "preprocessing_mode": "ideal",
  "projection_mode": "all_components",
  "projection_subset": null,
  "num_solution_qubits": 3,
  "num_projections": 8,
  "projector_basis_states": [
    0,
    1,
    2,
    3,
    4,
    5,
    6,
    7
  ],
  "enhanced_projection_results": [
    {
      "problem_index": 0,
      "projection_tasks": [
        {
          "basis_state": 0,
          "task_id": "arn:aws:braket:eu-west-2:380012739362:quantum-task/04b7ede3-3939-4f2f-8c2b-bcfa41cb6f9d",
          "shots": 2000,
          "projector_index": 0
        },
        {
          "basis_state": 1,
          "task_id": "arn:aws:braket:eu-west-2:380012739362:quantum-task/02c988b1-068d-4455-8ffe-c4b6345942df",
          "shots": 2000,
          "projector_index": 1
        },
        {
          "basis_state": 2,
          "task_id": "arn:aws:braket:eu-west-2:380012739362:quantum-task/f87fb08c-92e7-4f1b-9014-ba8eaf94b518",
          "shots": 2000,
          "projector_index": 2
        },
        {
          "basis_state": 3,
          "task_id": "arn:aws:braket:eu-west-2:380012739362:quantum-task/7661fffc-3e4a-4c3c-ba70-2eeb7e45ee20",
          "shots": 2000,
          "projector_index": 3
        },
        {
          "basis_state": 4,
          "task_id": "arn:aws:braket:eu-west-2:380012739362:quantum-task/e2cab5b4-8ae8-41b6-b43f-4e0f842d39b3",
          "shots": 2000,
          "projector_index": 4
        },
        {
          "basis_state": 5,
          "task_id": "arn:aws:braket:eu-west-2:380012739362:quantum-task/f6f34351-42e1-4eda-ac6a-ecf062d9a5dc",
          "shots": 2000,
          "projector_index": 5
        },
        {
          "basis_state": 6,
          "task_id": "arn:aws:braket:eu-west-2:380012739362:quantum-task/77e511e5-9b7c-450f-bdb4-16968b20bfcf",
          "shots": 2000,
          "projector_index": 6
        },
        {
          "basis_state": 7,
          "task_id": "arn:aws:braket:eu-west-2:380012739362:quantum-task/5f998522-144f-4eca-b303-a48ea3e7151b",
          "shots": 2000,
          "projector_index": 7
        }
      ],
      "depth": 1425,
      "num_projections": 8,
      "ideal_solution": [
        {
          "real": 0.21486473447538698,
          "imag": 0.0
        },
        {
          "real": -0.45655513423183586,
          "imag": 0.0
        },
        {
          "real": -0.43245408744315744,
          "imag": 0.0
        },
        {
          "real": 0.0819311354426296,
          "imag": 0.0
        },
        {
          "real": 0.6144803930544013,
          "imag": 0.0
        },
        {
          "real": -0.12636118446832362,
          "imag": 0.0
        },
        {
          "real": -0.07416201703077017,
          "imag": 0.0
        },
        {
          "real": 0.39065073841675707,
          "imag": 0.0
        }
      ]
    }
  ]
}