{
  "problem_list": [
    {
      "A_matrix": [
        [
          0.006015686257464958,
          0.6364585682609011,
          1.0700971847804772,
          0.691674987304035,
          1.3140215695421098,
          1.2377758403197934,
          1.0349975796291395,
          1.3306404998393724
        ],
        [
          0.6364585682609011,
          0.9321245902020188,
          1.0236365044886215,
          1.10894849878363,
          1.2023703349643349,
          0.1163211194864956,
          0.6956895352621838,
          1.352540707492054
        ],
        [
          1.0700971847804772,
          1.0236365044886215,
          0.10585337637613379,
          1.586451721676705,
          1.1139806572405568,
          1.1063954065289636,
          1.2623444528594705,
          1.5424183483465759
        ],
        [
          0.691674987304035,
          1.10894849878363,
          1.586451721676705,
          0.7838029573776357,
          0.7416490638239265,
          0.9446801456384029,
          1.5780399166979642,
          0.9463456396043021
        ],
        [
          1.3140215695421098,
          1.2023703349643349,
          1.1139806572405568,
          0.7416490638239265,
          0.054109211276332614,
          0.6635021385338787,
          1.379156769525038,
          1.3598643822645808
        ],
        [
          1.2377758403197934,
          0.1163211194864956,
          1.1063954065289636,
          0.9446801456384029,
          0.6635021385338787,
          1.2376765193696175,
          0.6889431306402519,
          0.9855587702019634
        ],
        [
          1.0349975796291395,
          0.6956895352621838,
          1.2623444528594705,
          1.5780399166979642,
          1.379156769525038,
          0.6889431306402519,
          0.05693730650971163,
          0.2084291309362436
        ],
        [
          1.3306404998393724,
          1.352540707492054,
          1.5424183483465759,
          0.9463456396043021,
          1.3598643822645808,
          0.9855587702019634,
          0.2084291309362436,
          0.9576931308933383
        ]
      ],
      "b_vector": [
        0.41178525612552214,
        0.4370073492428537,
        0.03893302474131325,
        0.050430050372040264,
        0.5007489293587819,
        0.35472528066332637,
        0.32952316730843284,
        0.38759963410807696
      ]
    }
  ],
  "shots": 2000,
  "backend": "sv1",
  "device_arn": "SV1",
  "aws_region": "eu-west-2",
  "ideal_preprocessing_list": [
    [
      [
        -1.9512203058471618,
        -1.4790322050639473,
        -1.3681783507791077,
        -0.6479846625651289,
        -0.1310997831097729,
        0.7403357607215052,
        1.1584743355648468,
        7.8129179893410186
      ],
      [
        0.10638795925858383,
        0.14386498161343564,
        0.057245437362680465,
        0.2736213389338121,
        0.3023064293798027,
        0.23054723637854002,
        0.04641102735270839,
        0.8620577724638305
      ]
    ]
  ],
  "probability_threshold": 0,
  "k_qubits": 3,
  "preprocessing_mode": "ideal",
  "projection_mode": "all_components",
  "projection_subset": null,
  "num_solution_qubits": 3,
  "num_projections": 8,
  "projector_basis_states": [
    0,
    1,
    2,
    3,
    4,
    5,
    6,
    7
  ],
  "enhanced_projection_results": [
    {
      "problem_index": 0,
      "projection_tasks": [
        {
          "basis_state": 0,
          "task_id": "arn:aws:braket:eu-west-2:380012739362:quantum-task/36de4748-f3c5-4d83-a584-3e35364dc783",
          "shots": 2000,
          "projector_index": 0
        },
        {
          "basis_state": 1,
          "task_id": "arn:aws:braket:eu-west-2:380012739362:quantum-task/9ac9ac22-1936-4a17-bfbf-660896b0b678",
          "shots": 2000,
          "projector_index": 1
        },
        {
          "basis_state": 2,
          "task_id": "arn:aws:braket:eu-west-2:380012739362:quantum-task/8a4040db-2ddc-4e2c-b8c9-ae03f0fc1ccb",
          "shots": 2000,
          "projector_index": 2
        },
        {
          "basis_state": 3,
          "task_id": "arn:aws:braket:eu-west-2:380012739362:quantum-task/c44fe605-1065-418c-a305-6fb42b49c5ac",
          "shots": 2000,
          "projector_index": 3
        },
        {
          "basis_state": 4,
          "task_id": "arn:aws:braket:eu-west-2:380012739362:quantum-task/6341067c-cd73-4ec1-bfe6-8afc96b5973f",
          "shots": 2000,
          "projector_index": 4
        },
        {
          "basis_state": 5,
          "task_id": "arn:aws:braket:eu-west-2:380012739362:quantum-task/a4fdde87-6c5a-4e1f-b037-c5c6258fd863",
          "shots": 2000,
          "projector_index": 5
        },
        {
          "basis_state": 6,
          "task_id": "arn:aws:braket:eu-west-2:380012739362:quantum-task/6c0a09f7-e52a-4d05-8ebb-b635edfc1da5",
          "shots": 2000,
          "projector_index": 6
        },
        {
          "basis_state": 7,
          "task_id": "arn:aws:braket:eu-west-2:380012739362:quantum-task/d2665978-811c-4cec-bae7-42f95b9d9e10",
          "shots": 2000,
          "projector_index": 7
        }
      ],
      "depth": 975,
      "num_projections": 8,
      "ideal_solution": [
        {
          "real": -0.3638250975810936,
          "imag": 0.0
        },
        {
          "real": 0.10519227987016136,
          "imag": 0.0
        },
        {
          "real": 0.259704770800651,
          "imag": 0.0
        },
        {
          "real": 0.42443268475471113,
          "imag": 0.0
        },
        {
          "real": -0.5146454599545901,
          "imag": 0.0
        },
        {
          "real": 0.15156238525364715,
          "imag": 0.0
        },
        {
          "real": -0.4376390230076933,
          "imag": 0.0
        },
        {
          "real": 0.36002387452270396,
          "imag": 0.0
        }
      ]
    }
  ]
}