{
  "problem_list": [
    {
      "A_matrix": [
        [
          1.9893761419168499,
          1.5074815717012828,
          0.8390840877513898,
          1.7450770595702325,
          1.3866483583016689,
          1.1839502822547585,
          1.6670912724125158,
          1.106583241081613,
          0.7679396054377443,
          1.14624462539197,
          0.9018237567539882,
          1.4729142632590104,
          1.5584204943129407,
          1.528166222675503,
          0.31835530227235187,
          0.6262572623953347
        ],
        [
          1.5074815717012828,
          0.8412846584228411,
          1.5899046279230937,
          1.2260302128323124,
          0.22850623635041667,
          0.5493786070340646,
          1.168415727752137,
          1.8260202402638916,
          1.2591546432773644,
          0.7368645772395437,
          1.4756005740405111,
          1.1604649837874983,
          0.8057318257504815,
          1.1502612956903642,
          1.4822787525843655,
          0.7523280566311578
        ],
        [
          0.8390840877513898,
          1.5899046279230937,
          1.7011006347791393,
          0.8621118396110903,
          1.4204018054803644,
          1.3235838111363099,
          1.0614348523196666,
          0.989643439151518,
          0.7161277491432025,
          1.865596139361568,
          1.0373684338312734,
          0.28073130993543616,
          0.16913449775503286,
          0.6093206302142327,
          1.3384465284424922,
          0.7186745928713554
        ],
        [
          1.7450770595702325,
          1.2260302128323124,
          0.8621118396110903,
          1.8773626282705234,
          0.9561207683778075,
          0.9112248592449247,
          0.5137228509128017,
          0.5168397492696334,
          0.8262938663288034,
          0.9873152530055317,
          0.7733452597945022,
          1.2233688647036272,
          0.7118397407167275,
          0.9513562663213576,
          0.51504501403677,
          1.1433138772500109
        ],
        [
          1.3866483583016689,
          0.22850623635041667,
          1.4204018054803644,
          0.9561207683778075,
          0.8455699222581083,
          1.2000316860766933,
          0.6502795863120163,
          0.8681094961650133,
          1.0880148513662913,
          1.1938710528280756,
          1.3637951817229457,
          1.1875512514137978,
          1.245126141518644,
          1.5980479168837247,
          1.6199746201677379,
          1.1074645477092036
        ],
        [
          1.1839502822547585,
          0.5493786070340646,
          1.3235838111363099,
          0.9112248592449247,
          1.2000316860766933,
          1.016373582701635,
          0.21984385871845014,
          1.2648000019169197,
          0.9411392432888558,
          0.48689581824364914,
          1.5244722543972136,
          0.8587788891780024,
          0.5274885892680763,
          0.17457940713709685,
          0.4533996254951923,
          1.3564017885332595
        ],
        [
          1.6670912724125158,
          1.168415727752137,
          1.0614348523196666,
          0.5137228509128017,
          0.6502795863120163,
          0.21984385871845014,
          0.6703608065027873,
          1.1244741474843516,
          1.7013384739092505,
          0.8870059166164498,
          0.4351872360557324,
          1.350728596236904,
          1.1331820726197999,
          0.38946846923397693,
          1.107136850664201,
          1.8397625815654677
        ],
        [
          1.106583241081613,
          1.8260202402638916,
          0.989643439151518,
          0.5168397492696334,
          0.8681094961650133,
          1.2648000019169197,
          1.1244741474843516,
          0.9524121705180966,
          0.49479917393498707,
          0.2287250409502879,
          0.7283505431460856,
          1.312137643074988,
          0.5971496209283392,
          0.844169469068694,
          1.4809234455859048,
          0.35474678459238895
        ],
        [
          0.7679396054377443,
          1.2591546432773644,
          0.7161277491432025,
          0.8262938663288034,
          1.0880148513662913,
          0.9411392432888558,
          1.7013384739092505,
          0.49479917393498707,
          0.013397839378905152,
          0.43084462583616623,
          1.0970220692792139,
          0.17824169707337312,
          0.4959535799853757,
          1.3033883288963874,
          0.5166231734901078,
          1.6240180883440978
        ],
        [
          1.14624462539197,
          0.7368645772395437,
          1.865596139361568,
          0.9873152530055317,
          1.1938710528280756,
          0.48689581824364914,
          0.8870059166164498,
          0.2287250409502879,
          0.43084462583616623,
          1.3364783039228016,
          0.9978331433319513,
          0.5530954176046695,
          0.9934852539398039,
          1.1684133867030728,
          1.2478055962443353,
          1.631643239785654
        ],
        [
          0.9018237567539882,
          1.4756005740405111,
          1.0373684338312734,
          0.7733452597945022,
          1.3637951817229457,
          1.5244722543972136,
          0.4351872360557324,
          0.7283505431460856,
          1.0970220692792139,
          0.9978331433319513,
          1.5639321296920883,
          0.9666875238737613,
          1.0218109045118435,
          0.9383886549736791,
          1.6936227010659737,
          1.4862100974158818
        ],
        [
          1.4729142632590104,
          1.1604649837874983,
          0.28073130993543616,
          1.2233688647036272,
          1.1875512514137978,
          0.8587788891780024,
          1.350728596236904,
          1.312137643074988,
          0.17824169707337312,
          0.5530954176046695,
          0.9666875238737613,
          1.9111992236524902,
          0.8312740523382017,
          1.2758045037266132,
          0.5241418135114717,
          1.197879151825349
        ],
        [
          1.5584204943129407,
          0.8057318257504815,
          0.16913449775503286,
          0.7118397407167275,
          1.245126141518644,
          0.5274885892680763,
          1.1331820726197999,
          0.5971496209283392,
          0.4959535799853757,
          0.9934852539398039,
          1.0218109045118435,
          0.8312740523382017,
          0.5297071770694504,
          0.23550738544033822,
          0.5732667226740028,
          1.2587194932262742
        ],
        [
          1.528166222675503,
          1.1502612956903642,
          0.6093206302142327,
          0.9513562663213576,
          1.5980479168837247,
          0.17457940713709685,
          0.38946846923397693,
          0.844169469068694,
          1.3033883288963874,
          1.1684133867030728,
          0.9383886549736791,
          1.2758045037266132,
          0.23550738544033822,
          0.8805254855793396,
          0.8965730364727071,
          1.407898915565918
        ],
        [
          0.31835530227235187,
          1.4822787525843655,
          1.3384465284424922,
          0.51504501403677,
          1.6199746201677379,
          0.4533996254951923,
          1.107136850664201,
          1.4809234455859048,
          0.5166231734901078,
          1.2478055962443353,
          1.6936227010659737,
          0.5241418135114717,
          0.5732667226740028,
          0.8965730364727071,
          1.350533160088193,
          1.5588165153730582
        ],
        [
          0.6262572623953347,
          0.7523280566311578,
          0.7186745928713554,
          1.1433138772500109,
          1.1074645477092036,
          1.3564017885332595,
          1.8397625815654677,
          0.35474678459238895,
          1.6240180883440978,
          1.631643239785654,
          1.4862100974158818,
          1.197879151825349,
          1.2587194932262742,
          1.407898915565918,
          1.5588165153730582,
          1.658279024656491
        ]
      ],
      "b_vector": [
        0.24873853968326373,
        0.3340123169410361,
        0.14506746074689916,
        0.2905280926187027,
        0.3315528634205421,
        0.14968515378245908,
        0.18664419877724492,
        0.10318653339889758,
        0.20543269255289773,
        0.34484870823942876,
        0.15216149931579195,
        0.08216990731109236,
        0.28726738852254513,
        0.3852655225541972,
        0.021631284883274433,
        0.34763354264754287
      ]
    }
  ],
  "shots": 2000,
  "backend": "sv1",
  "device_arn": "SV1",
  "aws_region": "eu-west-2",
  "ideal_preprocessing_list": [
    [
      [
        -2.6882403327881583,
        -2.2946728386196322,
        -1.7644927581283318,
        -1.3931400625713715,
        -0.8903859727113604,
        -0.4823675248666565,
        0.01712232706280297,
        0.566219944864131,
        0.6308863881799497,
        0.9547239112770394,
        1.1832017582366436,
        1.5873894963646473,
        1.8601542391710189,
        2.2679757898709236,
        3.0883365412426267,
        16.495181982825468
      ],
      [
        0.1359878104796451,
        0.07415595470227954,
        0.025290650480244946,
        0.023247837756199312,
        0.21137152848025492,
        0.09788663877316489,
        0.020443050133993945,
        0.03258816064071569,
        0.11985234884469559,
        0.07607691448373075,
        0.020897418433858492,
        0.07932466695384836,
        0.12049736273706652,
        0.2254950226950821,
        0.06491798590644676,
        0.9069868550863855
      ]
    ]
  ],
  "probability_threshold": 0,
  "k_qubits": 3,
  "preprocessing_mode": "ideal",
  "projection_mode": "all_components",
  "projection_subset": null,
  "num_solution_qubits": 4,
  "num_projections": 16,
  "projector_basis_states": [
    0,
    1,
    2,
    3,
    4,
    5,
    6,
    7,
    8,
    9,
    10,
    11,
    12,
    13,
    14,
    15
  ],
  "enhanced_projection_results": [
    {
      "problem_index": 0,
      "projection_tasks": [
        {
          "basis_state": 0,
          "task_id": "arn:aws:braket:eu-west-2:380012739362:quantum-task/df095fea-eca2-4b20-ad3e-c5aa3376e4e2",
          "shots": 2000,
          "projector_index": 0
        },
        {
          "basis_state": 1,
          "task_id": "arn:aws:braket:eu-west-2:380012739362:quantum-task/2b31357d-f86d-4141-8f25-377a1fabc157",
          "shots": 2000,
          "projector_index": 1
        },
        {
          "basis_state": 2,
          "task_id": "arn:aws:braket:eu-west-2:380012739362:quantum-task/be869456-6bf3-42a1-a51b-f6eefda36390",
          "shots": 2000,
          "projector_index": 2
        },
        {
          "basis_state": 3,
          "task_id": "arn:aws:braket:eu-west-2:380012739362:quantum-task/81fbffaf-3b64-4d3b-8371-bff5b149b784",
          "shots": 2000,
          "projector_index": 3
        },
        {
          "basis_state": 4,
          "task_id": "arn:aws:braket:eu-west-2:380012739362:quantum-task/6896d644-98a0-47e6-ad90-e3076a0264b8",
          "shots": 2000,
          "projector_index": 4
        },
        {
          "basis_state": 5,
          "task_id": "arn:aws:braket:eu-west-2:380012739362:quantum-task/1bf72d3a-8d26-48de-8b32-72eb1b0658de",
          "shots": 2000,
          "projector_index": 5
        },
        {
          "basis_state": 6,
          "task_id": "arn:aws:braket:eu-west-2:380012739362:quantum-task/a2209e2a-39af-497a-89a7-9e18bcdf19ba",
          "shots": 2000,
          "projector_index": 6
        },
        {
          "basis_state": 7,
          "task_id": "arn:aws:braket:eu-west-2:380012739362:quantum-task/fa430201-bb33-429f-a632-67f625cf32b4",
          "shots": 2000,
          "projector_index": 7
        },
        {
          "basis_state": 8,
          "task_id": "arn:aws:braket:eu-west-2:380012739362:quantum-task/d253e605-08f7-43ac-8b05-f5f0786572e9",
          "shots": 2000,
          "projector_index": 8
        },
        {
          "basis_state": 9,
          "task_id": "arn:aws:braket:eu-west-2:380012739362:quantum-task/fca60a36-15fc-4ee3-ba80-e2b35ca80e79",
          "shots": 2000,
          "projector_index": 9
        },
        {
          "basis_state": 10,
          "task_id": "arn:aws:braket:eu-west-2:380012739362:quantum-task/8874dbd4-629d-421d-b62d-3f620c2c9f8b",
          "shots": 2000,
          "projector_index": 10
        },
        {
          "basis_state": 11,
          "task_id": "arn:aws:braket:eu-west-2:380012739362:quantum-task/e5b41e69-7e54-400e-893f-667bc24b50bd",
          "shots": 2000,
          "projector_index": 11
        },
        {
          "basis_state": 12,
          "task_id": "arn:aws:braket:eu-west-2:380012739362:quantum-task/3ed1c539-aac3-4c30-aa90-cc1c6c29f6c7",
          "shots": 2000,
          "projector_index": 12
        },
        {
          "basis_state": 13,
          "task_id": "arn:aws:braket:eu-west-2:380012739362:quantum-task/01693153-1570-4995-a888-25acc2628f20",
          "shots": 2000,
          "projector_index": 13
        },
        {
          "basis_state": 14,
          "task_id": "arn:aws:braket:eu-west-2:380012739362:quantum-task/82cd80b6-7260-4022-8073-9715e2a6c90c",
          "shots": 2000,
          "projector_index": 14
        },
        {
          "basis_state": 15,
          "task_id": "arn:aws:braket:eu-west-2:380012739362:quantum-task/018e28d4-c32b-4235-ab45-fd3518caa1c8",
          "shots": 2000,
          "projector_index": 15
        }
      ],
      "depth": 4325,
      "num_projections": 16,
      "ideal_solution": [
        {
          "real": 0.22841391643253758,
          "imag": 0.0
        },
        {
          "real": 0.1750165634389247,
          "imag": 0.0
        },
        {
          "real": 0.15888524831330045,
          "imag": 0.0
        },
        {
          "real": -0.3542032084356679,
          "imag": 0.0
        },
        {
          "real": -0.3090999514123565,
          "imag": 0.0
        },
        {
          "real": -0.09044507023530797,
          "imag": 0.0
        },
        {
          "real": 0.018829878009208115,
          "imag": 0.0
        },
        {
          "real": -0.3845490261071856,
          "imag": 0.0
        },
        {
          "real": 0.09367419345608784,
          "imag": 0.0
        },
        {
          "real": 0.20063299240345162,
          "imag": 0.0
        },
        {
          "real": 0.4857931541534393,
          "imag": 0.0
        },
        {
          "real": 0.21984146062662,
          "imag": 0.0
        },
        {
          "real": -0.1931359348278186,
          "imag": 0.0
        },
        {
          "real": 0.1799235205003365,
          "imag": 0.0
        },
        {
          "real": -0.32777122456565944,
          "imag": 0.0
        },
        {
          "real": -0.06383255460917679,
          "imag": 0.0
        }
      ]
    }
  ]
}