{
  "problem_list": [
    {
      "A_matrix": [
        [
          1.2894530029001279,
          1.2067746393718741,
          0.8382254461728711,
          1.2783720136914212,
          0.4163874218678971,
          0.2612646020640066,
          1.3546694228248737,
          1.5997110830140038,
          1.2666596847339031,
          0.5894139601891139,
          0.9342615209787319,
          0.8679979333124137,
          0.974563558150761,
          1.8580902624670106,
          0.5920631161061927,
          1.1366196993605648
        ],
        [
          1.2067746393718741,
          1.2211994727362505,
          0.8205166577228319,
          1.1440244365024967,
          1.858914751674896,
          1.543262020896739,
          0.9154626760161536,
          0.313340664520698,
          0.3353200376551313,
          1.4224666556086398,
          0.7888379299523738,
          0.7114586447989149,
          0.765983906810001,
          0.5639090677615701,
          0.9730947974935061,
          0.5283599786908466
        ],
        [
          0.8382254461728711,
          0.8205166577228319,
          1.8460948701781879,
          0.8229872089521016,
          1.2409926163075573,
          0.8791670152179037,
          0.6823070271563638,
          1.7426995296056311,
          1.2086952006318672,
          0.8687608171945839,
          0.6480518559452423,
          0.8469190023982351,
          1.5443759220574664,
          1.1879916977117047,
          0.14841000276276428,
          1.680899694038761
        ],
        [
          1.2783720136914212,
          1.1440244365024967,
          0.8229872089521016,
          0.634317955520854,
          1.0351734643267987,
          1.3426846423429704,
          1.4385199813259253,
          1.1757438791438564,
          1.2819391432531484,
          0.43128263723813076,
          0.4588659719721957,
          1.4924703789742666,
          0.5241789879160759,
          1.255071878148263,
          1.535215712538645,
          1.003821563904035
        ],
        [
          0.4163874218678971,
          1.858914751674896,
          1.2409926163075573,
          1.0351734643267987,
          0.7263486029407287,
          1.2601445365678399,
          0.9401334256397555,
          1.0483836267258133,
          0.5663949821387053,
          0.8560507219107301,
          1.1343306641582989,
          1.0128932393147254,
          1.3024669806659452,
          1.0102975470868958,
          1.3957887962749842,
          1.7812443443693111
        ],
        [
          0.2612646020640066,
          1.543262020896739,
          0.8791670152179037,
          1.3426846423429704,
          1.2601445365678399,
          1.2125141727796047,
          0.681365402017721,
          0.5864247913229462,
          0.30735649065116033,
          1.3197905307038043,
          0.6611967847465071,
          1.0723389407609267,
          0.41447583206603567,
          1.0015901550858155,
          0.9967987325351091,
          0.43285306581743965
        ],
        [
          1.3546694228248737,
          0.9154626760161536,
          0.6823070271563638,
          1.4385199813259253,
          0.9401334256397555,
          0.681365402017721,
          0.6630529661281424,
          1.0204792682507584,
          1.3755452160282267,
          1.179537046390999,
          0.85418433358903,
          1.4384413889563796,
          1.6180388356635338,
          1.055908986851233,
          0.9049549533495165,
          1.2997160417773266
        ],
        [
          1.5997110830140038,
          0.313340664520698,
          1.7426995296056311,
          1.1757438791438564,
          1.0483836267258133,
          0.5864247913229462,
          1.0204792682507584,
          1.5953010121595164,
          0.8978626862163962,
          0.21644654905039062,
          0.6381430244995767,
          0.5243830093873396,
          0.6563186047774182,
          0.08527000636365067,
          0.4796111099357917,
          0.7005482177095377
        ],
        [
          1.2666596847339031,
          0.3353200376551313,
          1.2086952006318672,
          1.2819391432531484,
          0.5663949821387053,
          0.30735649065116033,
          1.3755452160282267,
          0.8978626862163962,
          1.8838025933749867,
          0.8168765026297586,
          0.538733869499332,
          0.9180682583463287,
          1.2110793718059383,
          0.6447314331360706,
          0.6668196553227489,
          1.0742899495270453
        ],
        [
          0.5894139601891139,
          1.4224666556086398,
          0.8687608171945839,
          0.43128263723813076,
          0.8560507219107301,
          1.3197905307038043,
          1.179537046390999,
          0.21644654905039062,
          0.8168765026297586,
          1.226460346064348,
          0.15935273676192585,
          1.7733257318085887,
          1.4116048901466802,
          1.2480757768013895,
          0.965304980444921,
          0.9362105115536259
        ],
        [
          0.9342615209787319,
          0.7888379299523738,
          0.6480518559452423,
          0.4588659719721957,
          1.1343306641582989,
          0.6611967847465071,
          0.85418433358903,
          0.6381430244995767,
          0.538733869499332,
          0.15935273676192585,
          1.1057471816004858,
          1.0289867367990455,
          1.0149641156276712,
          1.1753942156085362,
          0.6742846576543647,
          0.9014792826833844
        ],
        [
          0.8679979333124137,
          0.7114586447989149,
          0.8469190023982351,
          1.4924703789742666,
          1.0128932393147254,
          1.0723389407609267,
          1.4384413889563796,
          0.5243830093873396,
          0.9180682583463287,
          1.7733257318085887,
          1.0289867367990455,
          1.6756280959383052,
          1.0600619068255712,
          0.9086904178555457,
          1.4761653109863309,
          0.7072644191371765
        ],
        [
          0.974563558150761,
          0.765983906810001,
          1.5443759220574664,
          0.5241789879160759,
          1.3024669806659452,
          0.41447583206603567,
          1.6180388356635338,
          0.6563186047774182,
          1.2110793718059383,
          1.4116048901466802,
          1.0149641156276712,
          1.0600619068255712,
          0.5442888348332116,
          0.9081368437842186,
          1.2137366360002164,
          1.1355048027812247
        ],
        [
          1.8580902624670106,
          0.5639090677615701,
          1.1879916977117047,
          1.255071878148263,
          1.0102975470868958,
          1.0015901550858155,
          1.055908986851233,
          0.08527000636365067,
          0.6447314331360706,
          1.2480757768013895,
          1.1753942156085362,
          0.9086904178555457,
          0.9081368437842186,
          0.10834347612911288,
          0.9490830315287572,
          1.572654096503344
        ],
        [
          0.5920631161061927,
          0.9730947974935061,
          0.14841000276276428,
          1.535215712538645,
          1.3957887962749842,
          0.9967987325351091,
          0.9049549533495165,
          0.4796111099357917,
          0.6668196553227489,
          0.965304980444921,
          0.6742846576543647,
          1.4761653109863309,
          1.2137366360002164,
          0.9490830315287572,
          1.7930029477322504,
          1.0162244549205337
        ],
        [
          1.1366196993605648,
          0.5283599786908466,
          1.680899694038761,
          1.003821563904035,
          1.7812443443693111,
          0.43285306581743965,
          1.2997160417773266,
          0.7005482177095377,
          1.0742899495270453,
          0.9362105115536259,
          0.9014792826833844,
          0.7072644191371765,
          1.1355048027812247,
          1.572654096503344,
          1.0162244549205337,
          0.197627413302224
        ]
      ],
      "b_vector": [
        0.296031556728243,
        0.29632346454494085,
        0.1941301123525248,
        0.05456996252105033,
        0.3551516890882127,
        0.26883433160680875,
        0.23032430452710845,
        0.28030381673778876,
        0.289258400101524,
        0.006490801471181301,
        0.3049721600874094,
        0.18220140282605055,
        0.3314507980584794,
        0.01517787487126218,
        0.0011439565879948297,
        0.36586879505383696
      ]
    }
  ],
  "shots": 2000,
  "backend": "sv1",
  "device_arn": "SV1",
  "aws_region": "eu-west-2",
  "ideal_preprocessing_list": [
    [
      [
        -2.5565260137666703,
        -2.034774716590591,
        -1.6301033898042314,
        -1.3870483068586412,
        -0.7616020438416881,
        -0.430445589710442,
        -0.3801844511757873,
        0.3618910743742081,
        0.39382107369366554,
        0.6906735105205697,
        1.0942600271911422,
        1.348777577999737,
        1.6515944281774027,
        2.0907621595910455,
        3.390063941626833,
        15.882023662891779
      ],
      [
        0.036317724996998535,
        0.17347320871237853,
        0.12528275645795056,
        0.19731215962481477,
        0.056144468111901186,
        0.041496013811274365,
        0.05589793124647095,
        0.11280886296117437,
        0.2752902074203542,
        0.02925678319924313,
        0.007752149082823553,
        0.10219141658442082,
        0.023988150063171135,
        0.18566199425386315,
        0.18680130434057468,
        0.8579925982814681
      ]
    ]
  ],
  "probability_threshold": 0,
  "k_qubits": 4,
  "preprocessing_mode": "ideal",
  "projection_mode": "all_components",
  "projection_subset": null,
  "num_solution_qubits": 4,
  "num_projections": 16,
  "projector_basis_states": [
    0,
    1,
    2,
    3,
    4,
    5,
    6,
    7,
    8,
    9,
    10,
    11,
    12,
    13,
    14,
    15
  ],
  "enhanced_projection_results": [
    {
      "problem_index": 0,
      "projection_tasks": [
        {
          "basis_state": 0,
          "task_id": "arn:aws:braket:eu-west-2:380012739362:quantum-task/7a1b9bbd-fef3-4a89-8bad-b6e3604441d8",
          "status": "DONE",
          "shots": 2000,
          "created_at": "2025-12-22 18:54:22.674000+00:00",
          "ended_at": "2025-12-22 18:54:26.952000+00:00",
          "execution_time_seconds": 4.278,
          "counts": {
            "000000000": 161,
            "010000000": 127,
            "110000000": 150,
            "111100000": 238,
            "101100000": 73,
            "001000000": 168,
            "000100000": 75,
            "010100000": 109,
            "100000000": 114,
            "011100000": 149,
            "101000001": 95,
            "110100000": 43,
            "100100000": 15,
            "011000000": 74,
            "101100001": 36,
            "111111001": 11,
            "001001001": 3,
            "101000000": 68,
            "000100001": 37,
            "100000001": 1,
            "001100000": 46,
            "001010100": 1,
            "011000001": 9,
            "111000000": 21,
            "010011001": 8,
            "110110001": 4,
            "111000001": 17,
            "010000001": 16,
            "100000111": 1,
            "010100001": 20,
            "010101111": 1,
            "101011001": 4,
            "111100001": 10,
            "011100001": 7,
            "101110000": 1,
            "100110001": 2,
            "110101001": 1,
            "110000110": 1,
            "111010101": 2,
            "111101000": 1,
            "000101000": 1,
            "111100011": 1,
            "111000110": 1,
            "000111001": 3,
            "111111000": 1,
            "101000101": 1,
            "000000001": 14,
            "110100001": 3,
            "010010111": 1,
            "101110001": 2,
            "100011001": 3,
            "010010100": 2,
            "011111100": 1,
            "000110001": 1,
            "011100100": 1,
            "000101101": 1,
            "110110100": 1,
            "000101011": 1,
            "100010001": 1,
            "010111101": 1,
            "101111101": 1,
            "111100010": 1,
            "111010100": 1,
            "111000111": 1,
            "000100100": 1,
            "010010001": 2,
            "111101110": 1,
            "000110000": 2,
            "010011000": 1,
            "001010001": 2,
            "010000100": 1,
            "101010001": 4,
            "111110101": 1,
            "001001000": 1,
            "011011101": 1,
            "001000100": 1,
            "001100001": 1,
            "101000100": 1,
            "000010101": 1,
            "111110001": 1,
            "101010000": 1,
            "100110101": 1,
            "001011001": 1,
            "010010101": 1,
            "000111000": 1,
            "001111001": 1,
            "111001101": 1,
            "000101001": 1,
            "100101001": 1,
            "001100010": 1,
            "111101101": 1,
            "010011101": 1,
            "001101000": 1
          },
          "component_probability": 0.043859649122807015,
          "success_rate": 0.171
        },
        {
          "basis_state": 1,
          "task_id": "arn:aws:braket:eu-west-2:380012739362:quantum-task/bea64047-aad8-43a4-8a09-5e7a1d6b3f73",
          "status": "DONE",
          "shots": 2000,
          "created_at": "2025-12-22 18:54:25.427000+00:00",
          "ended_at": "2025-12-22 18:54:29.496000+00:00",
          "execution_time_seconds": 4.069,
          "counts": {
            "011100000": 139,
            "001000000": 177,
            "101100000": 83,
            "000000000": 203,
            "110000000": 135,
            "111100000": 231,
            "000111101": 2,
            "101000001": 79,
            "101000000": 59,
            "010100000": 112,
            "110100000": 45,
            "011000000": 70,
            "000100000": 81,
            "111000001": 17,
            "100000000": 104,
            "101100001": 28,
            "000100001": 36,
            "000000001": 24,
            "010000001": 16,
            "011000001": 10,
            "010000000": 119,
            "101101000": 2,
            "111110101": 3,
            "010100001": 11,
            "000110001": 6,
            "001001001": 3,
            "011111101": 1,
            "000101010": 1,
            "001100000": 44,
            "111000000": 17,
            "011101000": 2,
            "111001101": 2,
            "011111100": 1,
            "001011101": 1,
            "000111000": 1,
            "110110001": 11,
            "111100001": 14,
            "110101001": 1,
            "100100000": 18,
            "101010001": 3,
            "100101001": 2,
            "111111001": 9,
            "000110000": 2,
            "010011001": 6,
            "011101001": 1,
            "001101000": 1,
            "111101000": 1,
            "101011001": 3,
            "101010000": 1,
            "001110101": 2,
            "010001000": 2,
            "110111001": 1,
            "010001101": 3,
            "111100100": 1,
            "001111001": 1,
            "100011001": 1,
            "000111001": 4,
            "100000001": 4,
            "000101000": 1,
            "000011000": 2,
            "010110000": 3,
            "001101001": 1,
            "001010001": 1,
            "010010101": 2,
            "101110110": 2,
            "000011001": 1,
            "011100001": 3,
            "000110010": 1,
            "001000101": 3,
            "110100001": 1,
            "111110000": 2,
            "000010000": 1,
            "111010101": 1,
            "100111010": 1,
            "110010001": 1,
            "011001001": 1,
            "001001000": 1,
            "110010111": 1,
            "010111101": 1,
            "101100100": 1,
            "101011000": 1,
            "010101001": 2,
            "001011000": 1,
            "010011000": 1,
            "100001001": 1,
            "110000001": 1,
            "100010011": 1,
            "000110111": 1,
            "101111100": 1,
            "111010000": 1
          },
          "component_probability": 0.14939024390243902,
          "success_rate": 0.164
        },
        {
          "basis_state": 2,
          "task_id": "arn:aws:braket:eu-west-2:380012739362:quantum-task/13fc2f43-0f70-4bd9-b4f7-e04af2ad9006",
          "status": "DONE",
          "shots": 2000,
          "created_at": "2025-12-22 18:54:28.163000+00:00",
          "ended_at": "2025-12-22 18:54:31.927000+00:00",
          "execution_time_seconds": 3.764,
          "counts": {
            "100100000": 20,
            "000100000": 79,
            "000000000": 208,
            "100000000": 113,
            "101000001": 103,
            "110000000": 155,
            "001000000": 128,
            "111100000": 228,
            "101100000": 90,
            "001100000": 33,
            "010000000": 123,
            "100011100": 1,
            "101000000": 60,
            "001011101": 2,
            "010000001": 16,
            "000100001": 31,
            "011100000": 147,
            "001001001": 3,
            "010011001": 4,
            "101100001": 41,
            "011000000": 71,
            "110100000": 45,
            "010100000": 88,
            "011100001": 6,
            "111100001": 18,
            "110101001": 2,
            "000000001": 24,
            "110110001": 8,
            "001010001": 4,
            "111000001": 18,
            "101001101": 2,
            "111111001": 9,
            "010100001": 21,
            "101010101": 1,
            "011000001": 10,
            "100000001": 5,
            "000110001": 2,
            "111000000": 25,
            "010101001": 1,
            "100110001": 2,
            "000010111": 1,
            "010001001": 1,
            "100011001": 4,
            "111100100": 3,
            "000011001": 2,
            "000111001": 7,
            "101010001": 4,
            "001111000": 1,
            "011101011": 1,
            "000001101": 1,
            "111110011": 1,
            "111000100": 2,
            "111110101": 2,
            "000011000": 1,
            "101011000": 1,
            "111001101": 1,
            "111101001": 1,
            "100101001": 1,
            "111111100": 1,
            "110100100": 1,
            "000011101": 2,
            "101011001": 2,
            "101110101": 1,
            "001111001": 2,
            "101000101": 1,
            "101111001": 1,
            "111110000": 1,
            "010001101": 1,
            "011101001": 1,
            "100010011": 1,
            "101110001": 1,
            "001011000": 1,
            "110100001": 1
          },
          "component_probability": 0.02406417112299465,
          "success_rate": 0.187
        },
        {
          "basis_state": 3,
          "task_id": "arn:aws:braket:eu-west-2:380012739362:quantum-task/cb1678dd-ff39-4d84-8c07-fd326a0d278c",
          "status": "DONE",
          "shots": 2000,
          "created_at": "2025-12-22 18:54:30.900000+00:00",
          "ended_at": "2025-12-22 18:54:34.935000+00:00",
          "execution_time_seconds": 4.035,
          "counts": {
            "010000000": 125,
            "101000000": 54,
            "000100001": 35,
            "101100000": 79,
            "011000000": 72,
            "111100000": 240,
            "000000000": 183,
            "110100000": 39,
            "000100000": 85,
            "101000001": 98,
            "011100000": 141,
            "111100001": 13,
            "010100000": 97,
            "100110001": 2,
            "010100001": 21,
            "001000000": 135,
            "100000000": 95,
            "001100000": 41,
            "100100000": 20,
            "110000000": 174,
            "010011001": 8,
            "111000000": 19,
            "000000001": 27,
            "101100001": 34,
            "111000001": 20,
            "001101101": 2,
            "010001101": 1,
            "000110000": 3,
            "001110101": 1,
            "000011001": 3,
            "001110000": 2,
            "110110001": 6,
            "010010000": 2,
            "011111100": 1,
            "000110001": 4,
            "010000001": 15,
            "001010001": 3,
            "111111001": 12,
            "000111001": 4,
            "110100001": 6,
            "010101001": 1,
            "001111001": 1,
            "011000001": 7,
            "100010011": 1,
            "110101000": 1,
            "011100001": 7,
            "101110000": 1,
            "101101000": 1,
            "101101001": 3,
            "100000001": 4,
            "001011000": 2,
            "011010000": 1,
            "111111100": 1,
            "101001101": 1,
            "001101001": 1,
            "111111000": 1,
            "011111101": 1,
            "111101010": 1,
            "011010011": 1,
            "100010100": 1,
            "010010001": 1,
            "110101001": 2,
            "010001000": 1,
            "010110000": 1,
            "001001001": 4,
            "101111101": 1,
            "101001000": 1,
            "101010001": 1,
            "000001101": 1,
            "001000101": 2,
            "000101001": 3,
            "000101000": 1,
            "101100111": 1,
            "101101101": 2,
            "010001011": 1,
            "101011001": 1,
            "000111101": 1,
            "111001101": 1,
            "100101001": 1,
            "111010101": 2,
            "010011100": 1,
            "011101011": 1,
            "111101000": 2,
            "010110001": 1,
            "100110000": 1,
            "110110101": 1,
            "111110101": 1,
            "101011111": 1,
            "101011000": 1,
            "001001101": 1
          },
          "component_probability": 0.013368983957219251,
          "success_rate": 0.187
        },
        {
          "basis_state": 4,
          "task_id": "arn:aws:braket:eu-west-2:380012739362:quantum-task/1bb7d059-f04e-4e1e-a1d9-9d2dd599409d",
          "status": "DONE",
          "shots": 2000,
          "created_at": "2025-12-22 18:54:33.720000+00:00",
          "ended_at": "2025-12-22 18:54:37.860000+00:00",
          "execution_time_seconds": 4.14,
          "counts": {
            "011100000": 141,
            "111100000": 206,
            "101100001": 43,
            "101000001": 108,
            "100000000": 97,
            "111000000": 25,
            "010100001": 27,
            "010000000": 106,
            "000000000": 198,
            "010100000": 85,
            "101100000": 82,
            "001000000": 143,
            "110000000": 143,
            "110100000": 40,
            "010011001": 14,
            "101000000": 63,
            "000100001": 25,
            "101001101": 1,
            "000100000": 76,
            "001000101": 1,
            "111111001": 17,
            "000000001": 25,
            "101011000": 2,
            "100011001": 1,
            "001100000": 48,
            "111100001": 22,
            "011000000": 70,
            "010000001": 20,
            "011000001": 15,
            "010110001": 2,
            "101010000": 3,
            "111110111": 1,
            "000111001": 10,
            "100100000": 22,
            "000110001": 6,
            "101011001": 3,
            "101010001": 2,
            "110110001": 6,
            "001000100": 1,
            "011100001": 5,
            "100000001": 6,
            "111000001": 24,
            "010010000": 1,
            "110010001": 1,
            "001001001": 4,
            "011101101": 3,
            "001111001": 1,
            "000011001": 3,
            "101001000": 2,
            "100110000": 1,
            "111101101": 1,
            "001010001": 4,
            "111101000": 1,
            "110100100": 1,
            "010010001": 1,
            "111111100": 1,
            "001001000": 1,
            "101101101": 1,
            "000001101": 1,
            "101110000": 1,
            "010101001": 2,
            "110100001": 2,
            "111010101": 1,
            "111001101": 1,
            "000010101": 1,
            "100010111": 1,
            "000001100": 1,
            "111101110": 1,
            "011101001": 1,
            "011111010": 1,
            "010001000": 2,
            "100011100": 1,
            "010110110": 1,
            "010001100": 1,
            "110101001": 1,
            "000010000": 1,
            "000110000": 1,
            "100100100": 2,
            "110101000": 1,
            "111110101": 1,
            "001011010": 1,
            "001001111": 1,
            "000101000": 1,
            "010001101": 1,
            "001011001": 1,
            "000101101": 1,
            "111110000": 1,
            "010010101": 1,
            "001010000": 1,
            "101001001": 1,
            "110000101": 1,
            "010111101": 1
          },
          "component_probability": 0.08747044917257683,
          "success_rate": 0.2115
        },
        {
          "basis_state": 5,
          "task_id": "arn:aws:braket:eu-west-2:380012739362:quantum-task/7fbb5b01-ff97-4632-9e91-c4314f3d0a93",
          "status": "DONE",
          "shots": 2000,
          "created_at": "2025-12-22 18:54:36.380000+00:00",
          "ended_at": "2025-12-22 18:54:41.702000+00:00",
          "execution_time_seconds": 5.322,
          "counts": {
            "011000000": 83,
            "000100000": 81,
            "111100000": 228,
            "101000001": 105,
            "000000000": 188,
            "010000000": 128,
            "101100001": 21,
            "101100000": 84,
            "011000001": 22,
            "011100000": 132,
            "100100000": 25,
            "111000000": 21,
            "100000000": 93,
            "101000100": 1,
            "000000001": 36,
            "000110100": 1,
            "010100001": 15,
            "110000000": 154,
            "101000000": 50,
            "011100001": 7,
            "010100000": 82,
            "001100000": 56,
            "001000000": 168,
            "111001000": 1,
            "111100001": 23,
            "110100000": 43,
            "110110101": 1,
            "011011000": 1,
            "111000001": 19,
            "000100001": 23,
            "101011001": 3,
            "000101000": 1,
            "000011001": 1,
            "001011101": 1,
            "110000111": 1,
            "010000001": 7,
            "001110000": 1,
            "010101101": 1,
            "110100001": 2,
            "001000101": 2,
            "010010101": 1,
            "101010001": 5,
            "000111001": 3,
            "101001000": 4,
            "000011000": 2,
            "111111001": 10,
            "111010000": 1,
            "000110001": 3,
            "111010101": 1,
            "110110001": 4,
            "101001001": 1,
            "010101110": 1,
            "010011001": 3,
            "111101000": 2,
            "100011001": 4,
            "011110111": 1,
            "111100100": 2,
            "110111000": 1,
            "111001011": 1,
            "111110101": 2,
            "001001001": 2,
            "100010101": 1,
            "101011101": 1,
            "110010001": 1,
            "101010000": 1,
            "010110001": 1,
            "000100111": 1,
            "010011000": 1,
            "011101011": 1,
            "000110101": 1,
            "100001011": 1,
            "001010111": 1,
            "111110000": 2,
            "101101001": 1,
            "111000100": 1,
            "100000100": 1,
            "010110000": 1,
            "000110000": 1,
            "111111100": 2,
            "001011000": 1,
            "001111001": 2,
            "010001000": 1,
            "001010001": 1,
            "010101010": 1,
            "001101001": 1,
            "011011001": 1,
            "011101000": 1,
            "001110100": 1,
            "111010010": 1,
            "110110100": 1,
            "000111000": 1,
            "110101001": 1
          },
          "component_probability": 0.04899135446685879,
          "success_rate": 0.1735
        },
        {
          "basis_state": 6,
          "task_id": "arn:aws:braket:eu-west-2:380012739362:quantum-task/30e5bf26-104a-4f5e-b751-4969127be52f",
          "status": "DONE",
          "shots": 2000,
          "created_at": "2025-12-22 18:54:39.050000+00:00",
          "ended_at": "2025-12-22 18:54:43.442000+00:00",
          "execution_time_seconds": 4.392,
          "counts": {
            "110100000": 39,
            "110000000": 170,
            "000100001": 27,
            "111100000": 263,
            "100000000": 115,
            "001000000": 148,
            "101010001": 3,
            "000000000": 173,
            "101100001": 29,
            "011000000": 73,
            "011100000": 129,
            "101100000": 82,
            "101000001": 116,
            "111100001": 16,
            "010000000": 123,
            "010000001": 16,
            "000100000": 68,
            "111111001": 11,
            "010100000": 93,
            "001100000": 45,
            "101000000": 58,
            "000000001": 22,
            "111000000": 13,
            "100000001": 3,
            "100110001": 1,
            "111000001": 16,
            "010001101": 2,
            "010100001": 19,
            "101011001": 4,
            "110110000": 3,
            "100100000": 11,
            "011000001": 11,
            "000110001": 4,
            "011010001": 1,
            "001010000": 2,
            "111110101": 2,
            "001010001": 2,
            "000111001": 8,
            "011100001": 4,
            "000110011": 1,
            "010001100": 1,
            "110111101": 1,
            "011111101": 1,
            "011100100": 1,
            "111010101": 1,
            "100101110": 1,
            "001110001": 1,
            "100110000": 2,
            "101011000": 3,
            "101011110": 1,
            "111110000": 1,
            "110110001": 6,
            "010011001": 2,
            "111101000": 4,
            "101110101": 1,
            "001011000": 2,
            "110100001": 1,
            "011101000": 1,
            "001111001": 1,
            "110010001": 1,
            "100001001": 1,
            "111101101": 1,
            "001011001": 1,
            "000011101": 1,
            "001011111": 1,
            "000011001": 1,
            "101100100": 2,
            "011000101": 1,
            "000101000": 2,
            "010110001": 1,
            "100010011": 1,
            "100010101": 2,
            "101110001": 1,
            "101101001": 2,
            "001101101": 1,
            "111101001": 1,
            "100001101": 1,
            "000110100": 2,
            "000001101": 1,
            "101111100": 1,
            "100101000": 1,
            "000101101": 1,
            "001001001": 2,
            "101101101": 1,
            "111110011": 1,
            "000010101": 1,
            "100101001": 1,
            "100011001": 2,
            "010011000": 1,
            "100111101": 1,
            "100100100": 1,
            "000100100": 1,
            "010010101": 1,
            "011110000": 1
          },
          "component_probability": 0.03581267217630854,
          "success_rate": 0.1815
        },
        {
          "basis_state": 7,
          "task_id": "arn:aws:braket:eu-west-2:380012739362:quantum-task/745fee27-4ce9-47e6-8758-cf59a21f728e",
          "status": "DONE",
          "shots": 2000,
          "created_at": "2025-12-22 18:54:41.730000+00:00",
          "ended_at": "2025-12-22 18:54:46.839000+00:00",
          "execution_time_seconds": 5.109,
          "counts": {
            "010100000": 118,
            "001000000": 156,
            "011000000": 68,
            "000000001": 31,
            "010000000": 127,
            "111100000": 220,
            "000011000": 1,
            "110000000": 149,
            "101000000": 84,
            "010011001": 5,
            "010100001": 23,
            "100000000": 90,
            "000100000": 74,
            "101000001": 100,
            "000000000": 178,
            "101100001": 32,
            "111111000": 2,
            "111101000": 3,
            "000100001": 41,
            "001100000": 48,
            "011100000": 147,
            "110100001": 1,
            "110100000": 41,
            "100010011": 1,
            "111000000": 25,
            "110000110": 1,
            "101100000": 73,
            "110110001": 5,
            "010000001": 19,
            "000101011": 1,
            "101011001": 4,
            "000111001": 5,
            "011000001": 11,
            "001110000": 2,
            "100100000": 17,
            "000010100": 1,
            "001010001": 1,
            "111000001": 15,
            "101101001": 4,
            "010001101": 1,
            "000110001": 4,
            "000011001": 2,
            "111100001": 9,
            "100000001": 4,
            "110100111": 1,
            "011100001": 4,
            "001000101": 4,
            "101010001": 2,
            "001111100": 1,
            "111111001": 11,
            "001001001": 3,
            "010001000": 1,
            "101101101": 1,
            "010011000": 1,
            "110000001": 1,
            "011011001": 1,
            "111010101": 3,
            "010001111": 1,
            "001010000": 1,
            "001111001": 2,
            "100010001": 1,
            "111111110": 1,
            "111110110": 1,
            "010001011": 1,
            "000110101": 1,
            "000100100": 1,
            "010101101": 1,
            "000001101": 1,
            "010010101": 1,
            "010111011": 1,
            "100110001": 2,
            "101100100": 1,
            "111111100": 1,
            "001001000": 1,
            "000010101": 1,
            "000101000": 1,
            "100011001": 1
          },
          "component_probability": 0.01098901098901099,
          "success_rate": 0.182
        },
        {
          "basis_state": 8,
          "task_id": "arn:aws:braket:eu-west-2:380012739362:quantum-task/090de310-1813-47f4-91f7-65d55363f098",
          "status": "DONE",
          "shots": 2000,
          "created_at": "2025-12-22 18:54:44.431000+00:00",
          "ended_at": "2025-12-22 18:54:48.903000+00:00",
          "execution_time_seconds": 4.472,
          "counts": {
            "110000000": 165,
            "111100000": 215,
            "100100000": 21,
            "000000000": 175,
            "100010001": 1,
            "010000000": 122,
            "011100000": 138,
            "001000000": 134,
            "001000101": 4,
            "010100000": 102,
            "011000000": 67,
            "101000000": 75,
            "101100000": 86,
            "000100001": 40,
            "101100001": 46,
            "001100000": 53,
            "011100100": 1,
            "000100000": 81,
            "000000001": 27,
            "101000001": 98,
            "110100000": 33,
            "010110001": 2,
            "011000001": 14,
            "000011001": 2,
            "111000001": 28,
            "100011001": 3,
            "101010001": 4,
            "100000001": 4,
            "010000001": 9,
            "100000000": 94,
            "101001000": 2,
            "110110001": 7,
            "010100001": 19,
            "000111001": 3,
            "111000000": 22,
            "010001010": 1,
            "111100001": 20,
            "111101000": 4,
            "001011000": 4,
            "000110001": 3,
            "001110000": 1,
            "111111001": 7,
            "010001101": 1,
            "110101001": 3,
            "101110100": 1,
            "011100001": 3,
            "000101010": 1,
            "001011001": 1,
            "010011000": 2,
            "000010111": 1,
            "100010101": 1,
            "000101000": 1,
            "101011001": 2,
            "010011001": 4,
            "111001101": 1,
            "111010100": 1,
            "110100001": 1,
            "101110101": 2,
            "001001001": 4,
            "011101000": 1,
            "000110000": 2,
            "100011100": 2,
            "001111111": 1,
            "001100001": 1,
            "001110101": 1,
            "111111110": 1,
            "001011101": 1,
            "010010011": 1,
            "101011000": 1,
            "001000100": 1,
            "101101000": 1,
            "001111001": 3,
            "010001100": 1,
            "000110100": 1,
            "001010100": 1,
            "100010011": 2,
            "111111100": 1,
            "000111111": 1,
            "111010000": 1,
            "101010000": 1,
            "011001001": 1,
            "110010001": 1,
            "010010001": 1,
            "011111100": 1,
            "101001001": 1,
            "000101001": 1,
            "101001101": 1
          },
          "component_probability": 0.028795811518324606,
          "success_rate": 0.191
        },
        {
          "basis_state": 9,
          "task_id": "arn:aws:braket:eu-west-2:380012739362:quantum-task/cee19de4-0d2e-49a6-9201-cda3876be11b",
          "status": "DONE",
          "shots": 2000,
          "created_at": "2025-12-22 18:54:47.160000+00:00",
          "ended_at": "2025-12-22 18:54:52.108000+00:00",
          "execution_time_seconds": 4.948,
          "counts": {
            "001000000": 166,
            "100000000": 109,
            "111100001": 16,
            "101100000": 76,
            "110000000": 156,
            "000000000": 179,
            "000100001": 34,
            "111100000": 222,
            "111000001": 22,
            "011100000": 141,
            "101100001": 24,
            "010100000": 98,
            "101000000": 48,
            "001100000": 41,
            "010000000": 129,
            "111111001": 16,
            "000100000": 79,
            "011000000": 63,
            "010111101": 2,
            "010000001": 19,
            "101101000": 1,
            "111000000": 23,
            "101000001": 107,
            "000111001": 6,
            "111001101": 1,
            "000001101": 1,
            "001001000": 1,
            "001111001": 1,
            "101110000": 3,
            "001010001": 4,
            "110100000": 31,
            "000100100": 1,
            "000110000": 3,
            "110100001": 2,
            "100011001": 4,
            "100100000": 14,
            "011000001": 22,
            "100000001": 5,
            "000000001": 28,
            "111100010": 1,
            "010100111": 1,
            "111001000": 1,
            "000110001": 1,
            "010101001": 2,
            "111110000": 4,
            "010100001": 22,
            "101001000": 1,
            "111101000": 2,
            "010011001": 6,
            "110110001": 5,
            "001010000": 1,
            "110101001": 1,
            "101111100": 1,
            "110111011": 1,
            "011101001": 1,
            "000110100": 1,
            "000001000": 1,
            "001001001": 3,
            "001010110": 1,
            "000101000": 2,
            "000011001": 1,
            "010011000": 1,
            "101010000": 1,
            "001100001": 1,
            "011100001": 6,
            "100101001": 1,
            "111010101": 1,
            "111110101": 2,
            "101011001": 3,
            "111101101": 1,
            "101010001": 2,
            "110110100": 1,
            "100011000": 1,
            "111111100": 2,
            "001011101": 1,
            "000010110": 1,
            "010011100": 1,
            "011101011": 1,
            "010000100": 1,
            "000101001": 2,
            "001100111": 1,
            "010001110": 1,
            "001110000": 1,
            "110010001": 1,
            "101001001": 1,
            "000111000": 1,
            "101110101": 1,
            "100000101": 1,
            "111111000": 1,
            "001011011": 1,
            "010001100": 1,
            "110000001": 1
          },
          "component_probability": 0.0025906735751295338,
