{
  "problem_list": [
    {
      "A_matrix": [
        [
          0.1608962882211804,
          1.6543965954083197,
          0.6785061335685703,
          0.3833460453150159,
          0.9914683809322735,
          1.092773103075348,
          0.38948091917385463,
          0.8538811699543577
        ],
        [
          1.6543965954083197,
          1.4669664728938734,
          1.172555162425049,
          1.645745546769121,
          0.917830099109217,
          1.5854364514359396,
          0.3295848531149499,
          0.6744761148444509
        ],
        [
          0.6785061335685703,
          1.172555162425049,
          0.5277055640098249,
          0.6707495181320353,
          0.6202164737418117,
          1.8233261825109972,
          0.9424844356664356,
          1.2154274342358986
        ],
        [
          0.3833460453150159,
          1.645745546769121,
          0.6707495181320353,
          0.11941521979062153,
          1.1559427138616787,
          1.1483742159722765,
          1.1187286712313447,
          0.8833834293468722
        ],
        [
          0.9914683809322735,
          0.917830099109217,
          0.6202164737418117,
          1.1559427138616787,
          1.8946488931218886,
          0.689726686035062,
          1.837090149938376,
          1.5777362027495259
        ],
        [
          1.092773103075348,
          1.5854364514359396,
          1.8233261825109972,
          1.1483742159722765,
          0.689726686035062,
          1.6356667064475248,
          1.4365672418376803,
          0.35175711342920146
        ],
        [
          0.38948091917385463,
          0.3295848531149499,
          0.9424844356664356,
          1.1187286712313447,
          1.837090149938376,
          1.4365672418376803,
          0.12604039121303545,
          0.8189790344346213
        ],
        [
          0.8538811699543577,
          0.6744761148444509,
          1.2154274342358986,
          0.8833834293468722,
          1.5777362027495259,
          0.35175711342920146,
          0.8189790344346213,
          1.0659177668173938
        ]
      ],
      "b_vector": [
        0.12352190026299759,
        0.3186763955154288,
        0.04391139365566658,
        0.4463547333467789,
        0.5526619305607435,
        0.2928186007264929,
        0.46310564254606085,
        0.2763732223684232
      ]
    }
  ],
  "shots": 2000,
  "backend": "sv1",
  "device_arn": "SV1",
  "aws_region": "eu-west-2",
  "ideal_preprocessing_list": [
    [
      [
        -1.7921243177399961,
        -1.4714335522196518,
        -1.0664290341025613,
        -0.25785530849644833,
        0.3909428777174728,
        0.8773838519736864,
        2.0927447585782364,
        8.224028026804607
      ],
      [
        0.05688267102346451,
        0.0048787701097081915,
        0.1048337586911346,
        0.14807806915303676,
        0.27157559023442845,
        0.031269199443042545,
        0.27316471548898985,
        0.9024817460651946
      ]
    ]
  ],
  "probability_threshold": 0,
  "k_qubits": 4,
  "preprocessing_mode": "ideal",
  "projection_mode": "all_components",
  "projection_subset": null,
  "num_solution_qubits": 3,
  "num_projections": 8,
  "projector_basis_states": [
    0,
    1,
    2,
    3,
    4,
    5,
    6,
    7
  ],
  "enhanced_projection_results": [
    {
      "problem_index": 0,
      "projection_tasks": [
        {
          "basis_state": 0,
          "task_id": "arn:aws:braket:eu-west-2:380012739362:quantum-task/53f6279e-d9d9-46e8-a001-d964037c0305",
          "shots": 2000,
          "projector_index": 0
        },
        {
          "basis_state": 1,
          "task_id": "arn:aws:braket:eu-west-2:380012739362:quantum-task/4565417e-a3aa-41dc-ae79-b7e78b2d38cd",
          "shots": 2000,
          "projector_index": 1
        },
        {
          "basis_state": 2,
          "task_id": "arn:aws:braket:eu-west-2:380012739362:quantum-task/a19ceca9-d5fa-4c3e-ae04-752d3d52679c",
          "shots": 2000,
          "projector_index": 2
        },
        {
          "basis_state": 3,
          "task_id": "arn:aws:braket:eu-west-2:380012739362:quantum-task/11455b15-e608-45f8-8c0f-69411dd8e63c",
          "shots": 2000,
          "projector_index": 3
        },
        {
          "basis_state": 4,
          "task_id": "arn:aws:braket:eu-west-2:380012739362:quantum-task/aafce8f3-80e6-448e-9241-fd980c5da337",
          "shots": 2000,
          "projector_index": 4
        },
        {
          "basis_state": 5,
          "task_id": "arn:aws:braket:eu-west-2:380012739362:quantum-task/ab98ca4c-3266-41fc-b066-323f272c6a09",
          "shots": 2000,
          "projector_index": 5
        },
        {
          "basis_state": 6,
          "task_id": "arn:aws:braket:eu-west-2:380012739362:quantum-task/3c61bbd6-f38f-4e7f-9abe-40cd2fbd61b4",
          "shots": 2000,
          "projector_index": 6
        },
        {
          "basis_state": 7,
          "task_id": "arn:aws:braket:eu-west-2:380012739362:quantum-task/7b2a2d4c-56e1-49c3-b57c-e8f465e5b472",
          "shots": 2000,
          "projector_index": 7
        }
      ],
      "depth": 1431,
      "num_projections": 8,
      "ideal_solution": [
        {
          "real": 0.33137640288462816,
          "imag": 0.0
        },
        {
          "real": 0.01676444120860639,
          "imag": 0.0
        },
        {
          "real": -0.29859697346821185,
          "imag": 0.0
        },
        {
          "real": -0.19706633118307584,
          "imag": 0.0
        },
        {
          "real": 0.612058433832475,
          "imag": 0.0
        },
        {
          "real": 0.13698267608204928,
          "imag": 0.0
        },
        {
          "real": 0.17881538756711032,
          "imag": 0.0
        },
        {
          "real": -0.5801367242892286,
          "imag": 0.0
        }
      ]
    }
  ]
}