{
  "problem_list": [
    {
      "A_matrix": [
        [
          0.5413446582180736,
          1.2450066105391526,
          0.4925162410337064,
          0.8590017945667472,
          0.8888765175365135,
          1.0415262836265182,
          0.6112606446242315,
          1.0968332182907758
        ],
        [
          1.2450066105391526,
          0.4890205993835781,
          0.9174957233557167,
          1.2821530218667139,
          0.9230070919621408,
          1.4763676012116718,
          0.9715834705715228,
          0.6725698975394723
        ],
        [
          0.4925162410337064,
          0.9174957233557167,
          0.9462998614497209,
          0.4446795365119811,
          1.2083110687563492,
          0.5730948947986456,
          1.594817726663944,
          1.3143263125009086
        ],
        [
          0.8590017945667472,
          1.2821530218667139,
          0.4446795365119811,
          0.3380248061829787,
          1.3454827641648182,
          0.7004081565269418,
          0.435165915501608,
          1.3158161099559056
        ],
        [
          0.8888765175365135,
          0.9230070919621408,
          1.2083110687563492,
          1.3454827641648182,
          0.9368909742959357,
          0.8312765224061716,
          0.45035110373544784,
          1.1068835491248246
        ],
        [
          1.0415262836265182,
          1.4763676012116718,
          0.5730948947986456,
          0.7004081565269418,
          0.8312765224061716,
          0.6025111751013001,
          0.1951066535393977,
          0.5433509889523107
        ],
        [
          0.6112606446242315,
          0.9715834705715228,
          1.594817726663944,
          0.435165915501608,
          0.45035110373544784,
          0.1951066535393977,
          1.2100812404853958,
          0.7295868189991932
        ],
        [
          1.0968332182907758,
          0.6725698975394723,
          1.3143263125009086,
          1.3158161099559056,
          1.1068835491248246,
          0.5433509889523107,
          0.7295868189991932,
          0.892237021578266
        ]
      ],
      "b_vector": [
        0.24909774771694876,
        0.48558565314202545,
        0.43160534086619307,
        0.35270523205070015,
        0.14396599367024415,
        0.21899059602304258,
        0.2318798601461113,
        0.5186727065726968
      ]
    }
  ],
  "shots": 2000,
  "backend": "sv1",
  "device_arn": "SV1",
  "aws_region": "eu-west-2",
  "ideal_preprocessing_list": [
    [
      [
        -1.520840705603542,
        -1.0877577000102032,
        -0.5852262409106667,
        -0.2935524428293953,
        0.003010439729048459,
        0.7156025318322053,
        1.6003469632822034,
        7.124827491205599
      ],
      [
        0.05077783542413927,
        0.15601815835443272,
        0.22829223195441173,
        0.08067827833073155,
        0.13893606482546936,
        0.011523877315520514,
        0.0506625558589599,
        0.944696191113556
      ]
    ]
  ],
  "probability_threshold": 0,
  "k_qubits": 3,
  "preprocessing_mode": "ideal",
  "projection_mode": "all_components",
  "projection_subset": null,
  "num_solution_qubits": 3,
  "num_projections": 8,
  "projector_basis_states": [
    0,
    1,
    2,
    3,
    4,
    5,
    6,
    7
  ],
  "enhanced_projection_results": [
    {
      "problem_index": 0,
      "projection_tasks": [
        {
          "basis_state": 0,
          "task_id": "arn:aws:braket:eu-west-2:380012739362:quantum-task/b4d4888a-ca59-4994-b9aa-002f7fbd7a69",
          "shots": 2000,
          "projector_index": 0
        },
        {
          "basis_state": 1,
          "task_id": "arn:aws:braket:eu-west-2:380012739362:quantum-task/00a1dedd-282c-4ed7-9cd3-9d70dd5f667c",
          "shots": 2000,
          "projector_index": 1
        },
        {
          "basis_state": 2,
          "task_id": "arn:aws:braket:eu-west-2:380012739362:quantum-task/e68d9f13-1c46-4547-9a69-0b78514d3729",
          "shots": 2000,
          "projector_index": 2
        },
        {
          "basis_state": 3,
          "task_id": "arn:aws:braket:eu-west-2:380012739362:quantum-task/b8720e42-fd79-4fc1-9bf3-fd9cf363467f",
          "shots": 2000,
          "projector_index": 3
        },
        {
          "basis_state": 4,
          "task_id": "arn:aws:braket:eu-west-2:380012739362:quantum-task/1c9924ea-f6b0-423b-a84a-33cce2fb4cad",
          "shots": 2000,
          "projector_index": 4
        },
        {
          "basis_state": 5,
          "task_id": "arn:aws:braket:eu-west-2:380012739362:quantum-task/b8504177-301c-4888-a29b-3a8f6683703a",
          "shots": 2000,
          "projector_index": 5
        },
        {
          "basis_state": 6,
          "task_id": "arn:aws:braket:eu-west-2:380012739362:quantum-task/06d44523-0f2b-4ee4-b0f6-7ffd2df99f21",
          "shots": 2000,
          "projector_index": 6
        },
        {
          "basis_state": 7,
          "task_id": "arn:aws:braket:eu-west-2:380012739362:quantum-task/d146a33d-49d6-480e-ae0b-e50da1b17235",
          "shots": 2000,
          "projector_index": 7
        }
      ],
      "depth": 987,
      "num_projections": 8,
      "ideal_solution": [
        {
          "real": 0.47516643590902063,
          "imag": 0.0
        },
        {
          "real": -0.03566296956243078,
          "imag": 0.0
        },
        {
          "real": -0.3632617482617172,
          "imag": 0.0
        },
        {
          "real": 0.15207561740906178,
          "imag": 0.0
        },
        {
          "real": -0.5430837730273269,
          "imag": 0.0
        },
        {
          "real": -0.28088796187489384,
          "imag": 0.0
        },
        {
          "real": 0.18908232058066862,
          "imag": 0.0
        },
        {
          "real": 0.4563647269662737,
          "imag": 0.0
        }
      ]
    }
  ]
}