{
  "problem_list": [
    {
      "A_matrix": [
        [
          1.5138247524648552,
          0.7793066829345203,
          0.8217957522389225,
          1.5704565917261815,
          1.1205800213574695,
          1.0130815977106098,
          0.6155912760171245,
          0.6893314805125667,
          1.0120348358052635,
          0.9635705489077211,
          0.30069137731581796,
          1.2670266113914401,
          0.5634543225028125,
          0.8375666550077826,
          1.3436545445921588,
          1.057698827413926
        ],
        [
          0.7793066829345203,
          0.8546388399073219,
          1.6979489341442124,
          1.3556664238221927,
          1.8869544648712349,
          0.9466432342243026,
          1.2091215248485363,
          0.8788870090506831,
          1.0937101908335845,
          1.8775015634605339,
          0.5848493991296332,
          1.7256757731437244,
          1.4769270320639363,
          0.9203886839037193,
          0.928117579951924,
          0.923143371270233
        ],
        [
          0.8217957522389225,
          1.6979489341442124,
          0.1429557011954241,
          1.0895159214201589,
          0.9363594720914489,
          0.5743033032096911,
          0.7216348666678566,
          0.6650078569433008,
          1.7507635008479379,
          0.33101822487799326,
          1.400337178845358,
          0.7662088297450219,
          0.9526803081693459,
          1.1284569538513431,
          0.9593673777904848,
          1.1456571112193226
        ],
        [
          1.5704565917261815,
          1.3556664238221927,
          1.0895159214201589,
          0.12654343356724707,
          1.213822415391745,
          0.3829095373383441,
          0.9008808314161182,
          1.3052285389276332,
          1.092966854504151,
          0.5351348744514386,
          1.5744250195598117,
          0.8992795569507535,
          1.385384765742815,
          0.41698828833285895,
          0.8082761795734187,
          1.4383421673854153
        ],
        [
          1.1205800213574695,
          1.8869544648712349,
          0.9363594720914489,
          1.213822415391745,
          0.5863080826725167,
          0.7664696146819221,
          1.1290568459118122,
          0.433827667843829,
          1.077797460137165,
          1.2632113179171016,
          0.6147887892447753,
          0.6298927944261393,
          1.3948760083436271,
          1.7086913473048708,
          1.48516048339203,
          1.013998085297306
        ],
        [
          1.0130815977106098,
          0.9466432342243026,
          0.5743033032096911,
          0.3829095373383441,
          0.7664696146819221,
          0.40713773687227794,
          1.430734002514066,
          1.0477436269546803,
          1.1458171048609203,
          1.1507908230159116,
          0.868604935027057,
          1.0202998047658978,
          0.9003539520349383,
          0.9027771329454825,
          1.0478676677602996,
          0.6408219150742543
        ],
        [
          0.6155912760171245,
          1.2091215248485363,
          0.7216348666678566,
          0.9008808314161182,
          1.1290568459118122,
          1.430734002514066,
          0.22252454396884347,
          0.34081205709800366,
          0.9122411965136069,
          0.8671119566243619,
          0.4308723630878698,
          0.9350883121369946,
          0.24586323653490405,
          0.752428806968849,
          0.8924561045141998,
          0.8947559438686786
        ],
        [
          0.6893314805125667,
          0.8788870090506831,
          0.6650078569433008,
          1.3052285389276332,
          0.433827667843829,
          1.0477436269546803,
          0.34081205709800366,
          1.6234325203887854,
          0.8435613912377192,
          0.6104997392823613,
          1.108077529102647,
          0.6471060391865614,
          0.9730404097580841,
          0.9091323481738637,
          0.7667431387709445,
          1.1131473331305424
        ],
        [
          1.0120348358052635,
          1.0937101908335845,
          1.7507635008479379,
          1.092966854504151,
          1.077797460137165,
          1.1458171048609203,
          0.9122411965136069,
          0.8435613912377192,
          1.8066667674264087,
          1.0268903724971343,
          0.4068487808410156,
          1.2856050474416523,
          1.1074038995168913,
          0.9039169502340804,
          1.2636928506297136,
          1.2030997976296112
        ],
        [
          0.9635705489077211,
          1.8775015634605339,
          0.33101822487799326,
          0.5351348744514386,
          1.2632113179171016,
          1.1507908230159116,
          0.8671119566243619,
          0.6104997392823613,
          1.0268903724971343,
          1.2547654189423139,
          0.1879347861794809,
          0.7990962348149364,
          1.2589154700396126,
          1.5498322990217908,
          0.8114446160675417,
          0.38437837504481986
        ],
        [
          0.30069137731581796,
          0.5848493991296332,
          1.400337178845358,
          1.5744250195598117,
          0.6147887892447753,
          0.868604935027057,
          0.4308723630878698,
          1.108077529102647,
          0.4068487808410156,
          0.1879347861794809,
          0.5447555061666784,
          1.1634339696092162,
          0.8977545047250461,
          1.4291118787919914,
          0.2535552208839258,
          0.174272768358542
        ],
        [
          1.2670266113914401,
          1.7256757731437244,
          0.7662088297450219,
          0.8992795569507535,
          0.6298927944261393,
          1.0202998047658978,
          0.9350883121369946,
          0.6471060391865614,
          1.2856050474416523,
          0.7990962348149364,
          1.1634339696092162,
          1.993905803491749,
          1.071994583364488,
          1.062034927709102,
          1.067841577562636,
          1.1753803697557053
        ],
        [
          0.5634543225028125,
          1.4769270320639363,
          0.9526803081693459,
          1.385384765742815,
          1.3948760083436271,
          0.9003539520349383,
          0.24586323653490405,
          0.9730404097580841,
          1.1074038995168913,
          1.2589154700396126,
          0.8977545047250461,
          1.071994583364488,
          1.2399342922400725,
          0.9441977223661416,
          0.7805150440202197,
          1.4358934949292008
        ],
        [
          0.8375666550077826,
          0.9203886839037193,
          1.1284569538513431,
          0.41698828833285895,
          1.7086913473048708,
          0.9027771329454825,
          0.752428806968849,
          0.9091323481738637,
          0.9039169502340804,
          1.5498322990217908,
          1.4291118787919914,
          1.062034927709102,
          0.9441977223661416,
          0.6254436118251385,
          0.8647835306027843,
          1.4515339393768913
        ],
        [
          1.3436545445921588,
          0.928117579951924,
          0.9593673777904848,
          0.8082761795734187,
          1.48516048339203,
          1.0478676677602996,
          0.8924561045141998,
          0.7667431387709445,
          1.2636928506297136,
          0.8114446160675417,
          0.2535552208839258,
          1.067841577562636,
          0.7805150440202197,
          0.8647835306027843,
          1.5893060150843579,
          0.10335315887597529
        ],
        [
          1.057698827413926,
          0.923143371270233,
          1.1456571112193226,
          1.4383421673854153,
          1.013998085297306,
          0.6408219150742543,
          0.8947559438686786,
          1.1131473331305424,
          1.2030997976296112,
          0.38437837504481986,
          0.174272768358542,
          1.1753803697557053,
          1.4358934949292008,
          1.4515339393768913,
          0.10335315887597529,
          0.06836248430193614
        ]
      ],
      "b_vector": [
        0.07017821573110936,
        0.1356059335857352,
        0.09914453327994335,
        0.5129725789209527,
        0.1176861861113407,
        0.22331681188001248,
        0.1255473952339752,
        0.07871877916605133,
        0.47188155394581666,
        0.023570520803547844,
        0.22673446957608032,
        0.457580826177346,
        0.14579803073278683,
        0.27441665717549196,
        0.1495191203249018,
        0.12289131241829879
      ]
    }
  ],
  "shots": 2000,
  "backend": "sv1",
  "device_arn": "SV1",
  "aws_region": "eu-west-2",
  "ideal_preprocessing_list": [
    [
      [
        -2.8080170957770085,
        -2.4026750632188056,
        -1.9777763433494762,
        -1.3035922140863165,
        -0.9986308710783093,
        -0.24553796836687197,
        -0.11943888159408568,
        0.19942408068645595,
        0.4866019408219306,
        0.7536500584304503,
        0.9026076969728625,
        1.1139061711291791,
        1.241267283761242,
        1.7032478312286634,
        2.311016557575309,
        15.744452327380717
      ],
      [
        0.20122596938741064,
        0.14556301387391998,
        0.16600037030899184,
        0.04248453887036869,
        0.27964393517564956,
        0.09212862061333196,
        0.008124792899363562,
        0.055092300403068825,
        0.0011100429625146534,
        0.002243942327563482,
        0.11275507004536092,
        0.04277148724495397,
        0.2389748930958261,
        0.19959779360533364,
        0.16167043013528895,
        0.8255506599072248
      ]
    ]
  ],
  "probability_threshold": 0,
  "k_qubits": 4,
  "preprocessing_mode": "ideal",
  "projection_mode": "all_components",
  "projection_subset": null,
  "num_solution_qubits": 4,
  "num_projections": 16,
  "projector_basis_states": [
    0,
    1,
    2,
    3,
    4,
    5,
    6,
    7,
    8,
    9,
    10,
    11,
    12,
    13,
    14,
    15
  ],
  "enhanced_projection_results": [
    {
      "problem_index": 0,
      "projection_tasks": [
        {
          "basis_state": 0,
          "task_id": "arn:aws:braket:eu-west-2:380012739362:quantum-task/08d2e791-ceb6-4ecb-9cb5-7a7d5b538015",
          "status": "DONE",
          "shots": 2000,
          "created_at": "2025-12-22 18:58:16.647000+00:00",
          "ended_at": "2025-12-22 18:58:21.314000+00:00",
          "execution_time_seconds": 4.667,
          "counts": {
            "110000000": 123,
            "100000000": 188,
            "011000000": 23,
            "001100000": 397,
            "000100000": 66,
            "110100000": 194,
            "000000000": 32,
            "010100000": 92,
            "010000000": 70,
            "011100000": 53,
            "001110000": 6,
            "100100000": 36,
            "010110000": 5,
            "001000000": 23,
            "101000000": 67,
            "101100001": 59,
            "111100000": 25,
            "001000001": 71,
            "101100000": 131,
            "110100001": 29,
            "001100001": 58,
            "111100001": 6,
            "000000001": 10,
            "101000100": 1,
            "111000000": 49,
            "010000001": 19,
            "001010000": 3,
            "100010001": 4,
            "000010001": 5,
            "110101000": 1,
            "111110001": 2,
            "100100001": 42,
            "011111001": 3,
            "000010000": 4,
            "011001001": 6,
            "011010001": 8,
            "001111001": 3,
            "011101101": 2,
            "001011100": 1,
            "000001111": 1,
            "100101001": 3,
            "001010101": 2,
            "001011001": 4,
            "001111100": 2,
            "010010001": 3,
            "100001001": 2,
            "101101001": 2,
            "100000001": 2,
            "100111001": 3,
            "011100001": 4,
            "100110010": 1,
            "000110000": 6,
            "100101000": 1,
            "110111000": 1,
            "111001111": 1,
            "110111001": 2,
            "101000001": 7,
            "011000001": 5,
            "001110001": 1,
            "011100100": 1,
            "001101000": 1,
            "100101111": 1,
            "111001100": 1,
            "000001001": 4,
            "100110001": 1,
            "010001001": 1,
            "000101101": 1,
            "010111001": 1,
            "100101101": 1,
            "000100001": 1,
            "010101101": 2,
            "101000011": 1,
            "100110100": 1,
            "011101001": 2,
            "100000011": 1,
            "101010000": 1,
            "101110001": 1,
            "011110000": 2,
            "001001001": 1,
            "000000010": 1,
            "100111000": 2,
            "111101001": 1
          },
          "component_probability": 0.05141388174807198,
          "success_rate": 0.1945
        },
        {
          "basis_state": 1,
          "task_id": "arn:aws:braket:eu-west-2:380012739362:quantum-task/a7869086-1156-4f69-829f-a6a423b57128",
          "status": "DONE",
          "shots": 2000,
          "created_at": "2025-12-22 18:58:19.456000+00:00",
          "ended_at": "2025-12-22 18:58:24.662000+00:00",
          "execution_time_seconds": 5.206,
          "counts": {
            "010000000": 67,
            "011001001": 4,
            "100000000": 224,
            "010100000": 91,
            "001100000": 379,
            "001000001": 85,
            "110100000": 180,
            "101000000": 67,
            "101100001": 59,
            "011110000": 2,
            "001000000": 28,
            "001100001": 61,
            "100100000": 44,
            "111110001": 3,
            "100100001": 35,
            "101100000": 136,
            "111100000": 34,
            "110000000": 102,
            "110100001": 27,
            "000100000": 47,
            "000001001": 8,
            "100000001": 10,
            "111000000": 49,
            "001110101": 1,
            "101110000": 1,
            "011100000": 50,
            "000000000": 26,
            "011000000": 28,
            "011100001": 10,
            "101110001": 6,
            "010001001": 3,
            "011101001": 3,
            "000010001": 5,
            "010000001": 27,
            "010100101": 1,
            "010101001": 3,
            "100101001": 3,
            "100010001": 5,
            "011110001": 3,
            "000110000": 9,
            "000000001": 7,
            "011000001": 4,
            "110101000": 1,
            "010101100": 2,
            "100111000": 1,
            "111101100": 1,
            "101101101": 1,
            "001010001": 2,
            "101011000": 1,
            "001011001": 3,
            "101010000": 2,
            "001010101": 1,
            "100011011": 1,
            "100110001": 3,
            "101000001": 3,
            "011111001": 2,
            "111100001": 5,
            "001010000": 2,
            "001110000": 2,
            "101011001": 2,
            "110110001": 1,
            "010110000": 3,
            "110110000": 1,
            "000010000": 4,
            "000000100": 1,
            "110000001": 2,
            "001111001": 1,
            "000100001": 1,
            "011011000": 1,
            "011101000": 2,
            "010110001": 1,
            "100001001": 2,
            "010111001": 1,
            "000001010": 1,
            "011001010": 1,
            "011010001": 1,
            "001110001": 1,
            "001011101": 1,
            "110111001": 1,
            "000001000": 1
          },
          "component_probability": 0.0024449877750611247,
          "success_rate": 0.2045
        },
        {
          "basis_state": 2,
          "task_id": "arn:aws:braket:eu-west-2:380012739362:quantum-task/01404aff-4a8b-4b82-bf0c-31ecd4bb0d5e",
          "status": "DONE",
          "shots": 2000,
          "created_at": "2025-12-22 18:58:22.632000+00:00",
          "ended_at": "2025-12-22 18:58:27.666000+00:00",
          "execution_time_seconds": 5.034,
          "counts": {
            "000110000": 7,
            "001100000": 357,
            "001100001": 68,
            "001000001": 81,
            "110000000": 138,
            "010000000": 74,
            "101100000": 141,
            "010100000": 94,
            "100000000": 173,
            "101100001": 39,
            "111100000": 37,
            "001000000": 30,
            "101000000": 66,
            "111000000": 50,
            "000100000": 70,
            "100100001": 27,
            "100100000": 47,
            "000000001": 14,
            "110100000": 194,
            "011100000": 45,
            "010101001": 3,
            "000000000": 25,
            "010000001": 24,
            "000010000": 3,
            "001111101": 3,
            "011000000": 21,
            "100000001": 8,
            "101011001": 2,
            "011100001": 8,
            "001100010": 1,
            "011000101": 1,
            "100010001": 7,
            "000010001": 11,
            "100110001": 6,
            "110100001": 22,
            "001010001": 3,
            "100111101": 1,
            "111100001": 4,
            "010110000": 3,
            "001011001": 6,
            "000001000": 1,
            "100111001": 4,
            "011001001": 2,
            "000101001": 1,
            "010001001": 2,
            "100101001": 3,
            "001010101": 2,
            "011110001": 4,
            "011110000": 6,
            "000101011": 1,
            "010010001": 2,
            "011111001": 1,
            "101010000": 3,
            "011010001": 4,
            "000100001": 3,
            "000001001": 5,
            "011000001": 5,
            "101110001": 1,
            "101101001": 1,
            "001001100": 1,
            "001110000": 1,
            "111101001": 1,
            "100001001": 4,
            "111110001": 1,
            "101000001": 5,
            "000110101": 1,
            "001111100": 1,
            "000101000": 2,
            "011100101": 1,
            "011101001": 2,
            "011101101": 1,
            "001111000": 1,
            "000100100": 1,
            "010011000": 1,
            "100011101": 1,
            "100110000": 1,
            "001111011": 1,
            "001001001": 2,
            "110001001": 1,
            "000000011": 1,
            "100011110": 1,
            "111001001": 1,
            "010100001": 1,
            "111010001": 1
          },
          "component_probability": 0.23267326732673269,
          "success_rate": 0.202
        },
        {
          "basis_state": 3,
          "task_id": "arn:aws:braket:eu-west-2:380012739362:quantum-task/2c16d20d-5ae1-4e84-9d00-632ed7cf600a",
          "status": "DONE",
          "shots": 2000,
          "created_at": "2025-12-22 18:58:25.598000+00:00",
          "ended_at": "2025-12-22 18:58:30.591000+00:00",
          "execution_time_seconds": 4.993,
          "counts": {
            "001100001": 64,
            "001100000": 365,
            "100000000": 200,
            "101100000": 107,
            "101100001": 64,
            "101000000": 73,
            "011000000": 15,
            "100100001": 32,
            "011100000": 68,
            "000000001": 5,
            "100100000": 36,
            "110100000": 212,
            "010100000": 102,
            "000100000": 62,
            "010000001": 22,
            "110000000": 131,
            "100000001": 4,
            "001000001": 79,
            "111000000": 55,
            "111100001": 12,
            "000000000": 28,
            "110100001": 27,
            "001010001": 1,
            "110100100": 1,
            "100010100": 1,
            "011110000": 5,
            "010001001": 2,
            "011010001": 6,
            "001010000": 1,
            "001000000": 23,
            "010000000": 55,
            "000010000": 9,
            "100010001": 4,
            "011000001": 5,
            "000110000": 5,
            "111100000": 25,
            "100101001": 2,
            "000001001": 7,
            "001011001": 7,
            "011001001": 3,
            "111011101": 1,
            "001111111": 1,
            "011100001": 4,
            "001111101": 2,
            "111110001": 2,
            "010101001": 2,
            "010010001": 3,
            "100110100": 1,
            "001000011": 1,
            "011011000": 1,
            "010110001": 3,
            "101011101": 1,
            "001100010": 1,
            "111001001": 1,
            "011110001": 3,
            "110110000": 2,
            "000100100": 2,
            "001111000": 1,
            "101000001": 3,
            "010100100": 1,
            "001110000": 3,
            "000010001": 3,
            "101010000": 1,
            "110000001": 3,
            "100001001": 2,
            "001110001": 2,
            "011101000": 1,
            "011111000": 1,
            "011111001": 1,
            "011101101": 2,
            "001111001": 2,
            "100110000": 1,
            "101101001": 1,
            "100111101": 1,
            "100001000": 1,
            "011001100": 1,
            "001001001": 1,
            "100110001": 2,
            "010100101": 1,
            "001001010": 1,
            "011001101": 1,
            "111010001": 1,
            "101011000": 1,
            "111101001": 1,
            "101011111": 1,
            "000101101": 1,
            "010001111": 1,
            "100000101": 1
          },
          "component_probability": 0.1770573566084788,
          "success_rate": 0.2005
        },
        {
          "basis_state": 4,
          "task_id": "arn:aws:braket:eu-west-2:380012739362:quantum-task/f321a07d-f2d0-48cc-a45a-8deccf17393c",
          "status": "DONE",
          "shots": 2000,
          "created_at": "2025-12-22 18:58:28.380000+00:00",
          "ended_at": "2025-12-22 18:58:32.786000+00:00",
          "execution_time_seconds": 4.406,
          "counts": {
            "001100000": 376,
            "100000000": 209,
            "110000000": 112,
            "100110001": 3,
            "010000001": 28,
            "101100000": 137,
            "101000001": 4,
            "010100000": 111,
            "001000001": 83,
            "110100000": 215,
            "111000000": 45,
            "001100001": 69,
            "011100010": 1,
            "010000000": 68,
            "100100000": 27,
            "001110000": 5,
            "000110000": 6,
            "101000000": 71,
            "000100000": 47,
            "101100001": 64,
            "000000000": 23,
            "011111000": 1,
            "100001001": 2,
            "001000000": 27,
            "111100000": 36,
            "011100000": 45,
            "100100001": 37,
            "011000000": 27,
            "100010001": 1,
            "111100001": 6,
            "100000001": 5,
            "001111101": 1,
            "000101001": 2,
            "011100001": 6,
            "011110000": 7,
            "011000001": 3,
            "000010001": 6,
            "001011001": 6,
            "000001000": 1,
            "000000001": 8,
            "010011000": 1,
            "010010001": 3,
            "000010000": 4,
            "110100001": 20,
            "010011101": 1,
            "100101001": 1,
            "000001001": 4,
            "000000101": 1,
            "011110001": 5,
            "101101001": 1,
            "111101001": 3,
            "000100001": 1,
            "100110000": 1,
            "000111101": 1,
            "000101101": 1,
            "110001001": 1,
            "001010000": 1,
            "010101111": 1,
            "010100010": 1,
            "001010101": 1,
            "111110001": 1,
            "011111001": 1,
            "110110001": 2,
            "101010000": 1,
            "001111001": 1,
            "111010001": 1,
            "001001001": 1,
            "010101100": 1,
            "011010001": 2,
            "001110001": 2,
            "010001001": 1,
            "011101001": 1,
            "110110000": 1
          },
          "component_probability": 0.08418367346938775,
          "success_rate": 0.196
        },
        {
          "basis_state": 5,
          "task_id": "arn:aws:braket:eu-west-2:380012739362:quantum-task/bd6f9228-dc9a-447f-a073-6f7d70d0f9dc",
          "status": "DONE",
          "shots": 2000,
          "created_at": "2025-12-22 18:58:31.310000+00:00",
          "ended_at": "2025-12-22 18:58:35.302000+00:00",
          "execution_time_seconds": 3.992,
          "counts": {
            "000100000": 61,
            "001100000": 395,
            "100000001": 3,
            "101100000": 143,
            "110010100": 1,
            "001000001": 49,
            "010100000": 94,
            "110000000": 109,
            "111100000": 35,
            "101000000": 81,
            "101000001": 2,
            "110100000": 199,
            "011000000": 30,
            "011100000": 51,
            "100000000": 187,
            "010000000": 51,
            "010110000": 3,
            "000000001": 7,
            "110100001": 21,
            "001100001": 72,
            "000000000": 24,
            "101100001": 66,
            "000010001": 16,
            "100100000": 27,
            "011100001": 7,
            "010100001": 1,
            "011101011": 1,
            "010000001": 17,
            "111000000": 47,
            "111101001": 2,
            "100100001": 39,
            "000010000": 10,
            "110110001": 2,
            "000101101": 1,
            "011110101": 2,
            "011110000": 9,
            "001000000": 25,
            "111100001": 7,
            "100010001": 5,
            "100110001": 9,
            "000110101": 1,
            "110110000": 4,
            "000001000": 1,
            "001001100": 1,
            "001011001": 7,
            "111110001": 2,
            "100110100": 1,
            "001111001": 2,
            "000110000": 5,
            "101110000": 1,
            "010100100": 1,
            "010101001": 4,
            "001110000": 3,
            "011000001": 7,
            "100110000": 2,
            "011110111": 1,
            "000101001": 1,
            "000000101": 1,
            "011011100": 1,
            "000001001": 6,
            "001000100": 1,
            "101101001": 2,
            "011001001": 5,
            "110100100": 1,
            "011110001": 2,
            "011111001": 2,
            "001110001": 1,
            "101010000": 2,
            "010001001": 2,
            "011101000": 2,
            "001111100": 1,
            "000111001": 2,
            "100101001": 1,
            "100001001": 1,
            "100111001": 1,
            "011010001": 1,
            "001111101": 1,
            "001010001": 1,
            "000001101": 1,
            "101110001": 1,
            "100000011": 1,
            "110011001": 1,
            "010010001": 1,
            "001010000": 1,
            "011010101": 1,
            "000100001": 1
          },
          "component_probability": 0.01282051282051282,
          "success_rate": 0.195
        },
        {
          "basis_state": 6,
          "task_id": "arn:aws:braket:eu-west-2:380012739362:quantum-task/bd50aad2-8f8f-4d0d-b38d-13829e0db37c",
          "status": "DONE",
          "shots": 2000,
          "created_at": "2025-12-22 18:58:34.452000+00:00",
          "ended_at": "2025-12-22 18:58:39.336000+00:00",
          "execution_time_seconds": 4.884,
          "counts": {
            "001000000": 21,
            "100000000": 209,
            "111100101": 1,
            "001100000": 389,
            "110000000": 116,
            "001000001": 81,
            "011000000": 24,
            "110100000": 195,
            "110100001": 23,
            "010000000": 70,
            "111000000": 44,
            "100100001": 27,
            "101100000": 152,
            "101000000": 55,
            "010100000": 91,
            "101100001": 54,
            "000100000": 55,
            "100000001": 7,
            "011100000": 57,
            "001100001": 51,
            "000000000": 34,
            "011000001": 6,
            "111100000": 24,
            "000110000": 11,
            "000000001": 5,
            "010000001": 22,
            "100100000": 41,
            "111110001": 3,
            "100101111": 1,
            "001011111": 1,
            "011010000": 1,
            "011100001": 4,
            "011110000": 5,
            "111101000": 1,
            "001110000": 8,
            "011010001": 6,
            "000010001": 8,
            "100001001": 4,
            "100111001": 2,
            "101001001": 1,
            "001111001": 1,
            "011101101": 2,
            "010101101": 2,
            "001011001": 3,
            "010011001": 1,
            "101000001": 4,
            "111100001": 7,
            "011001001": 4,
            "110110001": 1,
            "011111001": 2,
            "000000101": 3,
            "001111101": 2,
            "001010000": 2,
            "001011000": 1,
            "011110001": 6,
            "000100001": 1,
            "111101100": 1,
            "010010000": 1,
            "001111100": 1,
            "000001001": 3,
            "100110001": 5,
            "010110000": 4,
            "110011001": 1,
            "101011101": 1,
            "001110001": 1,
            "101010000": 1,
            "111101001": 1,
            "000010000": 3,
            "001011011": 1,
            "000110001": 1,
            "010101001": 4,
            "001001001": 2,
            "100111011": 1,
            "110110100": 1,
            "001001100": 1,
            "100111000": 2,
            "001010101": 1,
            "011001101": 1,
            "010001001": 1,
            "100110000": 2,
            "110000001": 1,
            "010101100": 1,
            "000100100": 1,
            "011111000": 1,
            "010111001": 1,
            "010110001": 1,
            "100101000": 1
          },
          "component_probability": 0.045576407506702415,
          "success_rate": 0.1865
        },
        {
          "basis_state": 7,
          "task_id": "arn:aws:braket:eu-west-2:380012739362:quantum-task/59560c4c-4bd5-463f-9acb-779c4b1f2aa0",
          "status": "DONE",
          "shots": 2000,
          "created_at": "2025-12-22 18:58:37.065000+00:00",
          "ended_at": "2025-12-22 18:58:41.332000+00:00",
          "execution_time_seconds": 4.267,
          "counts": {
            "000110000": 5,
            "001100000": 337,
            "101100000": 145,
            "011100000": 56,
            "101000000": 57,
            "110000000": 130,
            "011000000": 27,
            "110100000": 203,
            "001100001": 74,
            "100000000": 219,
            "010100000": 112,
            "110100001": 29,
            "010000000": 80,
            "001000001": 69,
            "100100000": 34,
            "000100000": 63,
            "010110000": 2,
            "010000001": 20,
            "111000000": 43,
            "000000000": 25,
            "011110000": 3,
            "000010000": 9,
            "100111001": 1,
            "101010000": 2,
            "101100001": 48,
            "011010001": 5,
            "010010001": 2,
            "001001001": 4,
            "111100000": 33,
            "100110101": 1,
            "100100001": 27,
            "001000000": 22,
            "101011011": 1,
            "101111100": 1,
            "011001001": 5,
            "000001000": 1,
            "000010001": 11,
            "111110001": 2,
            "010101001": 5,
            "111101001": 2,
            "000001001": 1,
            "101110001": 4,
            "001110000": 4,
            "100000001": 7,
            "000000001": 7,
            "011000001": 4,
            "001011001": 4,
            "100001001": 1,
            "111101101": 1,
            "010101110": 1,
            "010100001": 1,
            "101101001": 2,
            "011110001": 2,
            "101000001": 4,
            "110110000": 3,
            "100010001": 3,
            "111010001": 1,
            "111100001": 4,
            "010101101": 1,
            "000001101": 1,
            "100110001": 3,
            "000100001": 1,
            "011101011": 1,
            "011100001": 5,
            "010010010": 1,
            "100101001": 2,
            "011000101": 1,
            "100111000": 1,
            "001011010": 1,
            "100011101": 1,
            "000000011": 1,
            "001101000": 1,
            "000111001": 1,
            "100000101": 1,
            "001000101": 1,
            "001100010": 1,
            "000101101": 1,
            "010001111": 1,
            "001011111": 1,
            "011001101": 1,
            "000001100": 1,
            "000000101": 1
          },
          "component_probability": 0.021220159151193633,
          "success_rate": 0.1885
        },
        {
          "basis_state": 8,
          "task_id": "arn:aws:braket:eu-west-2:380012739362:quantum-task/2253e620-1595-4269-9f1c-723af79630c8",
          "status": "DONE",
          "shots": 2000,
          "created_at": "2025-12-22 18:58:40.066000+00:00",
          "ended_at": "2025-12-22 18:58:44.267000+00:00",
          "execution_time_seconds": 4.201,
          "counts": {
            "110000001": 2,
            "001100000": 395,
            "100000000": 203,
            "101100000": 122,
            "110000000": 103,
            "000100000": 63,
            "010100000": 116,
            "111000000": 58,
            "010000001": 26,
            "110100000": 204,
            "101100001": 45,
            "001100001": 54,
            "000010001": 8,
            "011000000": 33,
            "010000000": 68,
            "001010000": 3,
            "010001000": 1,
            "100100001": 31,
            "010101101": 1,
            "011100000": 66,
            "101000000": 58,
            "110100001": 26,
            "111100000": 24,
            "101110001": 1,
            "001000000": 31,
            "010101001": 2,
            "001000001": 57,
            "100100000": 40,
            "111101001": 3,
            "100001010": 1,
            "100000001": 4,
            "000000000": 35,
            "101010000": 2,
            "100110001": 5,
            "010101010": 1,
            "010110000": 5,
            "001110000": 11,
            "011000001": 5,
            "111110001": 2,
            "000000001": 6,
            "110110000": 1,
            "111010001": 3,
            "001001001": 2,
            "001010001": 2,
            "100110000": 1,
            "011110001": 3,
            "101111001": 1,
            "101101000": 1,
            "011110000": 3,
            "000001011": 1,
            "000001001": 2,
            "000010000": 6,
            "011010001": 3,
            "100111000": 1,
            "111100001": 4,
            "110101001": 1,
            "010110001": 2,
            "011100001": 5,
            "101000001": 2,
            "001110001": 2,
            "101101001": 1,
            "011001001": 2,
            "100001100": 1,
            "011100010": 1,
            "000110000": 4,
            "011111001": 3,
            "101001100": 1,
            "100010001": 3,
            "011001100": 1,
            "100010100": 1,
            "000101110": 1,
            "011101000": 1,
            "010010001": 1,
            "001111001": 1,
            "100001001": 2,
            "000101001": 1,
            "101011000": 2,
            "000000101": 1,
            "110110001": 1,
            "010011000": 1,
            "000100100": 1,
            "001011001": 2
          },
          "component_probability": 0.02735562310030395,
          "success_rate": 0.1645
        },
        {
          "basis_state": 9,
          "task_id": "arn:aws:braket:eu-west-2:380012739362:quantum-task/32f39c73-26fa-4205-becb-c16847204617",
          "status": "DONE",
          "shots": 2000,
          "created_at": "2025-12-22 18:58:43.081000+00:00",
          "ended_at": "2025-12-22 18:58:48.317000+00:00",
          "execution_time_seconds": 5.236,
          "counts": {
            "001100000": 368,
            "110100000": 202,
            "110000000": 116,
            "100000000": 179,
            "000000000": 33,
            "011100000": 62,
            "101100000": 136,
            "101000000": 76,
            "010100000": 130,
            "011110001": 5,
            "001000001": 66,
            "101100001": 52,
            "000000011": 1,
            "100100000": 40,
            "001100001": 67,
            "001000000": 32,
            "011000000": 28,
            "111000000": 41,
            "100100001": 40,
            "010010100": 1,
            "011000001": 3,
            "000111001": 1,
            "111100000": 27,
            "010000000": 57,
            "000100000": 53,
            "100110001": 3,
            "010000001": 28,
            "011101101": 1,
            "100010001": 4,
            "111001001": 2,
            "000010001": 18,
            "001011100": 1,
            "000010000": 3,
            "100100101": 1,
            "011001111": 1,
            "011110000": 5,
            "000010010": 1,
            "100001001": 7,
            "011001001": 6,
            "110100001": 18,
            "001011001": 3,
            "011010001": 3,
            "111100001": 3,
            "100111001": 2,
            "100000001": 5,
            "000001001": 6,
            "000101001": 1,
            "101000001": 5,
            "001110000": 1,
            "000110000": 3,
            "000000001": 13,
            "100011101": 1,
            "101101001": 2,
            "011100001": 5,
            "110111001": 2,
            "000100001": 3,
            "011101000": 1,
            "001111001": 1,
            "010101001": 1,
            "000010011": 1,
            "011100101": 1,
            "101110001": 1,
            "011111001": 1,
            "100110100": 2,
            "111010001": 1,
            "000000101": 1,
            "000010101": 1,
            "000111011": 1,
            "011101011": 1,
            "100000101": 2,
            "010110000": 2,
            "101110000": 1,
            "110100101": 1,
            "111011000": 1,
            "110110010": 1,
            "001111101": 1,
            "001110001": 1,
            "100101111": 1,
            "110000001": 1,
            "000011000": 1
          },
          "component_probability": 0.11868686868686869,
          "success_rate": 0.198
        },
        {
          "basis_state": 10,
          "task_id": "arn:aws:braket:eu-west-2:380012739362:quantum-task/69028a99-dfab-444e-884d-967f7bde00b0",
          "status": "DONE",
          "shots": 2000,
          "created_at": "2025-12-22 18:58:45.890000+00:00",
          "ended_at": "2025-12-22 18:58:50.403000+00:00",
          "execution_time_seconds": 4.513,
          "counts": {
            "111000000": 64,
            "001100000": 366,
            "110100000": 186,
            "010100000": 95,
            "011000000": 29,
            "100000000": 206,
            "111101001": 1,
            "101100000": 137,
            "001000001": 80,
            "110000000": 113,
            "100100000": 35,
            "110100001": 25,
            "011100000": 60,
            "101100001": 57,
            "111100001": 5,
            "011000001": 5,
            "000100000": 63,
            "000001001": 5,
            "100100001": 30,
            "001001001": 2,
            "010000000": 74,
            "001100001": 51,
            "011110001": 5,
            "100001001": 5,
            "101000000": 69,
            "001000000": 34,
            "000110000": 3,
            "010001001": 2,
            "001110000": 3,
            "010000001": 17,
            "111100000": 31,
            "000000001": 9,
            "011000101": 1,
            "011110000": 8,
            "011010001": 4,
            "011100001": 4,
            "001011011": 1,
            "000000000": 28,
            "001011001": 3,
            "010110000": 2,
            "100111001": 2,
            "100010001": 5,
