{
  "problem_list": [
    {
      "A_matrix": [
        [
          0.03019534583403094,
          0.8807692581797514,
          0.7202979405165267,
          0.8657539602959348,
          0.5430684326403011,
          0.8394344896541115,
          0.7606819670711022,
          1.5494289074922118
        ],
        [
          0.8807692581797514,
          1.76289194693274,
          0.7405525109499926,
          1.4602000675872868,
          1.0481073353730685,
          0.4148182907116672,
          0.6347208372714445,
          1.1209159699102837
        ],
        [
          0.7202979405165267,
          0.7405525109499926,
          1.37521460854625,
          1.2665223702946706,
          0.08631525795612138,
          0.9840392274854681,
          0.7438739884598686,
          0.40603640800385443
        ],
        [
          0.8657539602959348,
          1.4602000675872868,
          1.2665223702946706,
          0.42674806425364653,
          1.0368153926639558,
          1.0072563613142307,
          0.87848426893374,
          0.45041529618763565
        ],
        [
          0.5430684326403011,
          1.0481073353730685,
          0.08631525795612138,
          1.0368153926639558,
          0.31627377155354286,
          0.47048084196740814,
          1.0930929158708271,
          0.7482140770950981
        ],
        [
          0.8394344896541115,
          0.4148182907116672,
          0.9840392274854681,
          1.0072563613142307,
          0.47048084196740814,
          0.12281758958181599,
          1.2758631396246056,
          0.9628055485076318
        ],
        [
          0.7606819670711022,
          0.6347208372714445,
          0.7438739884598686,
          0.87848426893374,
          1.0930929158708271,
          1.2758631396246056,
          1.603274270271013,
          1.3423907510080033
        ],
        [
          1.5494289074922118,
          1.1209159699102837,
          0.40603640800385443,
          0.45041529618763565,
          0.7482140770950981,
          0.9628055485076318,
          1.3423907510080033,
          1.3733653763982925
        ]
      ],
      "b_vector": [
        0.65021174831453,
        0.3459997571947771,
        0.1843868856877016,
        0.1622354394061508,
        0.11953059604637274,
        0.12582555857973293,
        0.23985176623593601,
        0.5563645249406186
      ]
    }
  ],
  "shots": 2000,
  "backend": "sv1",
  "device_arn": "SV1",
  "aws_region": "eu-west-2",
  "ideal_preprocessing_list": [
    [
      [
        -1.3062596883991993,
        -1.0783660785847435,
        -0.7406118982703579,
        -0.3876527564974689,
        0.5903820959175702,
        1.3260430008873922,
        1.502384721035934,
        7.104861577282203
      ],
      [
        0.10419802024725863,
        0.23642526805965774,
        0.04892784595223612,
        0.04125859746174426,
        0.3812282623783284,
        0.13280582563334017,
        0.17348618487474,
        0.8579509470388675
      ]
    ]
  ],
  "probability_threshold": 0,
  "k_qubits": 7,
  "preprocessing_mode": "ideal",
  "projection_mode": "all_components",
  "projection_subset": null,
  "num_solution_qubits": 3,
  "num_projections": 8,
  "projector_basis_states": [
    0,
    1,
    2,
    3,
    4,
    5,
    6,
    7
  ],
  "enhanced_projection_results": [
    {
      "problem_index": 0,
      "projection_tasks": [
        {
          "basis_state": 0,
          "task_id": "arn:aws:braket:eu-west-2:380012739362:quantum-task/2c9b83e8-9818-4ae6-9116-bdae08ddf962",
          "status": "DONE",
          "shots": 2000,
          "created_at": "2025-12-22 19:24:27.100000+00:00",
          "ended_at": "2025-12-22 19:24:29.773000+00:00",
          "execution_time_seconds": 2.673,
          "counts": {
            "11100000000": 520,
            "00000000000": 710,
            "11110000001": 2,
            "10100000000": 33,
            "10000000000": 42,
            "11000000000": 165,
            "00100000000": 265,
            "11100000001": 70,
            "01000000000": 54,
            "01100000000": 63,
            "11110100001": 1,
            "10100000001": 3,
            "00011000001": 2,
            "11111000001": 2,
            "10000000001": 13,
            "01110100100": 1,
            "11000000001": 25,
            "01011000001": 2,
            "10110010001": 1,
            "00100000001": 6,
            "01000000001": 3,
            "01111000001": 2,
            "10010100001": 1,
            "00101010011": 1,
            "00000000001": 1,
            "01100000001": 3,
            "00011010001": 1,
            "11101000001": 1,
            "11010000000": 1,
            "11110010001": 1,
            "01011010001": 1,
            "00111000001": 1,
            "11011000001": 1,
            "01101001111": 1,
            "00000110101": 1
          },
          "component_probability": 0.03424657534246575,
          "success_rate": 0.073
        },
        {
          "basis_state": 1,
          "task_id": "arn:aws:braket:eu-west-2:380012739362:quantum-task/4c44eb02-ebb4-4446-a308-7586c9a30a60",
          "status": "DONE",
          "shots": 2000,
          "created_at": "2025-12-22 19:24:29.291000+00:00",
          "ended_at": "2025-12-22 19:24:32.562000+00:00",
          "execution_time_seconds": 3.271,
          "counts": {
            "00100000000": 260,
            "00000000000": 729,
            "11100000000": 502,
            "11000000000": 168,
            "01000000000": 66,
            "11000000001": 15,
            "10000000000": 33,
            "11100000001": 79,
            "01100000000": 63,
            "10100000001": 4,
            "11101000001": 2,
            "00000000001": 3,
            "10000000001": 13,
            "01100000001": 5,
            "00010000001": 1,
            "10100000000": 31,
            "10011000001": 2,
            "00100000001": 1,
            "01010110011": 1,
            "00101110001": 1,
            "11101100001": 1,
            "00000010100": 1,
            "10110100000": 1,
            "01000000001": 4,
            "01011000001": 1,
            "11010000001": 1,
            "11010100001": 1,
            "11111000001": 3,
            "11110100001": 1,
            "01111110000": 1,
            "01111000001": 1,
            "10011010000": 1,
            "11111110000": 1,
            "01010000001": 1,
            "00011000001": 1,
            "11010010001": 1
          },
          "component_probability": 0.013986013986013986,
          "success_rate": 0.0715
        },
        {
          "basis_state": 2,
          "task_id": "arn:aws:braket:eu-west-2:380012739362:quantum-task/0913245c-3562-4143-8119-cc05e76149cd",
          "status": "DONE",
          "shots": 2000,
          "created_at": "2025-12-22 19:24:31.350000+00:00",
          "ended_at": "2025-12-22 19:24:34.296000+00:00",
          "execution_time_seconds": 2.946,
          "counts": {
            "11100000000": 542,
            "10000000000": 39,
            "10000000001": 28,
            "00100000000": 263,
            "00000000000": 680,
            "11000000000": 168,
            "11100000001": 88,
            "01100000000": 63,
            "01000000000": 46,
            "11000000001": 15,
            "00000000001": 1,
            "10100000000": 29,
            "11111011000": 1,
            "10001000001": 1,
            "11011000001": 3,
            "01100000001": 9,
            "01000000001": 2,
            "11100010001": 1,
            "11111000001": 2,
            "10011000001": 1,
            "10100000001": 8,
            "11110000001": 3,
            "11111111000": 1,
            "01001000001": 1,
            "00011010001": 1,
            "01000111111": 1,
            "00100000001": 1,
            "11000001001": 1,
            "11011000000": 1
          },
          "component_probability": 0.023952095808383235,
          "success_rate": 0.0835
        },
        {
          "basis_state": 3,
          "task_id": "arn:aws:braket:eu-west-2:380012739362:quantum-task/37cab8bf-11dc-41ae-a908-b187c32d40c5",
          "status": "DONE",
          "shots": 2000,
          "created_at": "2025-12-22 19:24:33.507000+00:00",
          "ended_at": "2025-12-22 19:24:36.880000+00:00",
          "execution_time_seconds": 3.373,
          "counts": {
            "00000000000": 698,
            "11100000000": 506,
            "11000000000": 176,
            "00100000000": 272,
            "01000000000": 76,
            "10000000001": 22,
            "11100000001": 63,
            "10100000000": 22,
            "01100000000": 61,
            "11000000001": 20,
            "10000000000": 44,
            "10000001001": 1,
            "11001000001": 2,
            "01100000001": 5,
            "10000010001": 1,
            "10011000001": 2,
            "00011000001": 1,
            "11111000001": 6,
            "11100100001": 1,
            "00010000001": 2,
            "00100000001": 3,
            "10100000001": 4,
            "00111000001": 1,
            "10111101001": 1,
            "01000000001": 1,
            "11011000001": 1,
            "11011000000": 1,
            "01000111001": 1,
            "11110100001": 2,
            "00011111001": 1,
            "01010000001": 1,
            "10010010001": 1,
            "10001011001": 1
          },
          "component_probability": 0.034722222222222224,
          "success_rate": 0.072
        },
        {
          "basis_state": 4,
          "task_id": "arn:aws:braket:eu-west-2:380012739362:quantum-task/9b07136c-1d1d-4446-ac5a-fb52ee488ce5",
          "status": "DONE",
          "shots": 2000,
          "created_at": "2025-12-22 19:24:35.640000+00:00",
          "ended_at": "2025-12-22 19:24:39.134000+00:00",
          "execution_time_seconds": 3.494,
          "counts": {
            "11100000000": 531,
            "00000000000": 726,
            "00100000000": 258,
            "01100000000": 55,
            "11000000000": 161,
            "10100000000": 41,
            "01000000000": 62,
            "11000000001": 20,
            "10000000000": 31,
            "01011000001": 1,
            "11111000001": 4,
            "11100000001": 68,
            "10000000001": 17,
            "01000000001": 4,
            "10101011001": 1,
            "01100000001": 3,
            "00010000001": 2,
            "00100000001": 6,
            "10100000001": 4,
            "10011011001": 1,
            "10010100001": 1,
            "00011000001": 1,
            "11110001001": 1,
            "11011000001": 1
          },
          "component_probability": 0.14074074074074075,
          "success_rate": 0.0675
        },
        {
          "basis_state": 5,
          "task_id": "arn:aws:braket:eu-west-2:380012739362:quantum-task/59b07e13-e323-43e5-9b3a-6474a40c2737",
          "status": "DONE",
          "shots": 2000,
          "created_at": "2025-12-22 19:24:37.691000+00:00",
          "ended_at": "2025-12-22 19:24:41.072000+00:00",
          "execution_time_seconds": 3.381,
          "counts": {
            "11100000000": 520,
            "00000000000": 729,
            "11000000001": 24,
            "11000000000": 170,
            "00100000000": 263,
            "10100000001": 7,
            "10000000000": 46,
            "01000000001": 4,
            "01100000000": 44,
            "01000000000": 61,
            "10000000001": 14,
            "10100000000": 23,
            "11100000001": 67,
            "10011000001": 3,
            "00011000000": 1,
            "00100000001": 4,
            "01111000001": 4,
            "11111011001": 1,
            "01100000001": 2,
            "11111010001": 1,
            "11111000001": 2,
            "10111100011": 1,
            "11011010001": 1,
            "00111000001": 1,
            "11111110000": 1,
            "11110100001": 1,
            "10001111001": 1,
            "00000100000": 1,
            "11000101111": 1,
            "10100101001": 1,
            "11110001001": 1
          },
          "component_probability": 0.06382978723404255,
          "success_rate": 0.0705
        },
        {
          "basis_state": 6,
          "task_id": "arn:aws:braket:eu-west-2:380012739362:quantum-task/d4096ccb-f3d1-4069-8bc7-68094c8081a2",
          "status": "DONE",
          "shots": 2000,
          "created_at": "2025-12-22 19:24:39.831000+00:00",
          "ended_at": "2025-12-22 19:24:43.681000+00:00",
          "execution_time_seconds": 3.85,
          "counts": {
            "00000000000": 682,
            "10000000000": 43,
            "11100000000": 542,
            "11100000001": 88,
            "00100000000": 248,
            "11000000000": 188,
            "10010100001": 2,
            "11000000001": 15,
            "11110100001": 1,
            "01000000000": 47,
            "01100000000": 65,
            "10100000000": 31,
            "10000000001": 12,
            "11111000001": 3,
            "10001000001": 2,
            "00011000001": 1,
            "01100000001": 7,
            "11001000001": 1,
            "01000000001": 1,
            "00100000001": 5,
            "11001110000": 1,
            "01000010001": 1,
            "10100000001": 5,
            "11011010001": 1,
            "10011010000": 1,
            "11110110001": 1,
            "10011000001": 2,
            "01010000001": 1,
            "11010110000": 1,
            "00010000001": 1,
            "01001000001": 1
          },
          "component_probability": 0.11258278145695365,
          "success_rate": 0.0755
        },
        {
          "basis_state": 7,
          "task_id": "arn:aws:braket:eu-west-2:380012739362:quantum-task/7f18eb75-5c6c-41c4-9dc8-61c690791808",
          "status": "DONE",
          "shots": 2000,
          "created_at": "2025-12-22 19:24:42.226000+00:00",
          "ended_at": "2025-12-22 19:24:46.354000+00:00",
          "execution_time_seconds": 4.128,
          "counts": {
            "11100000000": 531,
            "00100000000": 246,
            "00000000000": 714,
            "11000000000": 171,
            "11100000001": 69,
            "11000000001": 22,
            "10000000001": 25,
            "01000000000": 64,
            "10000000000": 36,
            "01100000000": 59,
            "11111000001": 9,
            "10100000000": 28,
            "01111000001": 1,
            "10011000001": 5,
            "01100000001": 3,
            "11110100001": 1,
            "11011000001": 1,
            "10100000001": 6,
            "00011000000": 2,
            "00000000001": 1,
            "00100000001": 2,
            "11001000001": 1,
            "11001010000": 1,
            "01010000001": 1,
            "11011000000": 1
          },
          "component_probability": 0.5374149659863946,
          "success_rate": 0.0735
        }
      ],
      "depth": 4726,
      "num_projections": 8,
      "ideal_solution": [
        {
          "real": 0.10685531619527806,
          "imag": 0.0
        },
        {
          "real": 0.19319074393801014,
          "imag": 0.0
        },
        {
          "real": 0.11900870703296491,
          "imag": 0.0
        },
        {
          "real": -0.23691894997412552,
          "imag": 0.0
        },
        {
          "real": -0.37991059543785244,
          "imag": 0.0
        },
        {
          "real": 0.15912804434721498,
          "imag": 0.0
        },
        {
          "real": -0.3544865011283021,
          "imag": 0.0
        },
        {
          "real": 0.7652784735931663,
          "imag": 0.0
        }
      ],
      "reconstructed_solution_probabilities": [
        0.035618782425090444,
        0.014546411843533441,
        0.024911819085332722,
        0.036113487736550036,
        0.1463800036254828,
        0.06638734766889197,
        0.11709379864778079,
        0.5589483489673377
      ],
      "fidelity": 0.9743120676742565,
      "metadata": {
        "measured_components": [
          0,
          1,
          2,
          3,
          4,
          5,
          6,
          7
        ],
        "success_rates": [
          0.073,
          0.0715,
          0.0835,
          0.072,
          0.0675,
          0.0705,
          0.0755,
          0.0735
        ],
        "raw_probabilities": [
          0.03424657534246575,
          0.013986013986013986,
          0.023952095808383235,
          0.034722222222222224,
          0.14074074074074075,
          0.06382978723404255,
          0.11258278145695365,
          0.5374149659863946
        ],
        "average_success_rate": 0.073375,
        "total_probability": 0.9614751827772168
      },
      "total_problem_time_seconds": 19.254,
      "first_created_at": "2025-12-22 19:24:27.100000+00:00",
      "last_ended_at": "2025-12-22 19:24:46.354000+00:00"
    }
  ]
}