{
  "problem_list": [
    {
      "A_matrix": [
        [
          0.36264838311290193,
          1.4637109342230943,
          0.613134713398327,
          0.9402380195763647,
          0.2909951521111849,
          1.1887154362235017,
          0.8786273776284371,
          0.9642625617669895
        ],
        [
          1.4637109342230943,
          1.1828938617784668,
          0.9765192034807383,
          0.9193794455054377,
          0.6046192944142987,
          0.6979161856958486,
          0.7870270200605821,
          0.11996158878330143
        ],
        [
          0.613134713398327,
          0.9765192034807383,
          0.23951526914542898,
          0.503803588125117,
          1.1472729462082008,
          0.8080507464005261,
          0.9098958964819837,
          0.28484271399105365
        ],
        [
          0.9402380195763647,
          0.9193794455054377,
          0.503803588125117,
          1.879062892118583,
          0.36253569702617394,
          0.9966744059496938,
          0.5460273557983791,
          0.6131680520607256
        ],
        [
          0.2909951521111849,
          0.6046192944142987,
          1.1472729462082008,
          0.36253569702617394,
          1.0537162482925306,
          1.2443453211125215,
          0.415676309186941,
          0.34518712783067584
        ],
        [
          1.1887154362235017,
          0.6979161856958486,
          0.8080507464005261,
          0.9966744059496938,
          1.2443453211125215,
          0.9442460336560092,
          0.10738267784719502,
          1.6491281419825647
        ],
        [
          0.8786273776284371,
          0.7870270200605821,
          0.9098958964819837,
          0.5460273557983791,
          0.415676309186941,
          0.10738267784719502,
          0.9250559679464461,
          1.7661593505274853
        ],
        [
          0.9642625617669895,
          0.11996158878330143,
          0.28484271399105365,
          0.6131680520607256,
          0.34518712783067584,
          1.6491281419825647,
          1.7661593505274853,
          0.4035123249428725
        ]
      ],
      "b_vector": [
        0.38856499775612485,
        0.24475035470277168,
        0.40288353985660835,
        0.4771911223031227,
        0.2767590837550208,
        0.514925915412181,
        0.23213152882816915,
        0.05881034789261922
      ]
    }
  ],
  "shots": 2000,
  "backend": "sv1",
  "device_arn": "SV1",
  "aws_region": "eu-west-2",
  "ideal_preprocessing_list": [
    [
      [
        -1.965903689004822,
        -1.0936331659209764,
        -0.7708547625769552,
        0.36931915557340755,
        1.1031344826549718,
        1.4161102857688554,
        1.448136573870731,
        6.484342100628027
      ],
      [
        0.17990156459953363,
        0.10512264222862727,
        0.17111534691539065,
        0.04635565053222758,
        0.09174709474839104,
        0.04382257369020548,
        0.22339785302543427,
        0.9300058068438573
      ]
    ]
  ],
  "probability_threshold": 0,
  "k_qubits": 5,
  "preprocessing_mode": "ideal",
  "projection_mode": "all_components",
  "projection_subset": null,
  "num_solution_qubits": 3,
  "num_projections": 8,
  "projector_basis_states": [
    0,
    1,
    2,
    3,
    4,
    5,
    6,
    7
  ],
  "enhanced_projection_results": [
    {
      "problem_index": 0,
      "projection_tasks": [
        {
          "basis_state": 0,
          "task_id": "arn:aws:braket:eu-west-2:380012739362:quantum-task/8ec80cf5-5c0f-465b-8c64-9a660c3af9c4",
          "status": "DONE",
          "shots": 2000,
          "created_at": "2025-12-22 19:03:14.233000+00:00",
          "ended_at": "2025-12-22 19:03:17.055000+00:00",
          "execution_time_seconds": 2.822,
          "counts": {
            "010000000": 275,
            "100000000": 142,
            "001000000": 132,
            "000000000": 299,
            "110000000": 106,
            "011000000": 436,
            "101000000": 559,
            "001000001": 6,
            "000111001": 1,
            "010011001": 2,
            "000000001": 1,
            "001010100": 1,
            "111000000": 6,
            "111000001": 1,
            "011110001": 1,
            "100000001": 15,
            "110010101": 1,
            "110111001": 1,
            "010000001": 1,
            "001010111": 1,
            "111110001": 1,
            "100110001": 1,
            "011000001": 3,
            "001100001": 1,
            "000111000": 1,
            "110000001": 1,
            "001011001": 1,
            "111011001": 1,
            "101010001": 1,
            "011101001": 1,
            "011010111": 1
          },
          "component_probability": 0.046511627906976744,
          "success_rate": 0.0215
        },
        {
          "basis_state": 1,
          "task_id": "arn:aws:braket:eu-west-2:380012739362:quantum-task/6a80899a-e12e-4deb-9c91-7d9390c1a47e",
          "status": "DONE",
          "shots": 2000,
          "created_at": "2025-12-22 19:03:15.933000+00:00",
          "ended_at": "2025-12-22 19:03:18.040000+00:00",
          "execution_time_seconds": 2.107,
          "counts": {
            "000000000": 319,
            "011000000": 453,
            "001000000": 129,
            "101000000": 511,
            "100000000": 152,
            "110000000": 102,
            "010000000": 279,
            "100000001": 19,
            "011000001": 7,
            "111000000": 13,
            "000100001": 1,
            "000010000": 2,
            "001000001": 4,
            "000000100": 1,
            "000111000": 1,
            "000110111": 1,
            "010111000": 1,
            "010000001": 1,
            "111010000": 1,
            "011100000": 1,
            "001010100": 1,
            "011101001": 1
          },
          "component_probability": 0.11764705882352941,
          "success_rate": 0.017
        },
        {
          "basis_state": 2,
          "task_id": "arn:aws:braket:eu-west-2:380012739362:quantum-task/14c840b9-a67d-4462-b5d8-ec602d464cf1",
          "status": "DONE",
          "shots": 2000,
          "created_at": "2025-12-22 19:03:17.457000+00:00",
          "ended_at": "2025-12-22 19:03:20.110000+00:00",
          "execution_time_seconds": 2.653,
          "counts": {
            "110000000": 111,
            "001000000": 133,
            "101000000": 542,
            "010000000": 275,
            "011000000": 440,
            "000000000": 296,
            "100000000": 161,
            "001000001": 6,
            "011000001": 11,
            "010000001": 5,
            "100000001": 6,
            "100011110": 1,
            "111110001": 1,
            "010010110": 1,
            "001110101": 1,
            "001010101": 1,
            "101010111": 1,
            "011110001": 1,
            "001010111": 1,
            "111011001": 1,
            "101110000": 1,
            "110000001": 1,
            "111000000": 2,
            "001111001": 1
          },
          "component_probability": 0.13513513513513514,
          "success_rate": 0.0185
        },
        {
          "basis_state": 3,
          "task_id": "arn:aws:braket:eu-west-2:380012739362:quantum-task/66053f7a-7a2f-4ed3-9102-54739a5506b6",
          "status": "DONE",
          "shots": 2000,
          "created_at": "2025-12-22 19:03:18.998000+00:00",
          "ended_at": "2025-12-22 19:03:21.330000+00:00",
          "execution_time_seconds": 2.332,
          "counts": {
            "001000001": 4,
            "010000000": 291,
            "101000000": 549,
            "001000000": 132,
            "100000000": 145,
            "011000000": 442,
            "000000000": 300,
            "110000000": 89,
            "011000001": 6,
            "100000001": 14,
            "011110001": 1,
            "111000000": 7,
            "001100001": 2,
            "001011001": 2,
            "111010111": 1,
            "100010110": 1,
            "101010001": 1,
            "001111001": 1,
            "110001110": 1,
            "110101001": 1,
            "000010101": 1,
            "001010111": 1,
            "010100000": 1,
            "000110000": 1,
            "010000001": 1,
            "000011000": 1,
            "010100001": 1,
            "111010000": 1,
            "110111001": 1,
            "111000001": 1
          },
          "component_probability": 0.1794871794871795,
          "success_rate": 0.0195
        },
        {
          "basis_state": 4,
          "task_id": "arn:aws:braket:eu-west-2:380012739362:quantum-task/78a873dc-cbf3-41d5-9893-4be533da5be2",
          "status": "DONE",
          "shots": 2000,
          "created_at": "2025-12-22 19:03:20.544000+00:00",
          "ended_at": "2025-12-22 19:03:22.960000+00:00",
          "execution_time_seconds": 2.416,
          "counts": {
            "010000000": 313,
            "011000000": 433,
            "000000000": 281,
            "001000000": 138,
            "100000000": 159,
            "101000000": 522,
            "110000000": 104,
            "011010110": 1,
            "101011110": 1,
            "100000001": 12,
            "000000001": 1,
            "111010110": 1,
            "100110000": 1,
            "001010111": 1,
            "111000000": 3,
            "111011000": 2,
            "000010000": 1,
            "001000001": 8,
            "000110001": 1,
            "010010101": 1,
            "010000001": 3,
            "101010110": 1,
            "011011001": 1,
            "011000001": 5,
            "111011001": 1,
            "000011110": 1,
            "110000001": 1,
            "001111001": 1,
            "110111001": 1,
            "000010001": 1
          },
          "component_probability": 0.3157894736842105,
          "success_rate": 0.019
        },
        {
          "basis_state": 5,
          "task_id": "arn:aws:braket:eu-west-2:380012739362:quantum-task/a59440e7-1c69-4ded-96d4-56666bb5654f",
          "status": "DONE",
          "shots": 2000,
          "created_at": "2025-12-22 19:03:22.251000+00:00",
          "ended_at": "2025-12-22 19:03:24.407000+00:00",
          "execution_time_seconds": 2.156,
          "counts": {
            "101000000": 541,
            "001000000": 154,
            "011000000": 449,
            "010000000": 275,
            "000000000": 273,
            "110000000": 105,
            "100000001": 17,
            "100000000": 145,
            "111000000": 10,
            "001000001": 9,
            "011101001": 1,
            "101010111": 1,
            "011000001": 9,
            "010000001": 2,
            "111000001": 1,
            "001100000": 1,
            "100100111": 1,
            "100011101": 1,
            "110111001": 1,
            "111101001": 1,
            "110000001": 1,
            "010100101": 1,
            "000110001": 1
          },
          "component_probability": 0.02127659574468085,
          "success_rate": 0.0235
        },
        {
          "basis_state": 6,
          "task_id": "arn:aws:braket:eu-west-2:380012739362:quantum-task/e2a7d88c-aa07-4548-b924-2bc3e0f9d6cf",
          "status": "DONE",
          "shots": 2000,
          "created_at": "2025-12-22 19:03:24.107000+00:00",
          "ended_at": "2025-12-22 19:03:26.434000+00:00",
          "execution_time_seconds": 2.327,
          "counts": {
            "101000000": 515,
            "011000000": 436,
            "010000000": 277,
            "000000000": 306,
            "100000000": 170,
            "110000000": 107,
            "001000000": 140,
            "001000001": 6,
            "111000000": 11,
            "100110001": 1,
            "011101001": 1,
            "111000001": 2,
            "001111001": 1,
            "011000001": 9,
            "010000001": 2,
            "110010101": 1,
            "110000001": 2,
            "100000001": 4,
            "010110001": 1,
            "100010111": 1,
            "110111001": 1,
            "110011111": 1,
            "000011111": 1,
            "000001000": 1,
            "100011111": 1,
            "100011101": 1,
            "010011100": 1
          },
          "component_probability": 0.1388888888888889,
          "success_rate": 0.018
        },
        {
          "basis_state": 7,
          "task_id": "arn:aws:braket:eu-west-2:380012739362:quantum-task/34ce37a8-2acc-40a9-8c45-d7ebfdcff7b9",
          "status": "DONE",
          "shots": 2000,
          "created_at": "2025-12-22 19:03:26.261000+00:00",
          "ended_at": "2025-12-22 19:03:28.253000+00:00",
          "execution_time_seconds": 1.992,
          "counts": {
            "010000000": 312,
            "000000000": 302,
            "101000000": 527,
            "100000000": 151,
            "011000000": 423,
            "110000000": 107,
            "001000000": 120,
            "000010111": 1,
            "001100001": 3,
            "111000000": 12,
            "011000001": 10,
            "110000001": 1,
            "010000001": 3,
            "100000001": 12,
            "010101000": 1,
            "110111001": 1,
            "001011001": 1,
            "001000001": 2,
            "001111000": 1,
            "010110000": 1,
            "111000001": 1,
            "001100000": 1,
            "100001110": 1,
            "010011001": 1,
            "100011001": 1,
            "110011000": 1,
            "000000001": 1,
            "010100001": 1,
            "111011001": 1
          },
          "component_probability": 0.05,
          "success_rate": 0.02
        }
      ],
      "depth": 2004,
      "num_projections": 8,
      "ideal_solution": [
        {
          "real": -0.23424954135368117,
          "imag": 0.0
        },
        {
          "real": 0.35627021712153933,
          "imag": 0.0
        },
        {
          "real": -0.23673275197373414,
          "imag": 0.0
        },
        {
          "real": 0.5545802959815433,
          "imag": 0.0
        },
        {
          "real": 0.6390945489531301,
          "imag": 0.0
        },
        {
          "real": -0.006960373344328003,
          "imag": 0.0
        },
        {
          "real": -0.11921043454029925,
          "imag": 0.0
        },
        {
          "real": 0.17859330115584743,
          "imag": 0.0
        }
      ],
      "reconstructed_solution_probabilities": [
        0.0462923890195245,
        0.1170925134023267,
        0.13449815728645634,
        0.17864114224201125,
        0.31430095702729793,
        0.021176305615314403,
        0.13823421721108012,
        0.049764318195988845
      ],
      "fidelity": 0.8779652975855023,
      "metadata": {
        "measured_components": [
          0,
          1,
          2,
          3,
          4,
          5,
          6,
          7
        ],
        "success_rates": [
          0.0215,
          0.017,
          0.0185,
          0.0195,
          0.019,
          0.0235,
          0.018,
          0.02
        ],
        "raw_probabilities": [
          0.046511627906976744,
          0.11764705882352941,
          0.13513513513513514,
          0.1794871794871795,
          0.3157894736842105,
          0.02127659574468085,
          0.1388888888888889,
          0.05
        ],
        "average_success_rate": 0.019624999999999997,
        "total_probability": 1.004735959670601
      },
      "total_problem_time_seconds": 14.02,
      "first_created_at": "2025-12-22 19:03:14.233000+00:00",
      "last_ended_at": "2025-12-22 19:03:28.253000+00:00"
    }
  ]
}