{
  "problem_list": [
    {
      "A_matrix": [
        [
          0.792250586870002,
          0.9674860958090178,
          0.742448251354439,
          0.9462449964551063,
          1.057957862253852,
          0.8620740581431249,
          1.2126620671449602,
          1.3444885078991724
        ],
        [
          0.9674860958090178,
          0.1662808617079703,
          1.0348949191681494,
          1.2868748690304952,
          1.4050882755961405,
          1.0839990666965358,
          1.0579180442196399,
          0.9332625755789019
        ],
        [
          0.742448251354439,
          1.0348949191681494,
          1.1040925306677534,
          1.2185506721187231,
          0.7244893155972816,
          1.735370256399131,
          1.0636989065543871,
          0.42857050751557957
        ],
        [
          0.9462449964551063,
          1.2868748690304952,
          1.2185506721187231,
          0.07086022404081671,
          0.5021817818062019,
          1.046752579606098,
          1.812633845543444,
          1.5240284346726445
        ],
        [
          1.057957862253852,
          1.4050882755961405,
          0.7244893155972816,
          0.5021817818062019,
          1.3624237353968753,
          1.5118457134656302,
          0.42606863215461055,
          0.27168206496364355
        ],
        [
          0.8620740581431249,
          1.0839990666965358,
          1.735370256399131,
          1.046752579606098,
          1.5118457134656302,
          0.5566442075212199,
          1.4095940348225793,
          1.055017645135332
        ],
        [
          1.2126620671449602,
          1.0579180442196399,
          1.0636989065543871,
          1.812633845543444,
          0.42606863215461055,
          1.4095940348225793,
          0.2858685004531485,
          0.16486754044092156
        ],
        [
          1.3444885078991724,
          0.9332625755789019,
          0.42857050751557957,
          1.5240284346726445,
          0.27168206496364355,
          1.055017645135332,
          0.16486754044092156,
          0.09322398508525764
        ]
      ],
      "b_vector": [
        0.36917099895456484,
        0.048992369773021655,
        0.5459798828154848,
        0.34955743456599675,
        0.46650564092264324,
        0.14512158286060514,
        0.1983581607722186,
        0.4037255775471623
      ]
    }
  ],
  "shots": 2000,
  "backend": "sv1",
  "device_arn": "SV1",
  "aws_region": "eu-west-2",
  "ideal_preprocessing_list": [
    [
      [
        -2.4822193494486884,
        -1.4255329947418305,
        -0.8366630403155892,
        -0.4332062711370162,
        -0.190221040179488,
        0.7826769760876143,
        1.1576115259183515,
        7.859198825559688
      ],
      [
        0.1417526363282463,
        0.3669134458370336,
        0.09835796730495044,
        0.18273248852660046,
        0.18909602623451777,
        0.04432085401776516,
        0.03966747353401115,
        0.8734529795972872
      ]
    ]
  ],
  "probability_threshold": 0,
  "k_qubits": 7,
  "preprocessing_mode": "ideal",
  "projection_mode": "all_components",
  "projection_subset": null,
  "num_solution_qubits": 3,
  "num_projections": 8,
  "projector_basis_states": [
    0,
    1,
    2,
    3,
    4,
    5,
    6,
    7
  ],
  "enhanced_projection_results": [
    {
      "problem_index": 0,
      "projection_tasks": [
        {
          "basis_state": 0,
          "task_id": "arn:aws:braket:eu-west-2:380012739362:quantum-task/bea09ed0-9cf5-41c8-ae33-90692b17f9e8",
          "status": "DONE",
          "shots": 2000,
          "created_at": "2025-12-22 19:25:52.128000+00:00",
          "ended_at": "2025-12-22 19:25:55.416000+00:00",
          "execution_time_seconds": 3.288,
          "counts": {
            "00000000000": 260,
            "10000000000": 470,
            "01100000000": 258,
            "11000000000": 186,
            "01000000000": 527,
            "11100000000": 188,
            "11100000001": 15,
            "11000000001": 26,
            "10100000000": 27,
            "01000000001": 15,
            "00100000001": 10,
            "11110000000": 1,
            "00100000000": 9,
            "00010000001": 1,
            "11010000001": 1,
            "10101000000": 1,
            "11110000001": 1,
            "11011000000": 1,
            "01001000000": 1,
            "01001000001": 1,
            "01010100001": 1
          },
          "component_probability": 0.014084507042253521,
          "success_rate": 0.0355
        },
        {
          "basis_state": 1,
          "task_id": "arn:aws:braket:eu-west-2:380012739362:quantum-task/9b108032-55a0-47da-941d-9a502d596e44",
          "status": "DONE",
          "shots": 2000,
          "created_at": "2025-12-22 19:25:54.313000+00:00",
          "ended_at": "2025-12-22 19:25:57.668000+00:00",
          "execution_time_seconds": 3.355,
          "counts": {
            "00000000000": 298,
            "10000000000": 423,
            "01100000000": 290,
            "01110100001": 1,
            "01000000000": 458,
            "11000000000": 208,
            "11100000000": 192,
            "01000000001": 22,
            "00100000000": 10,
            "11000000001": 34,
            "11100000001": 11,
            "10100000000": 31,
            "11110000000": 3,
            "11010000001": 2,
            "10110000001": 1,
            "10011000001": 1,
            "10100000001": 1,
            "11001100001": 1,
            "00100000001": 7,
            "01100000001": 1,
            "00101100000": 1,
            "11110000001": 2,
            "00000000001": 1,
            "01111000001": 1
          },
          "component_probability": 0.08139534883720931,
          "success_rate": 0.043
        },
        {
          "basis_state": 2,
          "task_id": "arn:aws:braket:eu-west-2:380012739362:quantum-task/7f79bf97-5cef-4011-a015-77c0b8ecd96d",
          "status": "DONE",
          "shots": 2000,
          "created_at": "2025-12-22 19:25:56.746000+00:00",
          "ended_at": "2025-12-22 19:26:00.617000+00:00",
          "execution_time_seconds": 3.871,
          "counts": {
            "00000000000": 279,
            "10000000000": 459,
            "01000000000": 468,
            "11000000000": 180,
            "01100000000": 283,
            "00100000000": 8,
            "11100000001": 8,
            "11100000000": 217,
            "00101100000": 1,
            "00001100000": 2,
            "01000000001": 25,
            "00100000001": 8,
            "11000000001": 24,
            "10100000000": 23,
            "01011000001": 1,
            "01100000001": 3,
            "11010000000": 3,
            "00000000001": 1,
            "00010000000": 1,
            "11000100001": 1,
            "01010000000": 1,
            "11110000000": 1,
            "10000000001": 1,
            "01010000001": 1,
            "01001000101": 1
          },
          "component_probability": 0.3783783783783784,
          "success_rate": 0.037
        },
        {
          "basis_state": 3,
          "task_id": "arn:aws:braket:eu-west-2:380012739362:quantum-task/1d823954-9e78-41dc-ad23-d55febcb139f",
          "status": "DONE",
          "shots": 2000,
          "created_at": "2025-12-22 19:25:58.886000+00:00",
          "ended_at": "2025-12-22 19:26:02.230000+00:00",
          "execution_time_seconds": 3.344,
          "counts": {
            "01100000000": 257,
            "10000000000": 504,
            "11100000000": 199,
            "11000000001": 32,
            "00000000000": 269,
            "01000000000": 437,
            "11000000000": 204,
            "10100000000": 17,
            "00100000001": 15,
            "01000000001": 27,
            "11100000001": 19,
            "10110000000": 1,
            "01100000001": 3,
            "01101000001": 1,
            "11110000000": 2,
            "00100000000": 7,
            "11000100000": 1,
            "01101000101": 1,
            "11010000000": 1,
            "10000000001": 1,
            "00111000001": 1,
            "11010000001": 1
          },
          "component_probability": 0.04950495049504951,
          "success_rate": 0.0505
        },
        {
          "basis_state": 4,
          "task_id": "arn:aws:braket:eu-west-2:380012739362:quantum-task/6ea1947b-4fdc-4825-9f3f-03857040fc92",
          "status": "DONE",
          "shots": 2000,
          "created_at": "2025-12-22 19:26:01.271000+00:00",
          "ended_at": "2025-12-22 19:26:04.327000+00:00",
          "execution_time_seconds": 3.056,
          "counts": {
            "01100000000": 287,
            "01000000000": 478,
            "00000000000": 296,
            "11000000000": 194,
            "10000000000": 439,
            "11100000000": 192,
            "00100000000": 8,
            "01011000001": 1,
            "10100000000": 19,
            "01111000001": 1,
            "01000000001": 19,
            "11100000001": 17,
            "11000000001": 25,
            "00100000001": 12,
            "11010000000": 6,
            "11010000001": 1,
            "01101110001": 1,
            "10010000001": 1,
            "01100000001": 1,
            "01101110101": 1,
            "11101011010": 1
          },
          "component_probability": 0.0125,
          "success_rate": 0.04
        },
        {
          "basis_state": 5,
          "task_id": "arn:aws:braket:eu-west-2:380012739362:quantum-task/4735a21d-122f-4826-8315-64be136b8b1c",
          "status": "DONE",
          "shots": 2000,
          "created_at": "2025-12-22 19:26:03.348000+00:00",
          "ended_at": "2025-12-22 19:26:06.388000+00:00",
          "execution_time_seconds": 3.04,
          "counts": {
            "10100000000": 22,
            "11000000000": 213,
            "01100000000": 265,
            "01000000000": 454,
            "01000000001": 32,
            "11100000000": 180,
            "00000000000": 300,
            "10000000000": 463,
            "11000000001": 29,
            "00100000000": 7,
            "11100000001": 8,
            "11110000000": 1,
            "00100000001": 12,
            "10101000001": 1,
            "01100000001": 5,
            "11110000001": 3,
            "01011000000": 1,
            "11001000000": 1,
            "10101000000": 1,
            "11111000000": 1,
            "11010000001": 1
          },
          "component_probability": 0.01098901098901099,
          "success_rate": 0.0455
        },
        {
          "basis_state": 6,
          "task_id": "arn:aws:braket:eu-west-2:380012739362:quantum-task/adc44982-21ca-4671-9e42-676bcb5e89c6",
          "status": "DONE",
          "shots": 2000,
          "created_at": "2025-12-22 19:26:05.504000+00:00",
          "ended_at": "2025-12-22 19:26:08.509000+00:00",
          "execution_time_seconds": 3.005,
          "counts": {
            "01100000000": 273,
            "10000000000": 469,
            "11000000000": 205,
            "10100000000": 34,
            "01000000000": 456,
            "01000000001": 21,
            "00000000000": 292,
            "11100000000": 186,
            "11000000001": 31,
            "00100000000": 6,
            "00000000001": 1,
            "10100011001": 1,
            "11011000001": 1,
            "00100000001": 5,
            "11100000001": 10,
            "11110000000": 1,
            "11010000001": 1,
            "01101100000": 1,
            "01001000000": 1,
            "01010000000": 1,
            "11110001000": 1,
            "11010000000": 2,
            "10110000000": 1
          },
          "component_probability": 0.4647887323943662,
          "success_rate": 0.0355
        },
        {
          "basis_state": 7,
          "task_id": "arn:aws:braket:eu-west-2:380012739362:quantum-task/99845fab-a943-43fd-97ee-6577e523fa62",
          "status": "DONE",
          "shots": 2000,
          "created_at": "2025-12-22 19:26:07.737000+00:00",
          "ended_at": "2025-12-22 19:26:11.649000+00:00",
          "execution_time_seconds": 3.912,
          "counts": {
            "01000000000": 443,
            "10100000000": 18,
            "00100000000": 6,
            "11000000000": 197,
            "00000000000": 295,
            "11100000000": 182,
            "10000000000": 473,
            "01100000000": 289,
            "00100000001": 10,
            "01100000001": 5,
            "11000000001": 32,
            "01000000001": 20,
            "11100000001": 16,
            "11010000000": 1,
            "11011000001": 1,
            "01000010000": 1,
            "11001000000": 1,
            "01011001111": 1,
            "11011000000": 1,
            "10010000000": 1,
            "01010000001": 1,
            "11000010001": 1,
            "11111101001": 1,
            "01011000000": 1,
            "00000000001": 1,
            "00101000000": 1,
            "10110000001": 1
          },
          "component_probability": 0.18888888888888888,
          "success_rate": 0.045
        }
      ],
      "depth": 4716,
      "num_projections": 8,
      "ideal_solution": [
        {
          "real": -0.04595363326834452,
          "imag": 0.0
        },
        {
          "real": 0.3489378699559424,
          "imag": 0.0
        },
        {
          "real": -0.5307000600337196,
          "imag": 0.0
        },
        {
          "real": 0.14367320995656965,
          "imag": 0.0
        },
        {
          "real": 0.07950349514728401,
          "imag": 0.0
        },
        {
          "real": 0.017652101968306032,
          "imag": 0.0
        },
        {
          "real": 0.62272053639225,
          "imag": 0.0
        },
        {
          "real": -0.42359510458909316,
          "imag": 0.0
        }
      ],
      "reconstructed_solution_probabilities": [
        0.01173190939743097,
        0.06779952291306038,
        0.31517616056882125,
        0.04123591916918807,
        0.010412069590219987,
        0.009153467771621966,
        0.387153010115222,
        0.15733794047443536
      ],
      "fidelity": 0.9766161709343572,
      "metadata": {
        "measured_components": [
          0,
          1,
          2,
          3,
          4,
          5,
          6,
          7
        ],
        "success_rates": [
          0.0355,
          0.043,
          0.037,
          0.0505,
          0.04,
          0.0455,
          0.0355,
          0.045
        ],
        "raw_probabilities": [
          0.014084507042253521,
          0.08139534883720931,
          0.3783783783783784,
          0.04950495049504951,
          0.0125,
          0.01098901098901099,
          0.4647887323943662,
          0.18888888888888888
        ],
        "average_success_rate": 0.041499999999999995,
        "total_probability": 1.2005298170251568
      },
      "total_problem_time_seconds": 19.521,
      "first_created_at": "2025-12-22 19:25:52.128000+00:00",
      "last_ended_at": "2025-12-22 19:26:11.649000+00:00"
    }
  ]
}