{
  "problem_list": [
    {
      "A_matrix": [
        [
          1.2894530029001279,
          1.2067746393718741,
          0.8382254461728711,
          1.2783720136914212,
          0.4163874218678971,
          0.2612646020640066,
          1.3546694228248737,
          1.5997110830140038,
          1.2666596847339031,
          0.5894139601891139,
          0.9342615209787319,
          0.8679979333124137,
          0.974563558150761,
          1.8580902624670106,
          0.5920631161061927,
          1.1366196993605648
        ],
        [
          1.2067746393718741,
          1.2211994727362505,
          0.8205166577228319,
          1.1440244365024967,
          1.858914751674896,
          1.543262020896739,
          0.9154626760161536,
          0.313340664520698,
          0.3353200376551313,
          1.4224666556086398,
          0.7888379299523738,
          0.7114586447989149,
          0.765983906810001,
          0.5639090677615701,
          0.9730947974935061,
          0.5283599786908466
        ],
        [
          0.8382254461728711,
          0.8205166577228319,
          1.8460948701781879,
          0.8229872089521016,
          1.2409926163075573,
          0.8791670152179037,
          0.6823070271563638,
          1.7426995296056311,
          1.2086952006318672,
          0.8687608171945839,
          0.6480518559452423,
          0.8469190023982351,
          1.5443759220574664,
          1.1879916977117047,
          0.14841000276276428,
          1.680899694038761
        ],
        [
          1.2783720136914212,
          1.1440244365024967,
          0.8229872089521016,
          0.634317955520854,
          1.0351734643267987,
          1.3426846423429704,
          1.4385199813259253,
          1.1757438791438564,
          1.2819391432531484,
          0.43128263723813076,
          0.4588659719721957,
          1.4924703789742666,
          0.5241789879160759,
          1.255071878148263,
          1.535215712538645,
          1.003821563904035
        ],
        [
          0.4163874218678971,
          1.858914751674896,
          1.2409926163075573,
          1.0351734643267987,
          0.7263486029407287,
          1.2601445365678399,
          0.9401334256397555,
          1.0483836267258133,
          0.5663949821387053,
          0.8560507219107301,
          1.1343306641582989,
          1.0128932393147254,
          1.3024669806659452,
          1.0102975470868958,
          1.3957887962749842,
          1.7812443443693111
        ],
        [
          0.2612646020640066,
          1.543262020896739,
          0.8791670152179037,
          1.3426846423429704,
          1.2601445365678399,
          1.2125141727796047,
          0.681365402017721,
          0.5864247913229462,
          0.30735649065116033,
          1.3197905307038043,
          0.6611967847465071,
          1.0723389407609267,
          0.41447583206603567,
          1.0015901550858155,
          0.9967987325351091,
          0.43285306581743965
        ],
        [
          1.3546694228248737,
          0.9154626760161536,
          0.6823070271563638,
          1.4385199813259253,
          0.9401334256397555,
          0.681365402017721,
          0.6630529661281424,
          1.0204792682507584,
          1.3755452160282267,
          1.179537046390999,
          0.85418433358903,
          1.4384413889563796,
          1.6180388356635338,
          1.055908986851233,
          0.9049549533495165,
          1.2997160417773266
        ],
        [
          1.5997110830140038,
          0.313340664520698,
          1.7426995296056311,
          1.1757438791438564,
          1.0483836267258133,
          0.5864247913229462,
          1.0204792682507584,
          1.5953010121595164,
          0.8978626862163962,
          0.21644654905039062,
          0.6381430244995767,
          0.5243830093873396,
          0.6563186047774182,
          0.08527000636365067,
          0.4796111099357917,
          0.7005482177095377
        ],
        [
          1.2666596847339031,
          0.3353200376551313,
          1.2086952006318672,
          1.2819391432531484,
          0.5663949821387053,
          0.30735649065116033,
          1.3755452160282267,
          0.8978626862163962,
          1.8838025933749867,
          0.8168765026297586,
          0.538733869499332,
          0.9180682583463287,
          1.2110793718059383,
          0.6447314331360706,
          0.6668196553227489,
          1.0742899495270453
        ],
        [
          0.5894139601891139,
          1.4224666556086398,
          0.8687608171945839,
          0.43128263723813076,
          0.8560507219107301,
          1.3197905307038043,
          1.179537046390999,
          0.21644654905039062,
          0.8168765026297586,
          1.226460346064348,
          0.15935273676192585,
          1.7733257318085887,
          1.4116048901466802,
          1.2480757768013895,
          0.965304980444921,
          0.9362105115536259
        ],
        [
          0.9342615209787319,
          0.7888379299523738,
          0.6480518559452423,
          0.4588659719721957,
          1.1343306641582989,
          0.6611967847465071,
          0.85418433358903,
          0.6381430244995767,
          0.538733869499332,
          0.15935273676192585,
          1.1057471816004858,
          1.0289867367990455,
          1.0149641156276712,
          1.1753942156085362,
          0.6742846576543647,
          0.9014792826833844
        ],
        [
          0.8679979333124137,
          0.7114586447989149,
          0.8469190023982351,
          1.4924703789742666,
          1.0128932393147254,
          1.0723389407609267,
          1.4384413889563796,
          0.5243830093873396,
          0.9180682583463287,
          1.7733257318085887,
          1.0289867367990455,
          1.6756280959383052,
          1.0600619068255712,
          0.9086904178555457,
          1.4761653109863309,
          0.7072644191371765
        ],
        [
          0.974563558150761,
          0.765983906810001,
          1.5443759220574664,
          0.5241789879160759,
          1.3024669806659452,
          0.41447583206603567,
          1.6180388356635338,
          0.6563186047774182,
          1.2110793718059383,
          1.4116048901466802,
          1.0149641156276712,
          1.0600619068255712,
          0.5442888348332116,
          0.9081368437842186,
          1.2137366360002164,
          1.1355048027812247
        ],
        [
          1.8580902624670106,
          0.5639090677615701,
          1.1879916977117047,
          1.255071878148263,
          1.0102975470868958,
          1.0015901550858155,
          1.055908986851233,
          0.08527000636365067,
          0.6447314331360706,
          1.2480757768013895,
          1.1753942156085362,
          0.9086904178555457,
          0.9081368437842186,
          0.10834347612911288,
          0.9490830315287572,
          1.572654096503344
        ],
        [
          0.5920631161061927,
          0.9730947974935061,
          0.14841000276276428,
          1.535215712538645,
          1.3957887962749842,
          0.9967987325351091,
          0.9049549533495165,
          0.4796111099357917,
          0.6668196553227489,
          0.965304980444921,
          0.6742846576543647,
          1.4761653109863309,
          1.2137366360002164,
          0.9490830315287572,
          1.7930029477322504,
          1.0162244549205337
        ],
        [
          1.1366196993605648,
          0.5283599786908466,
          1.680899694038761,
          1.003821563904035,
          1.7812443443693111,
          0.43285306581743965,
          1.2997160417773266,
          0.7005482177095377,
          1.0742899495270453,
          0.9362105115536259,
          0.9014792826833844,
          0.7072644191371765,
          1.1355048027812247,
          1.572654096503344,
          1.0162244549205337,
          0.197627413302224
        ]
      ],
      "b_vector": [
        0.296031556728243,
        0.29632346454494085,
        0.1941301123525248,
        0.05456996252105033,
        0.3551516890882127,
        0.26883433160680875,
        0.23032430452710845,
        0.28030381673778876,
        0.289258400101524,
        0.006490801471181301,
        0.3049721600874094,
        0.18220140282605055,
        0.3314507980584794,
        0.01517787487126218,
        0.0011439565879948297,
        0.36586879505383696
      ]
    }
  ],
  "shots": 2000,
  "backend": "sv1",
  "device_arn": "SV1",
  "aws_region": "eu-west-2",
  "ideal_preprocessing_list": [
    [
      [
        -2.5565260137666703,
        -2.034774716590591,
        -1.6301033898042314,
        -1.3870483068586412,
        -0.7616020438416881,
        -0.430445589710442,
        -0.3801844511757873,
        0.3618910743742081,
        0.39382107369366554,
        0.6906735105205697,
        1.0942600271911422,
        1.348777577999737,
        1.6515944281774027,
        2.0907621595910455,
        3.390063941626833,
        15.882023662891779
      ],
      [
        0.036317724996998535,
        0.17347320871237853,
        0.12528275645795056,
        0.19731215962481477,
        0.056144468111901186,
        0.041496013811274365,
        0.05589793124647095,
        0.11280886296117437,
        0.2752902074203542,
        0.02925678319924313,
        0.007752149082823553,
        0.10219141658442082,
        0.023988150063171135,
        0.18566199425386315,
        0.18680130434057468,
        0.8579925982814681
      ]
    ]
  ],
  "probability_threshold": 0,
  "k_qubits": 4,
  "preprocessing_mode": "ideal",
  "projection_mode": "all_components",
  "projection_subset": null,
  "num_solution_qubits": 4,
  "num_projections": 16,
  "projector_basis_states": [
    0,
    1,
    2,
    3,
    4,
    5,
    6,
    7,
    8,
    9,
    10,
    11,
    12,
    13,
    14,
    15
  ],
  "enhanced_projection_results": [
    {
      "problem_index": 0,
      "projection_tasks": [
        {
          "basis_state": 0,
          "task_id": "arn:aws:braket:eu-west-2:380012739362:quantum-task/7a1b9bbd-fef3-4a89-8bad-b6e3604441d8",
          "shots": 2000,
          "projector_index": 0
        },
        {
          "basis_state": 1,
          "task_id": "arn:aws:braket:eu-west-2:380012739362:quantum-task/bea64047-aad8-43a4-8a09-5e7a1d6b3f73",
          "shots": 2000,
          "projector_index": 1
        },
        {
          "basis_state": 2,
          "task_id": "arn:aws:braket:eu-west-2:380012739362:quantum-task/13fc2f43-0f70-4bd9-b4f7-e04af2ad9006",
          "shots": 2000,
          "projector_index": 2
        },
        {
          "basis_state": 3,
          "task_id": "arn:aws:braket:eu-west-2:380012739362:quantum-task/cb1678dd-ff39-4d84-8c07-fd326a0d278c",
          "shots": 2000,
          "projector_index": 3
        },
        {
          "basis_state": 4,
          "task_id": "arn:aws:braket:eu-west-2:380012739362:quantum-task/1bb7d059-f04e-4e1e-a1d9-9d2dd599409d",
          "shots": 2000,
          "projector_index": 4
        },
        {
          "basis_state": 5,
          "task_id": "arn:aws:braket:eu-west-2:380012739362:quantum-task/7fbb5b01-ff97-4632-9e91-c4314f3d0a93",
          "shots": 2000,
          "projector_index": 5
        },
        {
          "basis_state": 6,
          "task_id": "arn:aws:braket:eu-west-2:380012739362:quantum-task/30e5bf26-104a-4f5e-b751-4969127be52f",
          "shots": 2000,
          "projector_index": 6
        },
        {
          "basis_state": 7,
          "task_id": "arn:aws:braket:eu-west-2:380012739362:quantum-task/745fee27-4ce9-47e6-8758-cf59a21f728e",
          "shots": 2000,
          "projector_index": 7
        },
        {
          "basis_state": 8,
          "task_id": "arn:aws:braket:eu-west-2:380012739362:quantum-task/090de310-1813-47f4-91f7-65d55363f098",
          "shots": 2000,
          "projector_index": 8
        },
        {
          "basis_state": 9,
          "task_id": "arn:aws:braket:eu-west-2:380012739362:quantum-task/cee19de4-0d2e-49a6-9201-cda3876be11b",
          "shots": 2000,
          "projector_index": 9
        },
        {
          "basis_state": 10,
          "task_id": "arn:aws:braket:eu-west-2:380012739362:quantum-task/bab22c7d-5bb7-4133-a356-a9ddb2d2f19c",
          "shots": 2000,
          "projector_index": 10
        },
        {
          "basis_state": 11,
          "task_id": "arn:aws:braket:eu-west-2:380012739362:quantum-task/f411bac5-470f-43b9-b39e-d447fdcdbebb",
          "shots": 2000,
          "projector_index": 11
        },
        {
          "basis_state": 12,
          "task_id": "arn:aws:braket:eu-west-2:380012739362:quantum-task/cf3a57f4-b332-46bd-8585-342421ccce28",
          "shots": 2000,
          "projector_index": 12
        },
        {
          "basis_state": 13,
          "task_id": "arn:aws:braket:eu-west-2:380012739362:quantum-task/87a6cec5-540d-4d2c-ac8b-eea308baa752",
          "shots": 2000,
          "projector_index": 13
        },
        {
          "basis_state": 14,
          "task_id": "arn:aws:braket:eu-west-2:380012739362:quantum-task/cd3901db-71a0-4479-be2b-bb50ad383f68",
          "shots": 2000,
          "projector_index": 14
        },
        {
          "basis_state": 15,
          "task_id": "arn:aws:braket:eu-west-2:380012739362:quantum-task/b240f8c6-2048-4717-90f1-21766582b35f",
          "shots": 2000,
          "projector_index": 15
        }
      ],
      "depth": 5792,
      "num_projections": 16,
      "ideal_solution": [
        {
          "real": -0.15819475663017615,
          "imag": 0.0
        },
        {
          "real": 0.4117148858960496,
          "imag": 0.0
        },
        {
          "real": -0.03329855094485013,
          "imag": 0.0
        },
        {
          "real": -0.11244482557338836,
          "imag": 0.0
        },
        {
          "real": 0.09301747578468446,
          "imag": 0.0
        },
        {
          "real": -0.07147022148904078,
          "imag": 0.0
        },
        {
          "real": 0.06356840105489828,
          "imag": 0.0
        },
        {
          "real": 0.0855406830455548,
          "imag": 0.0
        },
        {
          "real": 0.3908482361769462,
          "imag": 0.0
        },
        {
          "real": -0.04631247081150314,
          "imag": 0.0
        },
        {
          "real": 0.5787563199225728,
          "imag": 0.0
        },
        {
          "real": -0.10536140328667275,
          "imag": 0.0
        },
        {
          "real": 0.14188433637150882,
          "imag": 0.0
        },
        {
          "real": -0.3008681115819816,
          "imag": 0.0
        },
        {
          "real": -0.13825124096382338,
          "imag": 0.0
        },
        {
          "real": -0.3685932216587297,
          "imag": 0.0
        }
      ]
    }
  ]
}