{
  "problem_list": [
    {
      "A_matrix": [
        [
          0.03019534583403094,
          0.8807692581797514,
          0.7202979405165267,
          0.8657539602959348,
          0.5430684326403011,
          0.8394344896541115,
          0.7606819670711022,
          1.5494289074922118
        ],
        [
          0.8807692581797514,
          1.76289194693274,
          0.7405525109499926,
          1.4602000675872868,
          1.0481073353730685,
          0.4148182907116672,
          0.6347208372714445,
          1.1209159699102837
        ],
        [
          0.7202979405165267,
          0.7405525109499926,
          1.37521460854625,
          1.2665223702946706,
          0.08631525795612138,
          0.9840392274854681,
          0.7438739884598686,
          0.40603640800385443
        ],
        [
          0.8657539602959348,
          1.4602000675872868,
          1.2665223702946706,
          0.42674806425364653,
          1.0368153926639558,
          1.0072563613142307,
          0.87848426893374,
          0.45041529618763565
        ],
        [
          0.5430684326403011,
          1.0481073353730685,
          0.08631525795612138,
          1.0368153926639558,
          0.31627377155354286,
          0.47048084196740814,
          1.0930929158708271,
          0.7482140770950981
        ],
        [
          0.8394344896541115,
          0.4148182907116672,
          0.9840392274854681,
          1.0072563613142307,
          0.47048084196740814,
          0.12281758958181599,
          1.2758631396246056,
          0.9628055485076318
        ],
        [
          0.7606819670711022,
          0.6347208372714445,
          0.7438739884598686,
          0.87848426893374,
          1.0930929158708271,
          1.2758631396246056,
          1.603274270271013,
          1.3423907510080033
        ],
        [
          1.5494289074922118,
          1.1209159699102837,
          0.40603640800385443,
          0.45041529618763565,
          0.7482140770950981,
          0.9628055485076318,
          1.3423907510080033,
          1.3733653763982925
        ]
      ],
      "b_vector": [
        0.65021174831453,
        0.3459997571947771,
        0.1843868856877016,
        0.1622354394061508,
        0.11953059604637274,
        0.12582555857973293,
        0.23985176623593601,
        0.5563645249406186
      ]
    }
  ],
  "shots": 2000,
  "backend": "sv1",
  "device_arn": "SV1",
  "aws_region": "eu-west-2",
  "ideal_preprocessing_list": [
    [
      [
        -1.3062596883991993,
        -1.0783660785847435,
        -0.7406118982703579,
        -0.3876527564974689,
        0.5903820959175702,
        1.3260430008873922,
        1.502384721035934,
        7.104861577282203
      ],
      [
        0.10419802024725863,
        0.23642526805965774,
        0.04892784595223612,
        0.04125859746174426,
        0.3812282623783284,
        0.13280582563334017,
        0.17348618487474,
        0.8579509470388675
      ]
    ]
  ],
  "probability_threshold": 0,
  "k_qubits": 7,
  "preprocessing_mode": "ideal",
  "projection_mode": "all_components",
  "projection_subset": null,
  "num_solution_qubits": 3,
  "num_projections": 8,
  "projector_basis_states": [
    0,
    1,
    2,
    3,
    4,
    5,
    6,
    7
  ],
  "enhanced_projection_results": [
    {
      "problem_index": 0,
      "projection_tasks": [
        {
          "basis_state": 0,
          "task_id": "arn:aws:braket:eu-west-2:380012739362:quantum-task/2c9b83e8-9818-4ae6-9116-bdae08ddf962",
          "shots": 2000,
          "projector_index": 0
        },
        {
          "basis_state": 1,
          "task_id": "arn:aws:braket:eu-west-2:380012739362:quantum-task/4c44eb02-ebb4-4446-a308-7586c9a30a60",
          "shots": 2000,
          "projector_index": 1
        },
        {
          "basis_state": 2,
          "task_id": "arn:aws:braket:eu-west-2:380012739362:quantum-task/0913245c-3562-4143-8119-cc05e76149cd",
          "shots": 2000,
          "projector_index": 2
        },
        {
          "basis_state": 3,
          "task_id": "arn:aws:braket:eu-west-2:380012739362:quantum-task/37cab8bf-11dc-41ae-a908-b187c32d40c5",
          "shots": 2000,
          "projector_index": 3
        },
        {
          "basis_state": 4,
          "task_id": "arn:aws:braket:eu-west-2:380012739362:quantum-task/9b07136c-1d1d-4446-ac5a-fb52ee488ce5",
          "shots": 2000,
          "projector_index": 4
        },
        {
          "basis_state": 5,
          "task_id": "arn:aws:braket:eu-west-2:380012739362:quantum-task/59b07e13-e323-43e5-9b3a-6474a40c2737",
          "shots": 2000,
          "projector_index": 5
        },
        {
          "basis_state": 6,
          "task_id": "arn:aws:braket:eu-west-2:380012739362:quantum-task/d4096ccb-f3d1-4069-8bc7-68094c8081a2",
          "shots": 2000,
          "projector_index": 6
        },
        {
          "basis_state": 7,
          "task_id": "arn:aws:braket:eu-west-2:380012739362:quantum-task/7f18eb75-5c6c-41c4-9dc8-61c690791808",
          "shots": 2000,
          "projector_index": 7
        }
      ],
      "depth": 4726,
      "num_projections": 8,
      "ideal_solution": [
        {
          "real": 0.10685531619527806,
          "imag": 0.0
        },
        {
          "real": 0.19319074393801014,
          "imag": 0.0
        },
        {
          "real": 0.11900870703296491,
          "imag": 0.0
        },
        {
          "real": -0.23691894997412552,
          "imag": 0.0
        },
        {
          "real": -0.37991059543785244,
          "imag": 0.0
        },
        {
          "real": 0.15912804434721498,
          "imag": 0.0
        },
        {
          "real": -0.3544865011283021,
          "imag": 0.0
        },
        {
          "real": 0.7652784735931663,
          "imag": 0.0
        }
      ]
    }
  ]
}