{
  "problem_list": [
    {
      "A_matrix": [
        [
          1.7557107377530197,
          1.08998916555131,
          1.135508113292861,
          0.2677106837782163,
          0.964127100218311,
          1.3032328633436014,
          1.7171157584371928,
          1.1238813799986629,
          1.1814874087666398,
          1.223787414137743,
          0.22128908705895367,
          0.9434651567131488,
          1.1187953431587767,
          0.850089879531233,
          0.9552510425668436,
          1.4923271339394595
        ],
        [
          1.08998916555131,
          1.1308846035057047,
          0.865268729004019,
          0.8612256203624463,
          1.0788854703352233,
          1.1746691788682635,
          1.7911217722352304,
          0.9549565625555064,
          1.1360989415695133,
          1.6487149806850572,
          0.8907436159840448,
          1.4487804311077281,
          0.9794009668653787,
          1.1885037829725107,
          0.7709275036494592,
          1.636488893383851
        ],
        [
          1.135508113292861,
          0.865268729004019,
          0.9050981800155418,
          1.069820097525081,
          1.4280060838326092,
          1.2146982460666962,
          0.6013502287062987,
          1.4351129530070637,
          1.3264585017454391,
          0.625205036855569,
          0.760932840463743,
          0.5279906586176307,
          0.7745814312957521,
          1.3205185105955493,
          0.7409946042721013,
          1.2351424591800853
        ],
        [
          0.2677106837782163,
          0.8612256203624463,
          1.069820097525081,
          1.1485751578092573,
          1.5344897608572865,
          1.0586250837563513,
          0.17618274849777982,
          0.9208206575608706,
          0.5208363929766873,
          0.39178295463506785,
          0.8066080459764984,
          1.2386294928158073,
          0.6191692231393127,
          0.8288051483745639,
          1.2166743762516283,
          1.5766297238774327
        ],
        [
          0.964127100218311,
          1.0788854703352233,
          1.4280060838326092,
          1.5344897608572865,
          1.8286688381942915,
          1.4071489914654611,
          1.1543991332726542,
          0.8309964790571136,
          0.915279772015538,
          0.33414877630143724,
          1.1378118332291125,
          0.9564465976189094,
          0.1356375329431615,
          0.6172490427191194,
          0.1323540610075865,
          1.2974233905031105
        ],
        [
          1.3032328633436014,
          1.1746691788682635,
          1.2146982460666962,
          1.0586250837563513,
          1.4071489914654611,
          0.5444589168923326,
          0.5200733993830706,
          0.9179814181906135,
          0.5017187932309435,
          0.8277530445289393,
          0.8585399165338721,
          1.167578255703563,
          1.1985237681964929,
          0.40095209209592797,
          0.4763548742036663,
          0.9874238828599938
        ],
        [
          1.7171157584371928,
          1.7911217722352304,
          0.6013502287062987,
          0.17618274849777982,
          1.1543991332726542,
          0.5200733993830706,
          0.8467936354206367,
          1.3966482967733,
          1.104883706935687,
          1.4001731670249389,
          1.1381227418140756,
          1.6968714487838956,
          1.5786290975397936,
          1.167359497684202,
          0.6101787787122785,
          0.5737492059261596
        ],
        [
          1.1238813799986629,
          0.9549565625555064,
          1.4351129530070637,
          0.9208206575608706,
          0.8309964790571136,
          0.9179814181906135,
          1.3966482967733,
          1.073214766906856,
          0.635049109445502,
          1.246358373888944,
          0.7562625106950059,
          1.523429292257735,
          0.646234858996509,
          1.1325069420469336,
          0.9444872089659985,
          0.8546044852934853
        ],
        [
          1.1814874087666398,
          1.1360989415695133,
          1.3264585017454391,
          0.5208363929766873,
          0.915279772015538,
          0.5017187932309435,
          1.104883706935687,
          0.635049109445502,
          0.6109575304962656,
          0.5527340592367442,
          1.2578734755440588,
          0.898172620754096,
          0.9354780524551088,
          1.2418841612645828,
          1.6908129344447098,
          0.44614662940179894
        ],
        [
          1.223787414137743,
          1.6487149806850572,
          0.625205036855569,
          0.39178295463506785,
          0.33414877630143724,
          0.8277530445289393,
          1.4001731670249389,
          1.246358373888944,
          0.5527340592367442,
          0.9017591566083716,
          0.6578882638856989,
          1.0189308532483983,
          1.162561158528354,
          1.4222753511166135,
          1.75708654969238,
          0.17519744505284762
        ],
        [
          0.22128908705895367,
          0.8907436159840448,
          0.760932840463743,
          0.8066080459764984,
          1.1378118332291125,
          0.8585399165338721,
          1.1381227418140756,
          0.7562625106950059,
          1.2578734755440588,
          0.6578882638856989,
          0.45531307056812387,
          1.2600988638350104,
          1.6991957189855365,
          1.6205251012437472,
          0.9038009941284294,
          0.8995368384056994
        ],
        [
          0.9434651567131488,
          1.4487804311077281,
          0.5279906586176307,
          1.2386294928158073,
          0.9564465976189094,
          1.167578255703563,
          1.6968714487838956,
          1.523429292257735,
          0.898172620754096,
          1.0189308532483983,
          1.2600988638350104,
          0.8434346172720617,
          1.3075185264035687,
          1.3431849818412278,
          0.9857479246887428,
          1.1817527697176278
        ],
        [
          1.1187953431587767,
          0.9794009668653787,
          0.7745814312957521,
          0.6191692231393127,
          0.1356375329431615,
          1.1985237681964929,
          1.5786290975397936,
          0.646234858996509,
          0.9354780524551088,
          1.162561158528354,
          1.6991957189855365,
          1.3075185264035687,
          1.2425645974347321,
          1.4362024562519693,
          1.0275796839716769,
          1.4296637793539055
        ],
        [
          0.850089879531233,
          1.1885037829725107,
          1.3205185105955493,
          0.8288051483745639,
          0.6172490427191194,
          0.40095209209592797,
          1.167359497684202,
          1.1325069420469336,
          1.2418841612645828,
          1.4222753511166135,
          1.6205251012437472,
          1.3431849818412278,
          1.4362024562519693,
          0.1981036476340703,
          0.7741573820438413,
          1.1170999955453573
        ],
        [
          0.9552510425668436,
          0.7709275036494592,
          0.7409946042721013,
          1.2166743762516283,
          0.1323540610075865,
          0.4763548742036663,
          0.6101787787122785,
          0.9444872089659985,
          1.6908129344447098,
          1.75708654969238,
          0.9038009941284294,
          0.9857479246887428,
          1.0275796839716769,
          0.7741573820438413,
          1.557534518790322,
          1.6311696674574248
        ],
        [
          1.4923271339394595,
          1.636488893383851,
          1.2351424591800853,
          1.5766297238774327,
          1.2974233905031105,
          0.9874238828599938,
          0.5737492059261596,
          0.8546044852934853,
          0.44614662940179894,
          0.17519744505284762,
          0.8995368384056994,
          1.1817527697176278,
          1.4296637793539055,
          1.1170999955453573,
          1.6311696674574248,
          0.6670847918640945
        ]
      ],
      "b_vector": [
        0.18155435005336315,
        0.08639175986833078,
        0.3531800836362758,
        0.3486684921019528,
        0.19968151480232163,
        0.35627788405053656,
        0.07867488069556854,
        0.014332605638791693,
        0.2817717594432202,
        0.23385813284981705,
        0.12967128063865047,
        0.26856745280888056,
        0.36573665394422367,
        0.14114978430571007,
        0.25335093929352503,
        0.31490548732630214
      ]
    }
  ],
  "shots": 2000,
  "backend": "sv1",
  "device_arn": "SV1",
  "aws_region": "eu-west-2",
  "ideal_preprocessing_list": [
    [
      [
        -2.5932491811026104,
        -2.0616489604888137,
        -1.7222252603264014,
        -1.3345609745595828,
        -1.0240800004695034,
        -0.8083939372594251,
        -0.5052697163706046,
        -0.05321536337488533,
        0.09258173035243102,
        0.5511983338581029,
        0.9734219739457967,
        1.0219139797317267,
        1.5747761029607912,
        2.065788751788881,
        3.0782645089505127,
        16.454854779529253
      ],
      [
        0.11249160651000566,
        0.023298650719398295,
        0.02330823886861121,
        0.1614638769903638,
        0.07962248850958113,
        0.11880259456784141,
        0.07137487877738712,
        0.13054443414504585,
        0.13180268026576186,
        0.0687382044531703,
        0.1281470209471364,
        0.13965670174908612,
        0.05981943116147779,
        0.21261834691346101,
        0.16291151308616225,
        0.8855796443718829
      ]
    ]
  ],
  "probability_threshold": 0,
  "k_qubits": 6,
  "preprocessing_mode": "ideal",
  "projection_mode": "all_components",
  "projection_subset": null,
  "num_solution_qubits": 4,
  "num_projections": 16,
  "projector_basis_states": [
    0,
    1,
    2,
    3,
    4,
    5,
    6,
    7,
    8,
    9,
    10,
    11,
    12,
    13,
    14,
    15
  ],
  "enhanced_projection_results": [
    {
      "problem_index": 0,
      "projection_tasks": [
        {
          "basis_state": 0,
          "task_id": "arn:aws:braket:eu-west-2:380012739362:quantum-task/b527fbbe-dfc7-488b-a284-b08f0003299b",
          "shots": 2000,
          "projector_index": 0
        },
        {
          "basis_state": 1,
          "task_id": "arn:aws:braket:eu-west-2:380012739362:quantum-task/fdbbc849-6d9a-43f4-a1c3-84d3edfeaf7c",
          "shots": 2000,
          "projector_index": 1
        },
        {
          "basis_state": 2,
          "task_id": "arn:aws:braket:eu-west-2:380012739362:quantum-task/aa3307a9-dfb9-47a8-84e2-2be46e114a26",
          "shots": 2000,
          "projector_index": 2
        },
        {
          "basis_state": 3,
          "task_id": "arn:aws:braket:eu-west-2:380012739362:quantum-task/3c09a393-ede6-45cb-9691-179a745329c6",
          "shots": 2000,
          "projector_index": 3
        },
        {
          "basis_state": 4,
          "task_id": "arn:aws:braket:eu-west-2:380012739362:quantum-task/81a25f69-d2e3-4a8e-9943-6edd3ed0cb2f",
          "shots": 2000,
          "projector_index": 4
        },
        {
          "basis_state": 5,
          "task_id": "arn:aws:braket:eu-west-2:380012739362:quantum-task/02cbc8d1-7243-415c-9ff2-91b203738339",
          "shots": 2000,
          "projector_index": 5
        },
        {
          "basis_state": 6,
          "task_id": "arn:aws:braket:eu-west-2:380012739362:quantum-task/bef7c49e-ab08-4f20-b70a-a0a230e51a68",
          "shots": 2000,
          "projector_index": 6
        },
        {
          "basis_state": 7,
          "task_id": "arn:aws:braket:eu-west-2:380012739362:quantum-task/9115abd3-84bf-4d20-bb51-54ee73fd6865",
          "shots": 2000,
          "projector_index": 7
        },
        {
          "basis_state": 8,
          "task_id": "arn:aws:braket:eu-west-2:380012739362:quantum-task/3e654c27-617f-4fd3-aff3-ea6c1de33e92",
          "shots": 2000,
          "projector_index": 8
        },
        {
          "basis_state": 9,
          "task_id": "arn:aws:braket:eu-west-2:380012739362:quantum-task/235fc87b-edaa-42bb-8d7c-f4f208cc07f8",
          "shots": 2000,
          "projector_index": 9
        },
        {
          "basis_state": 10,
          "task_id": "arn:aws:braket:eu-west-2:380012739362:quantum-task/3275da8f-807c-4822-b048-4390cd3ba468",
          "shots": 2000,
          "projector_index": 10
        },
        {
          "basis_state": 11,
          "task_id": "arn:aws:braket:eu-west-2:380012739362:quantum-task/38ce098a-0f94-4560-8c8f-0e78ffc44ef3",
          "shots": 2000,
          "projector_index": 11
        },
        {
          "basis_state": 12,
          "task_id": "arn:aws:braket:eu-west-2:380012739362:quantum-task/f8d091a7-7e3e-4b5b-bbab-618a53288cb3",
          "shots": 2000,
          "projector_index": 12
        },
        {
          "basis_state": 13,
          "task_id": "arn:aws:braket:eu-west-2:380012739362:quantum-task/b9f81715-b5f3-422c-b3ad-76e14d2a691f",
          "shots": 2000,
          "projector_index": 13
        },
        {
          "basis_state": 14,
          "task_id": "arn:aws:braket:eu-west-2:380012739362:quantum-task/2f6884de-591d-4c14-83c3-51b7ed5504c3",
          "shots": 2000,
          "projector_index": 14
        },
        {
          "basis_state": 15,
          "task_id": "arn:aws:braket:eu-west-2:380012739362:quantum-task/b3212b0c-caf6-4f2c-b7d1-3f48b02d9006",
          "shots": 2000,
          "projector_index": 15
        }
      ],
      "depth": 8942,
      "num_projections": 16,
      "ideal_solution": [
        {
          "real": -0.1467746003827095,
          "imag": 0.0
        },
        {
          "real": 0.5659906987849607,
          "imag": 0.0
        },
        {
          "real": 0.37583644842752023,
          "imag": 0.0
        },
        {
          "real": -0.07392056052803145,
          "imag": 0.0
        },
        {
          "real": -0.2228371040093948,
          "imag": 0.0
        },
        {
          "real": -0.15807238396443507,
          "imag": 0.0
        },
        {
          "real": -0.17252640123910504,
          "imag": 0.0
        },
        {
          "real": -0.08824972919293339,
          "imag": 0.0
        },
        {
          "real": -0.12198936513118558,
          "imag": 0.0
        },
        {
          "real": 0.046171111156051055,
          "imag": 0.0
        },
        {
          "real": -0.08207336011665417,
          "imag": 0.0
        },
        {
          "real": -0.3418159203096454,
          "imag": 0.0
        },
        {
          "real": -0.013099011423753948,
          "imag": 0.0
        },
        {
          "real": 0.3153283538207922,
          "imag": 0.0
        },
        {
          "real": -0.21882550507355178,
          "imag": 0.0
        },
        {
          "real": 0.33335017622706287,
          "imag": 0.0
        }
      ]
    }
  ]
}