{
  "problem_list": [
    {
      "A_matrix": [
        [
          1.5138247524648552,
          0.7793066829345203,
          0.8217957522389225,
          1.5704565917261815,
          1.1205800213574695,
          1.0130815977106098,
          0.6155912760171245,
          0.6893314805125667,
          1.0120348358052635,
          0.9635705489077211,
          0.30069137731581796,
          1.2670266113914401,
          0.5634543225028125,
          0.8375666550077826,
          1.3436545445921588,
          1.057698827413926
        ],
        [
          0.7793066829345203,
          0.8546388399073219,
          1.6979489341442124,
          1.3556664238221927,
          1.8869544648712349,
          0.9466432342243026,
          1.2091215248485363,
          0.8788870090506831,
          1.0937101908335845,
          1.8775015634605339,
          0.5848493991296332,
          1.7256757731437244,
          1.4769270320639363,
          0.9203886839037193,
          0.928117579951924,
          0.923143371270233
        ],
        [
          0.8217957522389225,
          1.6979489341442124,
          0.1429557011954241,
          1.0895159214201589,
          0.9363594720914489,
          0.5743033032096911,
          0.7216348666678566,
          0.6650078569433008,
          1.7507635008479379,
          0.33101822487799326,
          1.400337178845358,
          0.7662088297450219,
          0.9526803081693459,
          1.1284569538513431,
          0.9593673777904848,
          1.1456571112193226
        ],
        [
          1.5704565917261815,
          1.3556664238221927,
          1.0895159214201589,
          0.12654343356724707,
          1.213822415391745,
          0.3829095373383441,
          0.9008808314161182,
          1.3052285389276332,
          1.092966854504151,
          0.5351348744514386,
          1.5744250195598117,
          0.8992795569507535,
          1.385384765742815,
          0.41698828833285895,
          0.8082761795734187,
          1.4383421673854153
        ],
        [
          1.1205800213574695,
          1.8869544648712349,
          0.9363594720914489,
          1.213822415391745,
          0.5863080826725167,
          0.7664696146819221,
          1.1290568459118122,
          0.433827667843829,
          1.077797460137165,
          1.2632113179171016,
          0.6147887892447753,
          0.6298927944261393,
          1.3948760083436271,
          1.7086913473048708,
          1.48516048339203,
          1.013998085297306
        ],
        [
          1.0130815977106098,
          0.9466432342243026,
          0.5743033032096911,
          0.3829095373383441,
          0.7664696146819221,
          0.40713773687227794,
          1.430734002514066,
          1.0477436269546803,
          1.1458171048609203,
          1.1507908230159116,
          0.868604935027057,
          1.0202998047658978,
          0.9003539520349383,
          0.9027771329454825,
          1.0478676677602996,
          0.6408219150742543
        ],
        [
          0.6155912760171245,
          1.2091215248485363,
          0.7216348666678566,
          0.9008808314161182,
          1.1290568459118122,
          1.430734002514066,
          0.22252454396884347,
          0.34081205709800366,
          0.9122411965136069,
          0.8671119566243619,
          0.4308723630878698,
          0.9350883121369946,
          0.24586323653490405,
          0.752428806968849,
          0.8924561045141998,
          0.8947559438686786
        ],
        [
          0.6893314805125667,
          0.8788870090506831,
          0.6650078569433008,
          1.3052285389276332,
          0.433827667843829,
          1.0477436269546803,
          0.34081205709800366,
          1.6234325203887854,
          0.8435613912377192,
          0.6104997392823613,
          1.108077529102647,
          0.6471060391865614,
          0.9730404097580841,
          0.9091323481738637,
          0.7667431387709445,
          1.1131473331305424
        ],
        [
          1.0120348358052635,
          1.0937101908335845,
          1.7507635008479379,
          1.092966854504151,
          1.077797460137165,
          1.1458171048609203,
          0.9122411965136069,
          0.8435613912377192,
          1.8066667674264087,
          1.0268903724971343,
          0.4068487808410156,
          1.2856050474416523,
          1.1074038995168913,
          0.9039169502340804,
          1.2636928506297136,
          1.2030997976296112
        ],
        [
          0.9635705489077211,
          1.8775015634605339,
          0.33101822487799326,
          0.5351348744514386,
          1.2632113179171016,
          1.1507908230159116,
          0.8671119566243619,
          0.6104997392823613,
          1.0268903724971343,
          1.2547654189423139,
          0.1879347861794809,
          0.7990962348149364,
          1.2589154700396126,
          1.5498322990217908,
          0.8114446160675417,
          0.38437837504481986
        ],
        [
          0.30069137731581796,
          0.5848493991296332,
          1.400337178845358,
          1.5744250195598117,
          0.6147887892447753,
          0.868604935027057,
          0.4308723630878698,
          1.108077529102647,
          0.4068487808410156,
          0.1879347861794809,
          0.5447555061666784,
          1.1634339696092162,
          0.8977545047250461,
          1.4291118787919914,
          0.2535552208839258,
          0.174272768358542
        ],
        [
          1.2670266113914401,
          1.7256757731437244,
          0.7662088297450219,
          0.8992795569507535,
          0.6298927944261393,
          1.0202998047658978,
          0.9350883121369946,
          0.6471060391865614,
          1.2856050474416523,
          0.7990962348149364,
          1.1634339696092162,
          1.993905803491749,
          1.071994583364488,
          1.062034927709102,
          1.067841577562636,
          1.1753803697557053
        ],
        [
          0.5634543225028125,
          1.4769270320639363,
          0.9526803081693459,
          1.385384765742815,
          1.3948760083436271,
          0.9003539520349383,
          0.24586323653490405,
          0.9730404097580841,
          1.1074038995168913,
          1.2589154700396126,
          0.8977545047250461,
          1.071994583364488,
          1.2399342922400725,
          0.9441977223661416,
          0.7805150440202197,
          1.4358934949292008
        ],
        [
          0.8375666550077826,
          0.9203886839037193,
          1.1284569538513431,
          0.41698828833285895,
          1.7086913473048708,
          0.9027771329454825,
          0.752428806968849,
          0.9091323481738637,
          0.9039169502340804,
          1.5498322990217908,
          1.4291118787919914,
          1.062034927709102,
          0.9441977223661416,
          0.6254436118251385,
          0.8647835306027843,
          1.4515339393768913
        ],
        [
          1.3436545445921588,
          0.928117579951924,
          0.9593673777904848,
          0.8082761795734187,
          1.48516048339203,
          1.0478676677602996,
          0.8924561045141998,
          0.7667431387709445,
          1.2636928506297136,
          0.8114446160675417,
          0.2535552208839258,
          1.067841577562636,
          0.7805150440202197,
          0.8647835306027843,
          1.5893060150843579,
          0.10335315887597529
        ],
        [
          1.057698827413926,
          0.923143371270233,
          1.1456571112193226,
          1.4383421673854153,
          1.013998085297306,
          0.6408219150742543,
          0.8947559438686786,
          1.1131473331305424,
          1.2030997976296112,
          0.38437837504481986,
          0.174272768358542,
          1.1753803697557053,
          1.4358934949292008,
          1.4515339393768913,
          0.10335315887597529,
          0.06836248430193614
        ]
      ],
      "b_vector": [
        0.07017821573110936,
        0.1356059335857352,
        0.09914453327994335,
        0.5129725789209527,
        0.1176861861113407,
        0.22331681188001248,
        0.1255473952339752,
        0.07871877916605133,
        0.47188155394581666,
        0.023570520803547844,
        0.22673446957608032,
        0.457580826177346,
        0.14579803073278683,
        0.27441665717549196,
        0.1495191203249018,
        0.12289131241829879
      ]
    }
  ],
  "shots": 2000,
  "backend": "sv1",
  "device_arn": "SV1",
  "aws_region": "eu-west-2",
  "ideal_preprocessing_list": [
    [
      [
        -2.8080170957770085,
        -2.4026750632188056,
        -1.9777763433494762,
        -1.3035922140863165,
        -0.9986308710783093,
        -0.24553796836687197,
        -0.11943888159408568,
        0.19942408068645595,
        0.4866019408219306,
        0.7536500584304503,
        0.9026076969728625,
        1.1139061711291791,
        1.241267283761242,
        1.7032478312286634,
        2.311016557575309,
        15.744452327380717
      ],
      [
        0.20122596938741064,
        0.14556301387391998,
        0.16600037030899184,
        0.04248453887036869,
        0.27964393517564956,
        0.09212862061333196,
        0.008124792899363562,
        0.055092300403068825,
        0.0011100429625146534,
        0.002243942327563482,
        0.11275507004536092,
        0.04277148724495397,
        0.2389748930958261,
        0.19959779360533364,
        0.16167043013528895,
        0.8255506599072248
      ]
    ]
  ],
  "probability_threshold": 0,
  "k_qubits": 4,
  "preprocessing_mode": "ideal",
  "projection_mode": "all_components",
  "projection_subset": null,
  "num_solution_qubits": 4,
  "num_projections": 16,
  "projector_basis_states": [
    0,
    1,
    2,
    3,
    4,
    5,
    6,
    7,
    8,
    9,
    10,
    11,
    12,
    13,
    14,
    15
  ],
  "enhanced_projection_results": [
    {
      "problem_index": 0,
      "projection_tasks": [
        {
          "basis_state": 0,
          "task_id": "arn:aws:braket:eu-west-2:380012739362:quantum-task/08d2e791-ceb6-4ecb-9cb5-7a7d5b538015",
          "shots": 2000,
          "projector_index": 0
        },
        {
          "basis_state": 1,
          "task_id": "arn:aws:braket:eu-west-2:380012739362:quantum-task/a7869086-1156-4f69-829f-a6a423b57128",
          "shots": 2000,
          "projector_index": 1
        },
        {
          "basis_state": 2,
          "task_id": "arn:aws:braket:eu-west-2:380012739362:quantum-task/01404aff-4a8b-4b82-bf0c-31ecd4bb0d5e",
          "shots": 2000,
          "projector_index": 2
        },
        {
          "basis_state": 3,
          "task_id": "arn:aws:braket:eu-west-2:380012739362:quantum-task/2c16d20d-5ae1-4e84-9d00-632ed7cf600a",
          "shots": 2000,
          "projector_index": 3
        },
        {
          "basis_state": 4,
          "task_id": "arn:aws:braket:eu-west-2:380012739362:quantum-task/f321a07d-f2d0-48cc-a45a-8deccf17393c",
          "shots": 2000,
          "projector_index": 4
        },
        {
          "basis_state": 5,
          "task_id": "arn:aws:braket:eu-west-2:380012739362:quantum-task/bd6f9228-dc9a-447f-a073-6f7d70d0f9dc",
          "shots": 2000,
          "projector_index": 5
        },
        {
          "basis_state": 6,
          "task_id": "arn:aws:braket:eu-west-2:380012739362:quantum-task/bd50aad2-8f8f-4d0d-b38d-13829e0db37c",
          "shots": 2000,
          "projector_index": 6
        },
        {
          "basis_state": 7,
          "task_id": "arn:aws:braket:eu-west-2:380012739362:quantum-task/59560c4c-4bd5-463f-9acb-779c4b1f2aa0",
          "shots": 2000,
          "projector_index": 7
        },
        {
          "basis_state": 8,
          "task_id": "arn:aws:braket:eu-west-2:380012739362:quantum-task/2253e620-1595-4269-9f1c-723af79630c8",
          "shots": 2000,
          "projector_index": 8
        },
        {
          "basis_state": 9,
          "task_id": "arn:aws:braket:eu-west-2:380012739362:quantum-task/32f39c73-26fa-4205-becb-c16847204617",
          "shots": 2000,
          "projector_index": 9
        },
        {
          "basis_state": 10,
          "task_id": "arn:aws:braket:eu-west-2:380012739362:quantum-task/69028a99-dfab-444e-884d-967f7bde00b0",
          "shots": 2000,
          "projector_index": 10
        },
        {
          "basis_state": 11,
          "task_id": "arn:aws:braket:eu-west-2:380012739362:quantum-task/93865844-1e85-48eb-a771-44c61887a4da",
          "shots": 2000,
          "projector_index": 11
        },
        {
          "basis_state": 12,
          "task_id": "arn:aws:braket:eu-west-2:380012739362:quantum-task/8afe7293-9883-439a-b049-76eaa10765aa",
          "shots": 2000,
          "projector_index": 12
        },
        {
          "basis_state": 13,
          "task_id": "arn:aws:braket:eu-west-2:380012739362:quantum-task/95334f34-b427-4685-97a7-884b951e903c",
          "shots": 2000,
          "projector_index": 13
        },
        {
          "basis_state": 14,
          "task_id": "arn:aws:braket:eu-west-2:380012739362:quantum-task/8ae8abcb-33c3-4372-b01c-a0ea7fbe8c05",
          "shots": 2000,
          "projector_index": 14
        },
        {
          "basis_state": 15,
          "task_id": "arn:aws:braket:eu-west-2:380012739362:quantum-task/cb493f64-429f-4549-9644-1234fe8eb1e9",
          "shots": 2000,
          "projector_index": 15
        }
      ],
      "depth": 5796,
      "num_projections": 16,
      "ideal_solution": [
        {
          "real": -0.019004104497260414,
          "imag": 0.0
        },
        {
          "real": 0.08633184663902661,
          "imag": 0.0
        },
        {
          "real": 0.43803248428364644,
          "imag": 0.0
        },
        {
          "real": -0.5153836653432023,
          "imag": 0.0
        },
        {
          "real": -0.11280302661272663,
          "imag": 0.0
        },
        {
          "real": -0.24706331688073624,
          "imag": 0.0
        },
        {
          "real": -0.23118027051007187,
          "imag": 0.0
        },
        {
          "real": 0.1637010462020998,
          "imag": 0.0
        },
        {
          "real": 0.10595057264677518,
          "imag": 0.0
        },
        {
          "real": -0.20106925753393728,
          "imag": 0.0
        },
        {
          "real": -0.08840661472926328,
          "imag": 0.0
        },
        {
          "real": 0.386349200600373,
          "imag": 0.0
        },
        {
          "real": -0.16403964905544252,
          "imag": 0.0
        },
        {
          "real": 0.26925000850797554,
          "imag": 0.0
        },
        {
          "real": 0.12408454673970253,
          "imag": 0.0
        },
        {
          "real": 0.2390572490654533,
          "imag": 0.0
        }
      ]
    }
  ]
}