{
  "problem_list": [
    {
      "A_matrix": [
        [
          1.126574385880516,
          0.6378935704543037,
          0.9109336698018393,
          0.48325175567468814,
          0.5334104197948824,
          0.744131864651915,
          1.6144914873857905,
          0.6969543094623089,
          1.1481934761156314,
          0.9504312833739841,
          1.6671467357824543,
          0.7763919285516989,
          1.3141453229700923,
          1.8681043640840669,
          1.024766864087472,
          0.38226512904950205
        ],
        [
          0.6378935704543037,
          0.9011274270813445,
          1.4133305533246814,
          1.3461218107219324,
          1.248532420623636,
          1.6913678213886634,
          0.49518206088298633,
          0.9332668480553714,
          1.3601281834700307,
          1.6000798826144444,
          1.2084942947623332,
          1.4087597390281745,
          1.8469965355088767,
          0.5543311876913437,
          1.1017148691397234,
          0.7036295968330589
        ],
        [
          0.9109336698018393,
          1.4133305533246814,
          0.4693056896218002,
          1.1138947013545786,
          1.326491604170816,
          0.7381784504661558,
          1.1480665444884015,
          0.6736588614843428,
          0.8654359653698975,
          1.0612089154180868,
          1.0855205527811298,
          1.4140723531387502,
          0.02790506136099824,
          1.2219888580768616,
          1.337056575947732,
          1.117046135938955
        ],
        [
          0.48325175567468814,
          1.3461218107219324,
          1.1138947013545786,
          0.4343447591541354,
          1.0919089132375004,
          1.0252524580109688,
          1.4909212284993947,
          1.5105045863756748,
          0.5670679655191183,
          0.7655002509461969,
          1.1721804236841051,
          1.1532392019168594,
          1.374926672783443,
          1.0328062031724579,
          1.49081963480798,
          1.1236529960462627
        ],
        [
          0.5334104197948824,
          1.248532420623636,
          1.326491604170816,
          1.0919089132375004,
          1.3871453876475182,
          1.3544136589560773,
          1.449522599715751,
          1.0712663830323979,
          1.2693268932771,
          1.1645294045623946,
          1.3423187157773988,
          1.5639760658682003,
          1.5298071635347985,
          1.3741834008666083,
          1.097044261751893,
          1.6019523297288865
        ],
        [
          0.744131864651915,
          1.6913678213886634,
          0.7381784504661558,
          1.0252524580109688,
          1.3544136589560773,
          1.4809693403194213,
          0.9938238942027297,
          0.94950551037882,
          1.0871867258749828,
          0.9148675906865468,
          1.7560792619739625,
          0.36647974948335404,
          1.2779047419229346,
          1.0877127548791214,
          1.0246176246359093,
          0.9609006576636637
        ],
        [
          1.6144914873857905,
          0.49518206088298633,
          1.1480665444884015,
          1.4909212284993947,
          1.449522599715751,
          0.9938238942027297,
          0.32747113980235776,
          1.0312529375026438,
          1.7515058630270057,
          0.9977951177030114,
          0.4390973726618188,
          0.7800884238667641,
          1.0233476051011774,
          0.29865331414647733,
          0.9240204819504366,
          1.670104197523619
        ],
        [
          0.6969543094623089,
          0.9332668480553714,
          0.6736588614843428,
          1.5105045863756748,
          1.0712663830323979,
          0.94950551037882,
          1.0312529375026438,
          1.04409085738565,
          0.462113529700094,
          1.0663893242567606,
          1.3640868227266818,
          1.258935808037847,
          1.6599663986819924,
          0.9008163702126739,
          1.1766694554959478,
          1.5834184071643125
        ],
        [
          1.1481934761156314,
          1.3601281834700307,
          0.8654359653698975,
          0.5670679655191183,
          1.2693268932771,
          1.0871867258749828,
          1.7515058630270057,
          0.462113529700094,
          0.5539543907120341,
          1.1791045646282383,
          1.1238147953494297,
          1.2772744939664804,
          0.9007791952612725,
          0.6446229692233658,
          0.624630345430045,
          1.1664790330595434
        ],
        [
          0.9504312833739841,
          1.6000798826144444,
          1.0612089154180868,
          0.7655002509461969,
          1.1645294045623946,
          0.9148675906865468,
          0.9977951177030114,
          1.0663893242567606,
          1.1791045646282383,
          0.19786775024851289,
          0.5263025904536122,
          0.318948873909743,
          0.5376683245979623,
          1.1430464924872097,
          1.8569740485515656,
          1.031210853847529
        ],
        [
          1.6671467357824543,
          1.2084942947623332,
          1.0855205527811298,
          1.1721804236841051,
          1.3423187157773988,
          1.7560792619739625,
          0.4390973726618188,
          1.3640868227266818,
          1.1238147953494297,
          0.5263025904536122,
          0.17431114171305806,
          0.9525993849470806,
          1.0484705596230646,
          1.6970007411653274,
          0.8748634368678909,
          1.0564044585806878
        ],
        [
          0.7763919285516989,
          1.4087597390281745,
          1.4140723531387502,
          1.1532392019168594,
          1.5639760658682003,
          0.36647974948335404,
          0.7800884238667641,
          1.258935808037847,
          1.2772744939664804,
          0.318948873909743,
          0.9525993849470806,
          1.302968324319753,
          1.3212165598603405,
          0.9981579331767586,
          1.1193467558938917,
          1.1889172907634253
        ],
        [
          1.3141453229700923,
          1.8469965355088767,
          0.02790506136099824,
          1.374926672783443,
          1.5298071635347985,
          1.2779047419229346,
          1.0233476051011774,
          1.6599663986819924,
          0.9007791952612725,
          0.5376683245979623,
          1.0484705596230646,
          1.3212165598603405,
          0.5972117510134145,
          1.5508894356591552,
          0.9638868178415346,
          0.3487841050292716
        ],
        [
          1.8681043640840669,
          0.5543311876913437,
          1.2219888580768616,
          1.0328062031724579,
          1.3741834008666083,
          1.0877127548791214,
          0.29865331414647733,
          0.9008163702126739,
          0.6446229692233658,
          1.1430464924872097,
          1.6970007411653274,
          0.9981579331767586,
          1.5508894356591552,
          1.1587928749104377,
          1.365050204655459,
          1.4539111934112885
        ],
        [
          1.024766864087472,
          1.1017148691397234,
          1.337056575947732,
          1.49081963480798,
          1.097044261751893,
          1.0246176246359093,
          0.9240204819504366,
          1.1766694554959478,
          0.624630345430045,
          1.8569740485515656,
          0.8748634368678909,
          1.1193467558938917,
          0.9638868178415346,
          1.365050204655459,
          1.2044711160360966,
          1.144556817508987
        ],
        [
          0.38226512904950205,
          0.7036295968330589,
          1.117046135938955,
          1.1236529960462627,
          1.6019523297288865,
          0.9609006576636637,
          1.670104197523619,
          1.5834184071643125,
          1.1664790330595434,
          1.031210853847529,
          1.0564044585806878,
          1.1889172907634253,
          0.3487841050292716,
          1.4539111934112885,
          1.144556817508987,
          0.14912176760840867
        ]
      ],
      "b_vector": [
        0.03826198999324472,
        0.26506828580888947,
        0.11903564121788504,
        0.3939298304836673,
        0.39725931344042775,
        0.18855743420111173,
        0.34031579705293397,
        0.046594361915778586,
        0.048993574364560886,
        0.3494146643830911,
        0.18448400129235612,
        0.32048720008293213,
        0.13163840234357513,
        0.27678384938957484,
        0.04569831385799584,
        0.3005099167290957
      ]
    }
  ],
  "shots": 2000,
  "backend": "sv1",
  "device_arn": "SV1",
  "aws_region": "eu-west-2",
  "ideal_preprocessing_list": [
    [
      [
        -2.911635971035404,
        -2.602047780647861,
        -1.862577621153957,
        -1.809049968835679,
        -1.3030682323910967,
        -0.9324934168275639,
        -0.7160822632201947,
        -0.3895505292627976,
        -0.0025243898258148403,
        0.6931399328515283,
        0.86820462203836,
        1.2405898956465367,
        1.3849957914761644,
        1.638147482018025,
        1.8915082855424872,
        17.32217226708173
      ],
      [
        0.07668582024335668,
        0.11705809059478028,
        0.19470168676451508,
        0.25142591777369283,
        0.04716471812988075,
        0.15552089669012467,
        0.1281626272707281,
        0.12733188067915804,
        0.09548294281334035,
        0.13402858982530916,
        0.016777503766466598,
        0.021128533535350297,
        0.016058188492320075,
        0.010331410762104948,
        0.19106934600622927,
        0.8692306767266876
      ]
    ]
  ],
  "probability_threshold": 0,
  "k_qubits": 6,
  "preprocessing_mode": "ideal",
  "projection_mode": "all_components",
  "projection_subset": null,
  "num_solution_qubits": 4,
  "num_projections": 16,
  "projector_basis_states": [
    0,
    1,
    2,
    3,
    4,
    5,
    6,
    7,
    8,
    9,
    10,
    11,
    12,
    13,
    14,
    15
  ],
  "enhanced_projection_results": [
    {
      "problem_index": 0,
      "projection_tasks": [
        {
          "basis_state": 0,
          "task_id": "arn:aws:braket:eu-west-2:380012739362:quantum-task/f229bfbf-f13b-4f6e-80f0-a94789931b61",
          "shots": 2000,
          "projector_index": 0
        },
        {
          "basis_state": 1,
          "task_id": "arn:aws:braket:eu-west-2:380012739362:quantum-task/cdd5012f-5184-49c4-abcb-2684b0394120",
          "shots": 2000,
          "projector_index": 1
        },
        {
          "basis_state": 2,
          "task_id": "arn:aws:braket:eu-west-2:380012739362:quantum-task/55ec716e-39e9-4412-b877-ce9d133ff3ea",
          "shots": 2000,
          "projector_index": 2
        },
        {
          "basis_state": 3,
          "task_id": "arn:aws:braket:eu-west-2:380012739362:quantum-task/c5811f42-1d03-4f32-9934-598cd06c2bc0",
          "shots": 2000,
          "projector_index": 3
        },
        {
          "basis_state": 4,
          "task_id": "arn:aws:braket:eu-west-2:380012739362:quantum-task/473413f1-f3c1-4d9a-8151-caff5b2a61d6",
          "shots": 2000,
          "projector_index": 4
        },
        {
          "basis_state": 5,
          "task_id": "arn:aws:braket:eu-west-2:380012739362:quantum-task/57adddf7-f892-40e6-b5c6-d6b3ae3bb95b",
          "shots": 2000,
          "projector_index": 5
        },
        {
          "basis_state": 6,
          "task_id": "arn:aws:braket:eu-west-2:380012739362:quantum-task/72a7144f-1560-457b-afa6-a15503f2f5f1",
          "shots": 2000,
          "projector_index": 6
        },
        {
          "basis_state": 7,
          "task_id": "arn:aws:braket:eu-west-2:380012739362:quantum-task/158cf978-8b80-48ad-abcd-bbee7e803842",
          "shots": 2000,
          "projector_index": 7
        },
        {
          "basis_state": 8,
          "task_id": "arn:aws:braket:eu-west-2:380012739362:quantum-task/d65a93af-45c1-4697-90d1-92ef08687af2",
          "shots": 2000,
          "projector_index": 8
        },
        {
          "basis_state": 9,
          "task_id": "arn:aws:braket:eu-west-2:380012739362:quantum-task/d5c60360-adf4-4a8d-9d9d-df43d3d49cb6",
          "shots": 2000,
          "projector_index": 9
        },
        {
          "basis_state": 10,
          "task_id": "arn:aws:braket:eu-west-2:380012739362:quantum-task/0360638b-f27e-4406-af56-ad099799e29a",
          "shots": 2000,
          "projector_index": 10
        },
        {
          "basis_state": 11,
          "task_id": "arn:aws:braket:eu-west-2:380012739362:quantum-task/dfa84b5c-eb5f-4945-a878-382ee5de9087",
          "shots": 2000,
          "projector_index": 11
        },
        {
          "basis_state": 12,
          "task_id": "arn:aws:braket:eu-west-2:380012739362:quantum-task/577e531a-1cff-4db7-bf4c-d162c7cda18f",
          "shots": 2000,
          "projector_index": 12
        },
        {
          "basis_state": 13,
          "task_id": "arn:aws:braket:eu-west-2:380012739362:quantum-task/65d1a0e2-4932-4fcb-80b2-47578838efdc",
          "shots": 2000,
          "projector_index": 13
        },
        {
          "basis_state": 14,
          "task_id": "arn:aws:braket:eu-west-2:380012739362:quantum-task/4fb0c943-92bc-4ebf-9648-bfb70dffa2c7",
          "shots": 2000,
          "projector_index": 14
        },
        {
          "basis_state": 15,
          "task_id": "arn:aws:braket:eu-west-2:380012739362:quantum-task/d17963ab-d3f7-42f8-b1ea-4b7546cdb027",
          "shots": 2000,
          "projector_index": 15
        }
      ],
      "depth": 8888,
      "num_projections": 16,
      "ideal_solution": [
        {
          "real": 0.09412538700185588,
          "imag": 0.0
        },
        {
          "real": 0.04279470452478839,
          "imag": 0.0
        },
        {
          "real": 0.3760033062618152,
          "imag": 0.0
        },
        {
          "real": 0.24531875661169292,
          "imag": 0.0
        },
        {
          "real": -0.5445639992224246,
          "imag": 0.0
        },
        {
          "real": 0.2146313704904472,
          "imag": 0.0
        },
        {
          "real": 0.024138908828919912,
          "imag": 0.0
        },
        {
          "real": 0.17091790327187564,
          "imag": 0.0
        },
        {
          "real": -0.03508590335525076,
          "imag": 0.0
        },
        {
          "real": -0.3024023714650457,
          "imag": 0.0
        },
        {
          "real": 0.3392691077866779,
          "imag": 0.0
        },
        {
          "real": 0.13886500438269483,
          "imag": 0.0
        },
        {
          "real": -0.35378267901481264,
          "imag": 0.0
        },
        {
          "real": -0.2032768825923646,
          "imag": 0.0
        },
        {
          "real": -0.1381927237724228,
          "imag": 0.0
        },
        {
          "real": 0.051874072536376006,
          "imag": 0.0
        }
      ]
    }
  ]
}