{
  "problem_list": [
    {
      "A_matrix": [
        [
          1.7557107377530197,
          1.08998916555131,
          1.135508113292861,
          0.2677106837782163,
          0.964127100218311,
          1.3032328633436014,
          1.7171157584371928,
          1.1238813799986629,
          1.1814874087666398,
          1.223787414137743,
          0.22128908705895367,
          0.9434651567131488,
          1.1187953431587767,
          0.850089879531233,
          0.9552510425668436,
          1.4923271339394595
        ],
        [
          1.08998916555131,
          1.1308846035057047,
          0.865268729004019,
          0.8612256203624463,
          1.0788854703352233,
          1.1746691788682635,
          1.7911217722352304,
          0.9549565625555064,
          1.1360989415695133,
          1.6487149806850572,
          0.8907436159840448,
          1.4487804311077281,
          0.9794009668653787,
          1.1885037829725107,
          0.7709275036494592,
          1.636488893383851
        ],
        [
          1.135508113292861,
          0.865268729004019,
          0.9050981800155418,
          1.069820097525081,
          1.4280060838326092,
          1.2146982460666962,
          0.6013502287062987,
          1.4351129530070637,
          1.3264585017454391,
          0.625205036855569,
          0.760932840463743,
          0.5279906586176307,
          0.7745814312957521,
          1.3205185105955493,
          0.7409946042721013,
          1.2351424591800853
        ],
        [
          0.2677106837782163,
          0.8612256203624463,
          1.069820097525081,
          1.1485751578092573,
          1.5344897608572865,
          1.0586250837563513,
          0.17618274849777982,
          0.9208206575608706,
          0.5208363929766873,
          0.39178295463506785,
          0.8066080459764984,
          1.2386294928158073,
          0.6191692231393127,
          0.8288051483745639,
          1.2166743762516283,
          1.5766297238774327
        ],
        [
          0.964127100218311,
          1.0788854703352233,
          1.4280060838326092,
          1.5344897608572865,
          1.8286688381942915,
          1.4071489914654611,
          1.1543991332726542,
          0.8309964790571136,
          0.915279772015538,
          0.33414877630143724,
          1.1378118332291125,
          0.9564465976189094,
          0.1356375329431615,
          0.6172490427191194,
          0.1323540610075865,
          1.2974233905031105
        ],
        [
          1.3032328633436014,
          1.1746691788682635,
          1.2146982460666962,
          1.0586250837563513,
          1.4071489914654611,
          0.5444589168923326,
          0.5200733993830706,
          0.9179814181906135,
          0.5017187932309435,
          0.8277530445289393,
          0.8585399165338721,
          1.167578255703563,
          1.1985237681964929,
          0.40095209209592797,
          0.4763548742036663,
          0.9874238828599938
        ],
        [
          1.7171157584371928,
          1.7911217722352304,
          0.6013502287062987,
          0.17618274849777982,
          1.1543991332726542,
          0.5200733993830706,
          0.8467936354206367,
          1.3966482967733,
          1.104883706935687,
          1.4001731670249389,
          1.1381227418140756,
          1.6968714487838956,
          1.5786290975397936,
          1.167359497684202,
          0.6101787787122785,
          0.5737492059261596
        ],
        [
          1.1238813799986629,
          0.9549565625555064,
          1.4351129530070637,
          0.9208206575608706,
          0.8309964790571136,
          0.9179814181906135,
          1.3966482967733,
          1.073214766906856,
          0.635049109445502,
          1.246358373888944,
          0.7562625106950059,
          1.523429292257735,
          0.646234858996509,
          1.1325069420469336,
          0.9444872089659985,
          0.8546044852934853
        ],
        [
          1.1814874087666398,
          1.1360989415695133,
          1.3264585017454391,
          0.5208363929766873,
          0.915279772015538,
          0.5017187932309435,
          1.104883706935687,
          0.635049109445502,
          0.6109575304962656,
          0.5527340592367442,
          1.2578734755440588,
          0.898172620754096,
          0.9354780524551088,
          1.2418841612645828,
          1.6908129344447098,
          0.44614662940179894
        ],
        [
          1.223787414137743,
          1.6487149806850572,
          0.625205036855569,
          0.39178295463506785,
          0.33414877630143724,
          0.8277530445289393,
          1.4001731670249389,
          1.246358373888944,
          0.5527340592367442,
          0.9017591566083716,
          0.6578882638856989,
          1.0189308532483983,
          1.162561158528354,
          1.4222753511166135,
          1.75708654969238,
          0.17519744505284762
        ],
        [
          0.22128908705895367,
          0.8907436159840448,
          0.760932840463743,
          0.8066080459764984,
          1.1378118332291125,
          0.8585399165338721,
          1.1381227418140756,
          0.7562625106950059,
          1.2578734755440588,
          0.6578882638856989,
          0.45531307056812387,
          1.2600988638350104,
          1.6991957189855365,
          1.6205251012437472,
          0.9038009941284294,
          0.8995368384056994
        ],
        [
          0.9434651567131488,
          1.4487804311077281,
          0.5279906586176307,
          1.2386294928158073,
          0.9564465976189094,
          1.167578255703563,
          1.6968714487838956,
          1.523429292257735,
          0.898172620754096,
          1.0189308532483983,
          1.2600988638350104,
          0.8434346172720617,
          1.3075185264035687,
          1.3431849818412278,
          0.9857479246887428,
          1.1817527697176278
        ],
        [
          1.1187953431587767,
          0.9794009668653787,
          0.7745814312957521,
          0.6191692231393127,
          0.1356375329431615,
          1.1985237681964929,
          1.5786290975397936,
          0.646234858996509,
          0.9354780524551088,
          1.162561158528354,
          1.6991957189855365,
          1.3075185264035687,
          1.2425645974347321,
          1.4362024562519693,
          1.0275796839716769,
          1.4296637793539055
        ],
        [
          0.850089879531233,
          1.1885037829725107,
          1.3205185105955493,
          0.8288051483745639,
          0.6172490427191194,
          0.40095209209592797,
          1.167359497684202,
          1.1325069420469336,
          1.2418841612645828,
          1.4222753511166135,
          1.6205251012437472,
          1.3431849818412278,
          1.4362024562519693,
          0.1981036476340703,
          0.7741573820438413,
          1.1170999955453573
        ],
        [
          0.9552510425668436,
          0.7709275036494592,
          0.7409946042721013,
          1.2166743762516283,
          0.1323540610075865,
          0.4763548742036663,
          0.6101787787122785,
          0.9444872089659985,
          1.6908129344447098,
          1.75708654969238,
          0.9038009941284294,
          0.9857479246887428,
          1.0275796839716769,
          0.7741573820438413,
          1.557534518790322,
          1.6311696674574248
        ],
        [
          1.4923271339394595,
          1.636488893383851,
          1.2351424591800853,
          1.5766297238774327,
          1.2974233905031105,
          0.9874238828599938,
          0.5737492059261596,
          0.8546044852934853,
          0.44614662940179894,
          0.17519744505284762,
          0.8995368384056994,
          1.1817527697176278,
          1.4296637793539055,
          1.1170999955453573,
          1.6311696674574248,
          0.6670847918640945
        ]
      ],
      "b_vector": [
        0.18155435005336315,
        0.08639175986833078,
        0.3531800836362758,
        0.3486684921019528,
        0.19968151480232163,
        0.35627788405053656,
        0.07867488069556854,
        0.014332605638791693,
        0.2817717594432202,
        0.23385813284981705,
        0.12967128063865047,
        0.26856745280888056,
        0.36573665394422367,
        0.14114978430571007,
        0.25335093929352503,
        0.31490548732630214
      ]
    }
  ],
  "shots": 2000,
  "backend": "sv1",
  "device_arn": "SV1",
  "aws_region": "eu-west-2",
  "ideal_preprocessing_list": [
    [
      [
        -2.5932491811026104,
        -2.0616489604888137,
        -1.7222252603264014,
        -1.3345609745595828,
        -1.0240800004695034,
        -0.8083939372594251,
        -0.5052697163706046,
        -0.05321536337488533,
        0.09258173035243102,
        0.5511983338581029,
        0.9734219739457967,
        1.0219139797317267,
        1.5747761029607912,
        2.065788751788881,
        3.0782645089505127,
        16.454854779529253
      ],
      [
        0.11249160651000566,
        0.023298650719398295,
        0.02330823886861121,
        0.1614638769903638,
        0.07962248850958113,
        0.11880259456784141,
        0.07137487877738712,
        0.13054443414504585,
        0.13180268026576186,
        0.0687382044531703,
        0.1281470209471364,
        0.13965670174908612,
        0.05981943116147779,
        0.21261834691346101,
        0.16291151308616225,
        0.8855796443718829
      ]
    ]
  ],
  "probability_threshold": 0,
  "k_qubits": 6,
  "preprocessing_mode": "ideal",
  "projection_mode": "all_components",
  "projection_subset": null,
  "num_solution_qubits": 4,
  "num_projections": 16,
  "projector_basis_states": [
    0,
    1,
    2,
    3,
    4,
    5,
    6,
    7,
    8,
    9,
    10,
    11,
    12,
    13,
    14,
    15
  ],
  "enhanced_projection_results": [
    {
      "problem_index": 0,
      "projection_tasks": [
        {
          "basis_state": 0,
          "task_id": "arn:aws:braket:eu-west-2:380012739362:quantum-task/b527fbbe-dfc7-488b-a284-b08f0003299b",
          "status": "DONE",
          "shots": 2000,
          "created_at": "2025-12-22 19:17:44.566000+00:00",
          "ended_at": "2025-12-22 19:17:50.937000+00:00",
          "execution_time_seconds": 6.371,
          "counts": {
            "10110000000": 159,
            "11110000000": 310,
            "11000000000": 230,
            "01010000000": 137,
            "00100000000": 251,
            "10110100001": 2,
            "00110000000": 233,
            "10010000000": 51,
            "11100000000": 102,
            "10000000000": 188,
            "00000000000": 75,
            "10100000000": 24,
            "11110000001": 12,
            "11010000000": 56,
            "01000000000": 66,
            "10010000001": 8,
            "00010000000": 23,
            "01100010001": 1,
            "11010000001": 1,
            "01100000000": 30,
            "01010110000": 1,
            "10111100000": 1,
            "01010000001": 15,
            "10000010001": 1,
            "00000000001": 3,
            "00011000001": 1,
            "10000000001": 1,
            "00001100001": 1,
            "10011110000": 1,
            "01110000000": 2,
            "01110000001": 3,
            "10011000001": 1,
            "00010100001": 1,
            "00110010001": 1,
            "10001110001": 1,
            "01111000001": 1,
            "00101000000": 1,
            "00101100001": 1,
            "00101000001": 1,
            "01000000001": 1,
            "00001000001": 1,
            "11010100000": 1
          },
          "component_probability": 0.08620689655172414,
          "success_rate": 0.029
        },
        {
          "basis_state": 1,
          "task_id": "arn:aws:braket:eu-west-2:380012739362:quantum-task/fdbbc849-6d9a-43f4-a1c3-84d3edfeaf7c",
          "status": "DONE",
          "shots": 2000,
          "created_at": "2025-12-22 19:17:48.484000+00:00",
          "ended_at": "2025-12-22 19:17:54.888000+00:00",
          "execution_time_seconds": 6.404,
          "counts": {
            "10110000000": 157,
            "11000000000": 233,
            "01010000000": 140,
            "00100000000": 260,
            "00010000000": 27,
            "10000000000": 167,
            "00110000000": 244,
            "00000000000": 68,
            "11110000000": 300,
            "10010000000": 44,
            "11100000000": 118,
            "01010000001": 23,
            "11010000000": 55,
            "10100000000": 23,
            "01000000000": 62,
            "10010000001": 9,
            "11110000001": 17,
            "01100000000": 23,
            "00011000001": 2,
            "01110000000": 3,
            "00101000000": 2,
            "10001000001": 1,
            "00110010000": 1,
            "10000100001": 1,
            "11110101000": 1,
            "01111000001": 2,
            "10110100000": 1,
            "00111100001": 1,
            "11010000001": 1,
            "00010100000": 1,
            "00011010001": 1,
            "01110000001": 1,
            "00001000000": 1,
            "10110100001": 1,
            "00010010001": 1,
            "00101000001": 1,
            "00010010000": 1,
            "01101000001": 1,
            "10010100001": 1,
            "11011000001": 1,
            "10000010001": 1,
            "11100000001": 1,
            "00101100001": 1
          },
          "component_probability": 0.058823529411764705,
          "success_rate": 0.034
        },
        {
          "basis_state": 2,
          "task_id": "arn:aws:braket:eu-west-2:380012739362:quantum-task/aa3307a9-dfb9-47a8-84e2-2be46e114a26",
          "status": "DONE",
          "shots": 2000,
          "created_at": "2025-12-22 19:17:52.409000+00:00",
          "ended_at": "2025-12-22 19:17:58.233000+00:00",
          "execution_time_seconds": 5.824,
          "counts": {
            "11110000000": 268,
            "11000000000": 230,
            "00100000000": 282,
            "10000000000": 156,
            "01000000000": 57,
            "10010000000": 50,
            "11010000000": 40,
            "00000000000": 84,
            "00110000000": 231,
            "10110000000": 171,
            "01100000000": 22,
            "01010000000": 152,
            "11100000000": 127,
            "01111000001": 2,
            "10100000000": 31,
            "00010000000": 23,
            "10010000001": 9,
            "10111000001": 2,
            "01010000001": 15,
            "01100000001": 1,
            "00011000001": 4,
            "10011000001": 2,
            "10011000000": 1,
            "00100100001": 2,
            "11110000001": 10,
            "01110000000": 5,
            "01111110001": 1,
            "10000000001": 1,
            "01001100001": 1,
            "11000000001": 1,
            "01000000001": 2,
            "01110000001": 4,
            "11011111001": 1,
            "00101000001": 1,
            "11011100001": 1,
            "10110100001": 1,
            "10001000000": 1,
            "00010000001": 1,
            "10000100000": 2,
            "10110100000": 1,
            "10010100001": 1,
            "00011000000": 1,
            "11010000001": 1,
            "10111110000": 1
          },
          "component_probability": 0.046875,
          "success_rate": 0.032
        },
        {
          "basis_state": 3,
          "task_id": "arn:aws:braket:eu-west-2:380012739362:quantum-task/3c09a393-ede6-45cb-9691-179a745329c6",
          "status": "DONE",
          "shots": 2000,
          "created_at": "2025-12-22 19:17:55.898000+00:00",
          "ended_at": "2025-12-22 19:18:01.891000+00:00",
          "execution_time_seconds": 5.993,
          "counts": {
            "01000000000": 62,
            "10110000000": 188,
            "00100000000": 248,
            "11000000000": 207,
            "00011000001": 2,
            "10000000000": 174,
            "11110000000": 287,
            "01010000000": 154,
            "10010000000": 46,
            "00110000000": 258,
            "00000000000": 68,
            "11100000000": 96,
            "10010000001": 16,
            "11010000000": 53,
            "10100000000": 22,
            "01000000001": 4,
            "00010000000": 33,
            "10011100000": 1,
            "01100000000": 21,
            "01010000001": 16,
            "01001100000": 1,
            "01110000001": 5,
            "01001100001": 1,
            "01110000000": 3,
            "00111000001": 1,
            "01100000001": 1,
            "10111000001": 3,
            "10011000000": 1,
            "10011000001": 3,
            "11010000001": 4,
            "11110000001": 5,
            "01100010001": 1,
            "11101000001": 1,
            "00111001001": 1,
            "10001000001": 1,
            "00100001001": 1,
            "00001000001": 1,
            "01011001000": 1,
            "10000010000": 1,
            "10111000000": 1,
            "00000000001": 2,
            "00010000001": 1,
            "10010100001": 1,
            "00000111001": 1,
            "00100100000": 1,
            "10110100001": 1
          },
          "component_probability": 0.0273972602739726,
          "success_rate": 0.0365
        },
        {
          "basis_state": 4,
          "task_id": "arn:aws:braket:eu-west-2:380012739362:quantum-task/81a25f69-d2e3-4a8e-9943-6edd3ed0cb2f",
          "status": "DONE",
          "shots": 2000,
          "created_at": "2025-12-22 19:17:59.643000+00:00",
          "ended_at": "2025-12-22 19:18:07.797000+00:00",
          "execution_time_seconds": 8.154,
          "counts": {
            "11110000000": 292,
            "01000000000": 75,
            "01010000000": 127,
            "11000000000": 213,
            "00110000000": 252,
            "10000000000": 170,
            "10110000000": 158,
            "00100000000": 234,
            "00000000000": 77,
            "11100000000": 113,
            "10010000000": 52,
            "11110000001": 13,
            "00010000000": 28,
            "11010000000": 61,
            "10100000000": 30,
            "11011000000": 2,
            "01110000000": 6,
            "01100000000": 29,
            "00100100001": 1,
            "01010000001": 15,
            "10010000001": 13,
            "01001100001": 1,
            "01100010000": 1,
            "10001000001": 1,
            "11110110001": 1,
            "10010100000": 2,
            "11010000001": 2,
            "01000000001": 1,
            "11001000001": 1,
            "00001000001": 1,
            "10110010001": 1,
            "00011000000": 2,
            "00000000001": 2,
            "00010000001": 1,
            "01111110000": 1,
            "00011000001": 4,
            "11101000001": 1,
            "10001101001": 1,
            "01110000001": 2,
            "11011100001": 1,
            "00111010001": 1,
            "01111000000": 1,
            "10001110000": 1,
            "01010100001": 1,
            "10010110001": 1,
            "10111000000": 1,
            "11111111000": 1,
            "11100101001": 2,
            "01010110001": 1,
            "10010100001": 1,
            "11100100000": 1
          },
          "component_probability": 0.02857142857142857,
          "success_rate": 0.035
        },
        {
          "basis_state": 5,
          "task_id": "arn:aws:braket:eu-west-2:380012739362:quantum-task/02cbc8d1-7243-415c-9ff2-91b203738339",
          "status": "DONE",
          "shots": 2000,
          "created_at": "2025-12-22 19:18:04.408000+00:00",
          "ended_at": "2025-12-22 19:18:10.230000+00:00",
          "execution_time_seconds": 5.822,
          "counts": {
            "10000000000": 161,
            "10010000000": 52,
            "01010000000": 146,
            "11000000000": 261,
            "00110000000": 265,
            "11110000000": 276,
            "00000000000": 60,
            "11100000000": 102,
            "10110000000": 183,
            "00010000000": 27,
            "00100000000": 236,
            "01000000000": 56,
            "11010000001": 4,
            "10100000000": 22,
            "11010000000": 52,
            "10010100001": 2,
            "00011000000": 1,
            "01000000001": 1,
            "01010000001": 17,
            "10011000001": 4,
            "01110000000": 6,
            "01100000000": 17,
            "11110000001": 16,
            "10010000001": 13,
            "01011000001": 1,
            "10111000000": 1,
            "00111110101": 1,
            "10111000001": 2,
            "00001000001": 1,
            "01110000001": 1,
            "00011000001": 1,
            "11001010001": 1,
            "01111000001": 2,
            "10000100001": 1,
            "00001110001": 1,
            "11110100000": 1,
            "10001100001": 1,
            "11000000001": 1,
            "11100000001": 1,
            "10110100000": 1,
            "11101000000": 1,
            "00101000001": 1
          },
          "component_probability": 0.2465753424657534,
          "success_rate": 0.0365
        },
        {
          "basis_state": 6,
          "task_id": "arn:aws:braket:eu-west-2:380012739362:quantum-task/bef7c49e-ab08-4f20-b70a-a0a230e51a68",
          "status": "DONE",
          "shots": 2000,
          "created_at": "2025-12-22 19:18:08.192000+00:00",
          "ended_at": "2025-12-22 19:18:15.170000+00:00",
          "execution_time_seconds": 6.978,
          "counts": {
            "10110000000": 174,
            "00000000000": 79,
            "10010000000": 49,
            "00100000000": 249,
            "11100000000": 113,
            "10000000000": 163,
            "00110000000": 211,
            "10100000000": 21,
            "01010000000": 128,
            "11000000000": 247,
            "10111001001": 1,
            "01010000001": 19,
            "01000000000": 54,
            "11110000000": 326,
            "11010000000": 50,
            "01110000000": 5,
            "11110000001": 14,
            "01001100001": 1,
            "01100000000": 23,
            "00010000000": 22,
            "10111000001": 1,
            "00000000001": 3,
            "00100010000": 1,
            "00011000001": 6,
            "10010100001": 1,
            "10010000001": 9,
            "10110100001": 1,
            "11010100001": 1,
            "01101000001": 1,
            "11010000001": 2,
            "01000000001": 3,
            "01110000001": 4,
            "11100100001": 1,
            "11010010000": 1,
            "00101000001": 1,
            "10011000001": 1,
            "10011000000": 2,
            "10010010001": 1,
            "01000110001": 1,
            "01010100001": 1,
            "10111100000": 1,
            "01000001000": 1,
            "00101000000": 2,
            "00110000001": 1,
            "01111000001": 1,
            "10110100000": 1,
            "00110010000": 1,
            "01100101101": 1
          },
          "component_probability": 0.02631578947368421,
          "success_rate": 0.038
        },
        {
          "basis_state": 7,
          "task_id": "arn:aws:braket:eu-west-2:380012739362:quantum-task/9115abd3-84bf-4d20-bb51-54ee73fd6865",
          "status": "DONE",
          "shots": 2000,
          "created_at": "2025-12-22 19:18:12.102000+00:00",
          "ended_at": "2025-12-22 19:18:17.856000+00:00",
          "execution_time_seconds": 5.754,
          "counts": {
            "00100000000": 234,
            "01010000001": 13,
            "11000000000": 245,
            "11100000000": 122,
            "10000000000": 148,
            "00110000000": 241,
            "11010000000": 61,
            "11110000000": 286,
            "01100000000": 33,
            "00000000000": 77,
            "10100000000": 37,
            "10110000000": 187,
            "01000000000": 52,
            "10010000000": 55,
            "01010000000": 124,
            "01111000001": 2,
            "10010000001": 12,
            "11110000001": 18,
            "00010000000": 22,
            "00101000000": 1,
            "01110000000": 4,
            "10111100000": 1,
            "00011000001": 2,
            "01100000001": 1,
            "10001010001": 1,
            "01101000001": 2,
            "10100111101": 1,
            "10000100000": 1,
            "00000000001": 1,
            "00101100001": 1,
            "10011000001": 1,
            "11100100001": 1,
            "10110100001": 1,
            "10110010100": 1,
            "11011110001": 1,
            "10001000000": 1,
            "10011100000": 1,
            "11011100001": 1,
            "01110000001": 2,
            "01011000001": 1,
            "01101000000": 1,
            "01000000001": 2,
            "00011000000": 1
          },
          "component_probability": 0.0625,
          "success_rate": 0.032
        },
        {
          "basis_state": 8,
          "task_id": "arn:aws:braket:eu-west-2:380012739362:quantum-task/3e654c27-617f-4fd3-aff3-ea6c1de33e92",
          "status": "DONE",
          "shots": 2000,
          "created_at": "2025-12-22 19:18:15.718000+00:00",
          "ended_at": "2025-12-22 19:18:21.876000+00:00",
          "execution_time_seconds": 6.158,
          "counts": {
            "11010000000": 62,
            "11110000000": 281,
            "11000000000": 230,
            "11100000000": 120,
            "00110000000": 209,
            "00100000000": 272,
            "01010000000": 154,
            "10110000000": 171,
            "01000000000": 64,
            "10010000000": 63,
            "01110000000": 5,
            "00000000000": 75,
            "10000000000": 135,
            "10100000000": 23,
            "00100100001": 1,
            "01010000001": 25,
            "10010000001": 11,
            "01100000000": 29,
            "00010000000": 15,
            "11110000001": 21,
            "11010000001": 2,
            "11101000000": 1,
            "01110000001": 1,
            "11100111001": 1,
            "10010110001": 2,
            "10011000001": 5,
            "00000000001": 2,
            "01100000001": 1,
            "00011000001": 1,
            "01000000001": 3,
            "00111101100": 1,
            "10111000001": 1,
            "10101111001": 1,
            "00101000001": 1,
            "00101010001": 1,
            "10000100001": 1,
            "01111000001": 1,
            "10111000000": 2,
            "01001100001": 1,
            "00010000001": 1,
            "01010100001": 1,
            "00100010001": 1,
            "10110100001": 1,
            "10011000000": 1
          },
          "component_probability": 0.011494252873563218,
          "success_rate": 0.0435
        },
        {
          "basis_state": 9,
          "task_id": "arn:aws:braket:eu-west-2:380012739362:quantum-task/235fc87b-edaa-42bb-8d7c-f4f208cc07f8",
          "status": "DONE",
          "shots": 2000,
          "created_at": "2025-12-22 19:18:19.385000+00:00",
          "ended_at": "2025-12-22 19:18:25.482000+00:00",
          "execution_time_seconds": 6.097,
          "counts": {
            "11000000000": 211,
            "00010000000": 24,
            "00110000000": 271,
            "00111011101": 1,
            "11110000000": 291,
            "00100000000": 264,
            "01010000000": 113,
            "10000000000": 174,
            "10010000000": 49,
            "00000000000": 79,
            "11100000000": 109,
            "01100000000": 26,
            "10100000000": 23,
            "01010000001": 11,
            "10110000000": 170,
            "10011000001": 2,
            "00111000001": 1,
            "11010000000": 64,
            "10111000001": 4,
            "01000000000": 56,
            "01110000001": 7,
            "11101000001": 1,
            "10010000001": 11,
            "11111100001": 1,
            "11010000001": 4,
            "10001100001": 1,
            "00101000000": 1,
            "11101100001": 1,
            "11110000001": 9,
            "00000000001": 3,
            "01011100000": 1,
            "00001110001": 1,
            "10000000001": 1,
            "11010100001": 1,
            "00111010001": 1,
            "11000011000": 1,
            "00010000001": 1,
            "01110000000": 1,
            "01011001001": 1,
            "11011000001": 1,
            "00011010001": 1,
            "11011000000": 1,
            "00010001001": 1,
            "10001000000": 1,
            "00001000001": 1,
            "10110100001": 1,
            "00011000001": 1,
            "01111110000": 1
          },
          "component_probability": 0.18840579710144928,
          "success_rate": 0.0345
        },
        {
          "basis_state": 10,
          "task_id": "arn:aws:braket:eu-west-2:380012739362:quantum-task/3275da8f-807c-4822-b048-4390cd3ba468",
          "status": "DONE",
          "shots": 2000,
          "created_at": "2025-12-22 19:18:23.393000+00:00",
          "ended_at": "2025-12-22 19:18:29.235000+00:00",
          "execution_time_seconds": 5.842,
          "counts": {
            "11110000000": 303,
            "11000000000": 240,
            "01010000000": 142,
            "00110000000": 230,
            "00100000000": 251,
            "00000000000": 73,
            "10110000000": 164,
            "11100000000": 91,
            "11010000000": 61,
            "10010000000": 46,
            "01000000000": 63,
            "10000000000": 194,
            "01011110001": 1,
            "10111000001": 2,
            "11110000001": 18,
            "01010000001": 15,
            "10100000000": 20,
            "01100000000": 21,
            "00010000000": 25,
            "00000000001": 1,
            "00001000001": 2,
            "10010000001": 5,
            "10010100001": 2,
            "01111000001": 2,
            "01110000001": 3,
            "01100000001": 1,
            "10001000001": 1,
            "10011000000": 1,
            "10110100001": 2,
            "01000000001": 2,
            "01110000000": 2,
            "00011000001": 4,
            "11110011001": 1,
            "11010000001": 1,
            "00101000001": 1,
            "01111000000": 1,
            "10011000001": 1,
            "00100100000": 1,
            "01100100000": 1,
            "10110100000": 1,
            "10000100001": 1,
            "11100100001": 1,
            "01111110001": 1,
            "10000000001": 1
          },
          "component_probability": 0.0,
          "success_rate": 0.0345
        },
        {
          "basis_state": 11,
          "task_id": "arn:aws:braket:eu-west-2:380012739362:quantum-task/38ce098a-0f94-4560-8c8f-0e78ffc44ef3",
          "status": "DONE",
          "shots": 2000,
          "created_at": "2025-12-22 19:18:27.193000+00:00",
          "ended_at": "2025-12-22 19:18:33.644000+00:00",
          "execution_time_seconds": 6.451,
          "counts": {
            "00110000000": 236,
            "11110000000": 299,
            "00100000000": 258,
            "11010000000": 58,
            "01000000000": 56,
            "10100000000": 21,
            "00010000000": 23,
            "01111000001": 2,
            "01010000000": 136,
            "11000000000": 212,
            "10000000000": 153,
            "10110000000": 186,
            "00000000000": 91,
            "11110000001": 19,
            "01100000000": 23,
            "11100000000": 118,
            "01010000001": 16,
            "00000111101": 1,
            "10010000000": 47,
            "11101000001": 1,
            "01000000001": 5,
            "01001100001": 1,
            "00001010001": 1,
            "11011100001": 1,
            "01110101001": 1,
            "11010000001": 2,
            "10010100001": 1,
            "00010001000": 1,
            "01110000000": 4,
            "10110100000": 1,
            "01110000001": 1,
            "10010000001": 4,
            "01101000001": 1,
            "00011000001": 3,
            "01001101101": 1,
            "10010100000": 1,
            "01101000010": 1,
            "11101100001": 2,
            "01101000000": 1,
            "10110100001": 2,
            "01001000000": 1,
            "11100101001": 1,
            "00010000001": 1,
            "10111000001": 1,
            "00000000001": 1,
            "11100011000": 1,
            "01010100001": 1,
            "10011000001": 1,
            "10010010001": 1
          },
          "component_probability": 0.041666666666666664,
          "success_rate": 0.036
        },
        {
          "basis_state": 12,
          "task_id": "arn:aws:braket:eu-west-2:380012739362:quantum-task/f8d091a7-7e3e-4b5b-bbab-618a53288cb3",
          "status": "DONE",
          "shots": 2000,
          "created_at": "2025-12-22 19:18:30.744000+00:00",
          "ended_at": "2025-12-22 19:18:36.573000+00:00",
          "execution_time_seconds": 5.829,
          "counts": {
            "10110000000": 177,
            "01010000000": 120,
            "11000000000": 227,
            "00110000000": 251,
            "10100000000": 29,
            "11100000000": 110,
            "00100000000": 253,
            "00000000000": 68,
            "11110000000": 280,
            "01100000000": 27,
            "10000000000": 151,
            "00101000001": 2,
            "01000000000": 59,
            "10010000000": 72,
            "00011000000": 1,
            "11010000000": 69,
            "00100100001": 1,
            "00010000000": 30,
            "11110000001": 15,
            "01110000000": 4,
            "10010000001": 9,
            "01010000001": 16,
            "11010100000": 1,
            "01101000000": 1,
            "10111000001": 2,
            "10011000001": 2,
            "00011000001": 5,
            "11100010001": 1,
            "11011100001": 2,
            "10110100001": 1,
            "00100010000": 1,
            "00110000001": 1,
            "01000000001": 2,
            "11110011001": 1,
            "00001000001": 1,
            "01110000001": 2,
            "01100000001": 1,
            "00000010001": 1,
            "00010000001": 1,
            "11000000001": 1,
            "01100110001": 1,
            "10110010001": 1
          },
          "component_probability": 0.014492753623188406,
          "success_rate": 0.0345
        },
        {
          "basis_state": 13,
          "task_id": "arn:aws:braket:eu-west-2:380012739362:quantum-task/b9f81715-b5f3-422c-b3ad-76e14d2a691f",
          "status": "DONE",
          "shots": 2000,
          "created_at": "2025-12-22 19:18:34.337000+00:00",
          "ended_at": "2025-12-22 19:18:40.755000+00:00",
          "execution_time_seconds": 6.418,
          "counts": {
            "11110000000": 290,
            "01010000000": 140,
            "00110000000": 252,
            "00100000000": 249,
            "10100000000": 26,
            "11000000000": 232,
            "11100000000": 119,
            "10000000000": 162,
            "00000000000": 82,
            "11110000001": 13,
            "10110000000": 166,
            "01000000000": 67,
            "00010000000": 22,
            "11010000000": 51,
            "01010000001": 16,
            "10010000000": 50,
            "01111000001": 1,
            "10110100001": 4,
            "01110000001": 4,
            "10001100001": 1,
            "00010100001": 2,
            "01100000000": 15,
            "00100100000": 1,
            "01110000000": 6,
            "10111100001": 1,
            "00101000001": 1,
            "11010000001": 1,
            "00000000001": 1,
            "10111000001": 3,
            "10010000001": 5,
            "10011000001": 3,
            "00011000001": 3,
            "10010100001": 3,
            "10010010001": 1,
            "01000000001": 1,
            "11011000001": 1,
            "01101010000": 1,
            "11101000001": 1,
            "01111000000": 1,
            "11101101000": 1,
            "00100000001": 1
          },
          "component_probability": 0.029850746268656716,
          "success_rate": 0.0335
        },
        {
          "basis_state": 14,
          "task_id": "arn:aws:braket:eu-west-2:380012739362:quantum-task/2f6884de-591d-4c14-83c3-51b7ed5504c3",
          "status": "DONE",
          "shots": 2000,
          "created_at": "2025-12-22 19:18:37.849000+00:00",
          "ended_at": "2025-12-22 19:18:43.670000+00:00",
          "execution_time_seconds": 5.821,
          "counts": {
            "00100000000": 273,
            "00110000000": 228,
            "10000000000": 163,
            "11000000000": 209,
            "10110000000": 191,
            "01010000000": 134,
            "01110000000": 4,
            "01110000001": 4,
            "11010000000": 62,
            "11110000000": 265,
            "00000000000": 91,
            "10010000000": 70,
            "01000000000": 48,
            "11110000001": 20,
            "11100000000": 111,
            "00011000001": 2,
            "00010000000": 23,
            "10110100001": 1,
            "00101100001": 1,
            "01100000000": 12,
            "00111100101": 1,
            "00001000001": 1,
            "01111000001": 1,
            "01010000001": 18,
            "10100000000": 26,
            "00000000001": 1,
            "11010000001": 4,
            "01000000001": 4,
            "10000100001": 1,
            "10011000001": 4,
            "00010000001": 1,
            "11111110000": 1,
            "10010000001": 10,
            "10011000000": 1,
            "01111110001": 1,
            "00011000000": 3,
            "10111100000": 1,
            "00001000000": 1,
            "10011010000": 1,
            "10111000001": 2,
            "01011000001": 1,
            "10000100000": 1,
            "11101000001": 1,
            "11100100001": 1,
            "11111001001": 1
          },
          "component_probability": 0.024691358024691357,
          "success_rate": 0.0405
        },
        {
          "basis_state": 15,
          "task_id": "arn:aws:braket:eu-west-2:380012739362:quantum-task/b3212b0c-caf6-4f2c-b7d1-3f48b02d9006",
          "status": "DONE",
          "shots": 2000,
          "created_at": "2025-12-22 19:18:41.422000+00:00",
          "ended_at": "2025-12-22 19:18:47.393000+00:00",
          "execution_time_seconds": 5.971,
          "counts": {
            "00100000000": 255,
            "11110000000": 293,
            "00110000000": 267,
            "11000000000": 239,
            "11100000000": 100,
            "01010000000": 132,
            "10110000000": 158,
            "11010010001": 1,
            "01000000000": 49,
            "01100000000": 33,
            "00010000000": 28,
            "10000000000": 149,
            "10010000000": 57,
            "00001000001": 1,
            "00000000000": 83,
            "01100000001": 3,
            "10111000001": 2,
            "11010000000": 55,
            "10010000001": 13,
            "00110110100": 1,
            "01010000001": 9,
            "10010100001": 1,
            "11110000001": 13,
            "00100100000": 2,
            "10100000000": 21,
            "00110100001": 1,
            "01110000001": 4,
            "00000000001": 1,
            "10011000000": 1,
            "00101000001": 1,
            "00011000001": 3,
            "10001000000": 1,
            "01111000001": 1,
            "11101000001": 2,
            "10011000001": 2,
            "00010100001": 1,
            "01010010001": 1,
            "11010000001": 1,
            "01000000001": 3,
            "11001000000": 1,
            "01110000000": 1,
            "00101000000": 3,
            "00011000000": 2,
            "01011000001": 1,
            "11010100001": 1,
            "10000000001": 1,
            "00111000001": 1,
            "01101000001": 1
          },
          "component_probability": 0.18840579710144928,
          "success_rate": 0.0345
        }
      ],
