{
  "problem_list": [
    {
      "A_matrix": [
        [
          1.2028713193966454,
          1.3422946895460561,
          0.7073484576502879,
          1.519952281197086,
          0.9132167976222305,
          1.389253397177433,
          0.970249283558669,
          0.7788981186389136,
          1.303044334207618,
          0.8178181422786739,
          0.1631934744159924,
          1.3756929928213515,
          0.9837971089480291,
          0.5183833134311535,
          1.224619934623579,
          0.9912699728872206
        ],
        [
          1.3422946895460561,
          1.8549311252510883,
          0.7816559376353724,
          0.35551191241096947,
          1.3166228498714005,
          0.9258448048973784,
          0.8472478906715766,
          0.7110623850929404,
          1.0975952426194264,
          1.1746250487277976,
          1.092266431401757,
          0.8763806985034874,
          0.9792228800346939,
          1.8154234282120156,
          0.765539576875236,
          0.7972308513039836
        ],
        [
          0.7073484576502879,
          0.7816559376353724,
          1.175757849218585,
          1.5947883483667336,
          0.7872765404999305,
          1.638054646571161,
          0.7217063342089842,
          0.8450439097232657,
          0.6783832734338769,
          1.0226617045470716,
          0.910233506042171,
          1.7048912742560736,
          1.283537450327855,
          1.1691985884281912,
          0.7106452808132012,
          0.1410362558581857
        ],
        [
          1.519952281197086,
          0.35551191241096947,
          1.5947883483667336,
          0.1491754336219302,
          1.109559790740462,
          0.5263053364336012,
          0.9092166412967008,
          1.3442528212793903,
          0.7325627911977906,
          0.571739613742907,
          0.9873359313436294,
          0.8931744797502218,
          1.4846051911458837,
          1.000375936891047,
          0.47476425055099114,
          0.7079209365603073
        ],
        [
          0.9132167976222305,
          1.3166228498714005,
          0.7872765404999305,
          1.109559790740462,
          0.28791699748329824,
          1.0863552558370315,
          1.5185560947306307,
          0.9938808492767955,
          1.3017351152087393,
          0.4875617857876513,
          0.545704672931232,
          0.5302076961719664,
          1.613298342580558,
          0.9950177898794335,
          1.0217703239832625,
          1.128106516804909
        ],
        [
          1.389253397177433,
          0.9258448048973784,
          1.638054646571161,
          0.5263053364336012,
          1.0863552558370315,
          0.11633763000913322,
          0.6425044213212895,
          0.8681642184743669,
          1.1827975410589542,
          0.9364585701015651,
          0.9552686779272268,
          1.783477972960215,
          1.5964819567592743,
          0.8267274224151329,
          1.5973146050865472,
          0.9236510239081523
        ],
        [
          0.970249283558669,
          0.8472478906715766,
          0.7217063342089842,
          0.9092166412967008,
          1.5185560947306307,
          0.6425044213212895,
          0.7967936895617242,
          0.3094768769022812,
          0.9679831774489833,
          0.9461489151098108,
          1.2836723317396914,
          0.8457988561283474,
          1.423006560048845,
          0.388330890762441,
          0.2918453911827348,
          0.550306978600013
        ],
        [
          0.7788981186389136,
          0.7110623850929404,
          0.8450439097232657,
          1.3442528212793903,
          0.9938808492767955,
          0.8681642184743669,
          0.3094768769022812,
          0.0942537730387405,
          0.6638316867966647,
          1.3193590551225889,
          0.7789011154115505,
          0.7985056905564324,
          0.6343826245136596,
          1.411148557105018,
          1.7615362789113573,
          1.1153149217218257
        ],
        [
          1.303044334207618,
          1.0975952426194264,
          0.6783832734338769,
          0.7325627911977906,
          1.3017351152087393,
          1.1827975410589542,
          0.9679831774489833,
          0.6638316867966647,
          1.4856325812101667,
          1.3867568506680268,
          0.13645711497858748,
          1.014541054805369,
          0.7489118840076814,
          1.2833330217427072,
          1.5363151123982646,
          0.6996673614030181
        ],
        [
          0.8178181422786739,
          1.1746250487277976,
          1.0226617045470716,
          0.571739613742907,
          0.4875617857876513,
          0.9364585701015651,
          0.9461489151098108,
          1.3193590551225889,
          1.3867568506680268,
          1.145026808587348,
          1.3967488685660303,
          0.822646612334864,
          1.1281311123633522,
          0.9192324229888651,
          1.4825742055279725,
          0.255879918933824
        ],
        [
          0.1631934744159924,
          1.092266431401757,
          0.910233506042171,
          0.9873359313436294,
          0.545704672931232,
          0.9552686779272268,
          1.2836723317396914,
          0.7789011154115505,
          0.13645711497858748,
          1.3967488685660303,
          1.3907458386176434,
          1.8323854153169798,
          1.3825767901355699,
          0.9049749049454149,
          1.6033972173716968,
          1.0151679576315298
        ],
        [
          1.3756929928213515,
          0.8763806985034874,
          1.7048912742560736,
          0.8931744797502218,
          0.5302076961719664,
          1.783477972960215,
          0.8457988561283474,
          0.7985056905564324,
          1.014541054805369,
          0.822646612334864,
          1.8323854153169798,
          1.0290297594907285,
          1.0547063407291648,
          0.23545993647845664,
          0.9720818144515165,
          1.0850220108840345
        ],
        [
          0.9837971089480291,
          0.9792228800346939,
          1.283537450327855,
          1.4846051911458837,
          1.613298342580558,
          1.5964819567592743,
          1.423006560048845,
          0.6343826245136596,
          0.7489118840076814,
          1.1281311123633522,
          1.3825767901355699,
          1.0547063407291648,
          0.6143918622674829,
          0.7257810728457735,
          1.1994750807818495,
          0.2118335218710059
        ],
        [
          0.5183833134311535,
          1.8154234282120156,
          1.1691985884281912,
          1.000375936891047,
          0.9950177898794335,
          0.8267274224151329,
          0.388330890762441,
          1.411148557105018,
          1.2833330217427072,
          0.9192324229888651,
          0.9049749049454149,
          0.23545993647845664,
          0.7257810728457735,
          1.7195395361936991,
          1.4084369120751419,
          0.7448783604725757
        ],
        [
          1.224619934623579,
          0.765539576875236,
          0.7106452808132012,
          0.47476425055099114,
          1.0217703239832625,
          1.5973146050865472,
          0.2918453911827348,
          1.7615362789113573,
          1.5363151123982646,
          1.4825742055279725,
          1.6033972173716968,
          0.9720818144515165,
          1.1994750807818495,
          1.4084369120751419,
          0.2086483981593723,
          0.6993078031996315
        ],
        [
          0.9912699728872206,
          0.7972308513039836,
          0.1410362558581857,
          0.7079209365603073,
          1.128106516804909,
          0.9236510239081523,
          0.550306978600013,
          1.1153149217218257,
          0.6996673614030181,
          0.255879918933824,
          1.0151679576315298,
          1.0850220108840345,
          0.2118335218710059,
          0.7448783604725757,
          0.6993078031996315,
          0.07292966679792867
        ]
      ],
      "b_vector": [
        0.4186977661745636,
        0.30863262844506595,
        0.4437611261131445,
        0.033526955206925876,
        0.057407763395768245,
        0.0638339637663834,
        0.2751092600159797,
        0.06483460635227681,
        0.2935159734628925,
        0.1794835708005092,
        0.043042925460767024,
        0.31811959160213177,
        0.12353299102448469,
        0.26827371400074884,
        0.038322655711329305,
        0.3660771391862112
      ]
    }
  ],
  "shots": 2000,
  "backend": "sv1",
  "device_arn": "SV1",
  "aws_region": "eu-west-2",
  "ideal_preprocessing_list": [
    [
      [
        -2.6948977196542088,
        -2.276951101276889,
        -1.9491561363771936,
        -1.5655790247720485,
        -1.4245407750481895,
        -1.0519236487904893,
        -0.6050060777716653,
        -0.12170759677254939,
        0.15953461848221598,
        0.8347745324584023,
        1.0202009863208858,
        1.238992669777537,
        1.4488570958974973,
        1.942073656257019,
        2.6031788580445543,
        15.78613193213064
      ],
      [
        0.08775136772618841,
        0.2803054500047015,
        0.007455169396744791,
        0.046947511529344454,
        0.10394194746088041,
        0.15869727458859387,
        0.05041572913784424,
        0.28999751067686824,
        0.010618332141245256,
        0.23351336017528412,
        0.1773328676478172,
        0.011203726506758702,
        0.019529529263829618,
        0.20561601129713597,
        0.046884323132690475,
        0.8110293794055503
      ]
    ]
  ],
  "probability_threshold": 0,
  "k_qubits": 3,
  "preprocessing_mode": "ideal",
  "projection_mode": "all_components",
  "projection_subset": null,
  "num_solution_qubits": 4,
  "num_projections": 16,
  "projector_basis_states": [
    0,
    1,
    2,
    3,
    4,
    5,
    6,
    7,
    8,
    9,
    10,
    11,
    12,
    13,
    14,
    15
  ],
  "enhanced_projection_results": [
    {
      "problem_index": 0,
      "projection_tasks": [
        {
          "basis_state": 0,
          "task_id": "arn:aws:braket:eu-west-2:380012739362:quantum-task/fd629b35-0b31-4dc0-be41-0f9c85a83b17",
          "shots": 2000,
          "projector_index": 0
        },
        {
          "basis_state": 1,
          "task_id": "arn:aws:braket:eu-west-2:380012739362:quantum-task/4d71ebd5-52e3-4351-b9cf-75ed0b04ea12",
          "shots": 2000,
          "projector_index": 1
        },
        {
          "basis_state": 2,
          "task_id": "arn:aws:braket:eu-west-2:380012739362:quantum-task/cd137a70-8e4a-48de-a0b8-eb589a66fc3e",
          "shots": 2000,
          "projector_index": 2
        },
        {
          "basis_state": 3,
          "task_id": "arn:aws:braket:eu-west-2:380012739362:quantum-task/a6aa5cd7-9f09-4390-921b-ea23f9c1a270",
          "shots": 2000,
          "projector_index": 3
        },
        {
          "basis_state": 4,
          "task_id": "arn:aws:braket:eu-west-2:380012739362:quantum-task/f41f5f92-9601-4519-b5bb-3dffc9d39bab",
          "shots": 2000,
          "projector_index": 4
        },
        {
          "basis_state": 5,
          "task_id": "arn:aws:braket:eu-west-2:380012739362:quantum-task/6b69c160-283d-46d9-9bec-ad104b2a1d9f",
          "shots": 2000,
          "projector_index": 5
        },
        {
          "basis_state": 6,
          "task_id": "arn:aws:braket:eu-west-2:380012739362:quantum-task/69b3f100-e799-427a-9804-be69a6735fab",
          "shots": 2000,
          "projector_index": 6
        },
        {
          "basis_state": 7,
          "task_id": "arn:aws:braket:eu-west-2:380012739362:quantum-task/2dda2e56-bada-43fa-85a8-d7b263fb3d1d",
          "shots": 2000,
          "projector_index": 7
        },
        {
          "basis_state": 8,
          "task_id": "arn:aws:braket:eu-west-2:380012739362:quantum-task/13d4ab89-c0d7-4bc6-9992-81fd14676da0",
          "shots": 2000,
          "projector_index": 8
        },
        {
          "basis_state": 9,
          "task_id": "arn:aws:braket:eu-west-2:380012739362:quantum-task/9cc58b89-be34-4baf-9777-d0de90f20a98",
          "shots": 2000,
          "projector_index": 9
        },
        {
          "basis_state": 10,
          "task_id": "arn:aws:braket:eu-west-2:380012739362:quantum-task/a2e45634-0e3b-41d1-88ae-d18916b96e5b",
          "shots": 2000,
          "projector_index": 10
        },
        {
          "basis_state": 11,
          "task_id": "arn:aws:braket:eu-west-2:380012739362:quantum-task/bd265df5-77aa-4f38-891b-96073e84473e",
          "shots": 2000,
          "projector_index": 11
        },
        {
          "basis_state": 12,
          "task_id": "arn:aws:braket:eu-west-2:380012739362:quantum-task/af3fd83b-2a4c-48cd-9fe9-c07f5e517cec",
          "shots": 2000,
          "projector_index": 12
        },
        {
          "basis_state": 13,
          "task_id": "arn:aws:braket:eu-west-2:380012739362:quantum-task/aa41d1b7-84cc-486f-ad9f-a8c844c2a611",
          "shots": 2000,
          "projector_index": 13
        },
        {
          "basis_state": 14,
          "task_id": "arn:aws:braket:eu-west-2:380012739362:quantum-task/ba10feb5-ab0d-481b-8643-5038e9db0bd9",
          "shots": 2000,
          "projector_index": 14
        },
        {
          "basis_state": 15,
          "task_id": "arn:aws:braket:eu-west-2:380012739362:quantum-task/0e863e0f-ed31-45a6-94aa-d28c87074779",
          "shots": 2000,
          "projector_index": 15
        }
      ],
      "depth": 4356,
      "num_projections": 16,
      "ideal_solution": [
        {
          "real": 0.09058831315137161,
          "imag": 0.0
        },
        {
          "real": 0.21692366234615548,
          "imag": 0.0
        },
        {
          "real": -0.1410267076326848,
          "imag": 0.0
        },
        {
          "real": -0.20145447524269142,
          "imag": 0.0
        },
        {
          "real": 0.2037463368002004,
          "imag": 0.0
        },
        {
          "real": 0.41692188656091056,
          "imag": 0.0
        },
        {
          "real": -0.36155698669467373,
          "imag": 0.0
        },
        {
          "real": -0.024343149383476488,
          "imag": 0.0
        },
        {
          "real": -0.30112882695350063,
          "imag": 0.0
        },
        {
          "real": -0.1825792042905339,
          "imag": 0.0
        },
        {
          "real": -0.11069277867941234,
          "imag": 0.0
        },
        {
          "real": -0.14293280496465205,
          "imag": 0.0
        },
        {
          "real": 0.4645580976749935,
          "imag": 0.0
        },
        {
          "real": -0.14865578128904078,
          "imag": 0.0
        },
        {
          "real": 0.30801714493948223,
          "imag": 0.0
        },
        {
          "real": -0.2193837467081975,
          "imag": 0.0
        }
      ]
    }
  ]
}