{
  "problem_list": [
    {
      "A_matrix": [
        [
          1.6216157964320064,
          1.0185217983405637,
          0.36908236817792184,
          1.082707552545193,
          0.514451016804067,
          0.6805544839795676,
          1.8852617622472168,
          1.2895721007705148
        ],
        [
          1.0185217983405637,
          0.08989223917906042,
          0.8383892380145647,
          1.2991765391091468,
          1.0905664145742948,
          0.7147826025838449,
          1.2032117339338404,
          1.1941245999662986
        ],
        [
          0.36908236817792184,
          0.8383892380145647,
          0.6702626076706868,
          1.152562148722204,
          1.6441278354284816,
          0.7080867542122583,
          0.20869566220477476,
          0.8671637966693353
        ],
        [
          1.082707552545193,
          1.2991765391091468,
          1.152562148722204,
          1.911933674660216,
          0.39400507467873525,
          1.35507180035012,
          1.1287233393772667,
          0.6417155452121887
        ],
        [
          0.514451016804067,
          1.0905664145742948,
          1.6441278354284816,
          0.39400507467873525,
          1.308771057654719,
          0.7054006098578265,
          0.5940484688279918,
          0.6255911128242572
        ],
        [
          0.6805544839795676,
          0.7147826025838449,
          0.7080867542122583,
          1.35507180035012,
          0.7054006098578265,
          0.2226771079341865,
          1.1278563005093774,
          1.1735501867290294
        ],
        [
          1.8852617622472168,
          1.2032117339338404,
          0.20869566220477476,
          1.1287233393772667,
          0.5940484688279918,
          1.1278563005093774,
          1.3034812055140081,
          1.533970774556126
        ],
        [
          1.2895721007705148,
          1.1941245999662986,
          0.8671637966693353,
          0.6417155452121887,
          0.6255911128242572,
          1.1735501867290294,
          1.533970774556126,
          1.5566249513135562
        ]
      ],
      "b_vector": [
        0.3698315051473388,
        0.3131983177617063,
        0.2930300544677241,
        0.5645725513299914,
        0.5382586928970503,
        0.04275734738919449,
        0.10724602409315545,
        0.23972978975564746
      ]
    }
  ],
  "shots": 2000,
  "backend": "sv1",
  "device_arn": "SV1",
  "aws_region": "eu-west-2",
  "ideal_preprocessing_list": [
    [
      [
        -1.3017894561085368,
        -0.9691453035580357,
        -0.6523316791968898,
        -0.26103776942544277,
        0.42295890500242195,
        1.2961447198937803,
        2.14814363985067,
        8.00231558390047
      ],
      [
        0.21468224811696923,
        0.12317079760413613,
        0.12077773779293688,
        0.1627882827605522,
        0.2195967753813038,
        0.10288353730268546,
        0.31943560098639245,
        0.8583742370476755
      ]
    ]
  ],
  "probability_threshold": 0,
  "k_qubits": 6,
  "preprocessing_mode": "ideal",
  "projection_mode": "all_components",
  "projection_subset": null,
  "num_solution_qubits": 3,
  "num_projections": 8,
  "projector_basis_states": [
    0,
    1,
    2,
    3,
    4,
    5,
    6,
    7
  ],
  "enhanced_projection_results": [
    {
      "problem_index": 0,
      "projection_tasks": [
        {
          "basis_state": 0,
          "task_id": "arn:aws:braket:eu-west-2:380012739362:quantum-task/d32524d9-7da0-4ee2-8f82-a8e07eb27f73",
          "status": "DONE",
          "shots": 2000,
          "created_at": "2025-12-22 19:13:24.302000+00:00",
          "ended_at": "2025-12-22 19:13:27.123000+00:00",
          "execution_time_seconds": 2.821,
          "counts": {
            "0100000000": 111,
            "1000000000": 595,
            "0110000000": 625,
            "1110000001": 38,
            "0010000000": 215,
            "1110000000": 108,
            "1100000000": 73,
            "0000000000": 153,
            "1010000000": 21,
            "1010000001": 8,
            "1100000001": 23,
            "1001100000": 1,
            "1001100001": 2,
            "1000000001": 11,
            "1111100001": 4,
            "1111000001": 3,
            "0100111001": 1,
            "0001100001": 1,
            "1111101001": 1,
            "1110010000": 1,
            "0110000001": 1,
            "1100100001": 2,
            "1011100001": 1,
            "1111100000": 1
          },
          "component_probability": 0.010416666666666666,
          "success_rate": 0.048
        },
        {
          "basis_state": 1,
          "task_id": "arn:aws:braket:eu-west-2:380012739362:quantum-task/f578d344-b5fb-489d-927d-134cff7b5144",
          "status": "DONE",
          "shots": 2000,
          "created_at": "2025-12-22 19:13:26.142000+00:00",
          "ended_at": "2025-12-22 19:13:29.394000+00:00",
          "execution_time_seconds": 3.252,
          "counts": {
            "1110000000": 102,
            "0110000000": 621,
            "1000000000": 603,
            "1100000000": 69,
            "1111010001": 1,
            "0010000000": 207,
            "0000000000": 153,
            "0100000000": 96,
            "1110000001": 49,
            "1111110000": 1,
            "1010000000": 31,
            "1100000001": 17,
            "1001100001": 5,
            "1111000001": 2,
            "1010000001": 13,
            "1000000001": 6,
            "1101001000": 1,
            "0001110001": 2,
            "0001110000": 1,
            "1001000001": 1,
            "1011010001": 1,
            "1111000000": 1,
            "0101010001": 1,
            "1101111001": 1,
            "0100101001": 1,
            "1011110001": 2,
            "1111100001": 6,
            "1001000000": 1,
            "1111001001": 1,
            "1101100000": 1,
            "0001010001": 1,
            "0001010000": 1,
            "0000010001": 1
          },
          "component_probability": 0.0,
          "success_rate": 0.0555
        },
        {
          "basis_state": 2,
          "task_id": "arn:aws:braket:eu-west-2:380012739362:quantum-task/fa9af6ad-3957-4cd9-acda-c4ddf49e6a7a",
          "status": "DONE",
          "shots": 2000,
          "created_at": "2025-12-22 19:13:28.101000+00:00",
          "ended_at": "2025-12-22 19:13:30.953000+00:00",
          "execution_time_seconds": 2.852,
          "counts": {
            "0000000000": 151,
            "1000000000": 619,
            "0100000000": 117,
            "0010000000": 211,
            "0110000000": 590,
            "1010000000": 26,
            "1100000000": 66,
            "1110000000": 117,
            "1110000001": 35,
            "1100000001": 22,
            "1101100000": 1,
            "1000000001": 13,
            "1000111000": 1,
            "1111000001": 2,
            "1111100001": 6,
            "1010000001": 11,
            "1001100100": 1,
            "1001100000": 2,
            "1101100001": 1,
            "0101001001": 1,
            "1001100001": 2,
            "0101111001": 1,
            "0001010001": 1,
            "1110111011": 1,
            "0001000001": 1,
            "1111010001": 1
          },
          "component_probability": 0.02040816326530612,
          "success_rate": 0.049
        },
        {
          "basis_state": 3,
          "task_id": "arn:aws:braket:eu-west-2:380012739362:quantum-task/da0d6e89-8267-4893-b30a-af758364f798",
          "status": "DONE",
          "shots": 2000,
          "created_at": "2025-12-22 19:13:29.813000+00:00",
          "ended_at": "2025-12-22 19:13:32.471000+00:00",
          "execution_time_seconds": 2.658,
          "counts": {
            "1000000000": 598,
            "0110000000": 632,
            "0010000000": 185,
            "0000000000": 156,
            "1110000000": 102,
            "0100000000": 111,
            "1100000000": 67,
            "1110000001": 47,
            "1100000001": 22,
            "1010000000": 25,
            "1010000001": 14,
            "0001110001": 1,
            "1101100001": 2,
            "1111100001": 5,
            "1011110001": 1,
            "1011100001": 1,
            "1111001001": 1,
            "1111100000": 2,
            "1000000001": 9,
            "1000101001": 1,
            "0000111001": 1,
            "0001000001": 1,
            "1011101001": 1,
            "1000111001": 1,
            "1100110001": 1,
            "0110101001": 1,
            "0000010000": 1,
            "1111000001": 2,
            "1001000011": 1,
            "1111010001": 1,
            "1001100001": 1,
            "1101000001": 1,
            "1001101100": 1,
            "1111000000": 1,
            "0001110000": 1,
            "1001001001": 1,
            "0001100001": 1
          },
          "component_probability": 0.00847457627118644,
          "success_rate": 0.059
        },
        {
          "basis_state": 4,
          "task_id": "arn:aws:braket:eu-west-2:380012739362:quantum-task/4c9aacf0-8114-4475-b435-8a745bf5f525",
          "status": "DONE",
          "shots": 2000,
          "created_at": "2025-12-22 19:13:33.074000+00:00",
          "ended_at": "2025-12-22 19:13:36.378000+00:00",
          "execution_time_seconds": 3.304,
          "counts": {
            "0010000000": 190,
            "1000000001": 7,
            "1010000000": 30,
            "0110000000": 598,
            "0000000000": 152,
            "1000000000": 613,
            "1110000000": 121,
            "0100000000": 131,
            "1100000000": 68,
            "1110000001": 38,
            "1100000001": 13,
            "1111000000": 1,
            "0001110000": 1,
            "1100101111": 1,
            "1001101101": 1,
            "1000101001": 1,
            "1001000001": 1,
            "1001010001": 1,
            "1101100001": 2,
            "1111001001": 1,
            "1111100001": 6,
            "1111100000": 2,
            "1101000000": 2,
            "1010000001": 8,
            "0000110001": 2,
            "1001100001": 1,
            "1111000001": 1,
            "0000010000": 1,
            "1001110000": 1,
            "0100100001": 1,
            "1111010001": 2,
            "0100101011": 1,
            "1011110001": 1
          },
          "component_probability": 0.1348314606741573,
          "success_rate": 0.0445
        },
        {
          "basis_state": 5,
          "task_id": "arn:aws:braket:eu-west-2:380012739362:quantum-task/399bf47c-9b8e-4381-83fb-b91c228088b8",
          "status": "DONE",
          "shots": 2000,
          "created_at": "2025-12-22 19:13:35.021000+00:00",
          "ended_at": "2025-12-22 19:13:38.036000+00:00",
          "execution_time_seconds": 3.015,
          "counts": {
            "1110000000": 110,
            "1000000000": 614,
            "0110000000": 582,
            "0010000000": 201,
            "0000000000": 150,
            "0100000000": 128,
            "0000000001": 2,
            "1100000000": 65,
            "1110000001": 38,
            "1000000001": 20,
            "1010000000": 28,
            "1100000001": 28,
            "1111100001": 6,
            "0111001011": 1,
            "1011011010": 1,
            "1100101110": 1,
            "1010100000": 1,
            "1010000001": 12,
            "1111010001": 1,
            "1011110000": 1,
            "0001110001": 1,
            "1001110000": 1,
            "1001101101": 1,
            "1011101000": 1,
            "1101100000": 1,
            "1101000001": 1,
            "0001100001": 1,
            "1001100001": 1,
            "0101101000": 1,
            "1001001001": 1
          },
          "component_probability": 0.10526315789473684,
          "success_rate": 0.057
        },
        {
          "basis_state": 6,
          "task_id": "arn:aws:braket:eu-west-2:380012739362:quantum-task/e4552b11-8ab3-4f3e-b0c6-ae10108861b0",
          "status": "DONE",
          "shots": 2000,
          "created_at": "2025-12-22 19:13:36.920000+00:00",
          "ended_at": "2025-12-22 19:13:39.930000+00:00",
          "execution_time_seconds": 3.01,
          "counts": {
            "1110000000": 108,
            "1000000000": 594,
            "0110000000": 606,
            "0010000000": 194,
            "1111100000": 1,
            "1100000001": 18,
            "0001100001": 3,
            "0000000000": 155,
            "1010000001": 25,
            "1100000000": 73,
            "0100000000": 119,
            "1010000000": 34,
            "1110000001": 42,
            "1001100001": 3,
            "1111100001": 4,
            "0000110001": 1,
            "1111111000": 1,
            "1101010001": 1,
            "1101100000": 3,
            "1000000001": 7,
            "1110100001": 1,
            "1111010001": 1,
            "0110011000": 1,
            "1000111001": 1,
            "0011100001": 1,
            "1011110000": 1,
            "1100100001": 1,
            "1001100000": 1
          },
          "component_probability": 0.1834862385321101,
          "success_rate": 0.0545
        },
        {
          "basis_state": 7,
          "task_id": "arn:aws:braket:eu-west-2:380012739362:quantum-task/ece0b512-7776-423a-907b-c5bb6ed71f3c",
          "status": "DONE",
          "shots": 2000,
          "created_at": "2025-12-22 19:13:38.689000+00:00",
          "ended_at": "2025-12-22 19:13:41.185000+00:00",
          "execution_time_seconds": 2.496,
          "counts": {
            "0110000000": 618,
            "1000000000": 583,
            "1110000000": 132,
            "0010000000": 207,
            "0000000000": 150,
            "0100000000": 114,
            "1100000000": 67,
            "1010000000": 26,
            "1110000001": 35,
            "1100000001": 19,
            "1000000001": 12,
            "1001010000": 1,
            "1111100001": 5,
            "1001100001": 3,
            "0000100000": 2,
            "1010000001": 12,
            "0000001011": 1,
            "0001101001": 1,
            "1011100101": 1,
            "1001010001": 1,
            "1101111001": 1,
            "0001100001": 1,
            "0000111001": 1,
            "1111010001": 1,
            "1111110000": 1,
            "1100100000": 1,
            "1111000000": 1,
            "1111000001": 1,
            "1101100001": 1,
            "0001110001": 1
          },
          "component_probability": 0.4329896907216495,
          "success_rate": 0.0485
        }
      ],
      "depth": 2668,
      "num_projections": 8,
      "ideal_solution": [
        {
          "real": 0.0005914883642155381,
          "imag": 0.0
        },
        {
          "real": 0.028056622968273482,
          "imag": 0.0
        },
        {
          "real": 0.011525838852113463,
          "imag": 0.0
        },
        {
          "real": -0.038236915002996516,
          "imag": 0.0
        },
        {
          "real": 0.39403484823574353,
          "imag": 0.0
        },
        {
          "real": 0.29665720662347583,
          "imag": 0.0
        },
        {
          "real": 0.4985759458716183,
          "imag": 0.0
        },
        {
          "real": -0.71117553090032,
          "imag": 0.0
        }
      ],
      "reconstructed_solution_probabilities": [
        0.011627431659982345,
        0.0,
        0.022780274272618473,
        0.009459605418290723,
        0.1505033850820187,
        0.11749825677455844,
        0.20481347511161566,
        0.4833175716809157
      ],
      "fidelity": 0.9606533330203343,
      "metadata": {
        "measured_components": [
          0,
          1,
          2,
          3,
          4,
          5,
          6,
          7
        ],
        "success_rates": [
          0.048,
          0.0555,
          0.049,
          0.059,
          0.0445,
          0.057,
          0.0545,
          0.0485
        ],
        "raw_probabilities": [
          0.010416666666666666,
          0.0,
          0.02040816326530612,
          0.00847457627118644,
          0.1348314606741573,
          0.10526315789473684,
          0.1834862385321101,
          0.4329896907216495
        ],
        "average_success_rate": 0.052000000000000005,
        "total_probability": 0.8958699540258129
      },
      "total_problem_time_seconds": 16.883,
      "first_created_at": "2025-12-22 19:13:24.302000+00:00",
      "last_ended_at": "2025-12-22 19:13:41.185000+00:00"
    }
  ]
}