{
  "problem_list": [
    {
      "A_matrix": [
        [
          0.37054057305548205,
          0.353082455399403,
          1.2552201052267864,
          1.1710372427178601,
          1.2889182373247738,
          1.062150508328621,
          1.6215664083900996,
          1.6964141631038592
        ],
        [
          0.353082455399403,
          1.2711064143703212,
          1.289857174692391,
          1.301441807767589,
          0.7579955599872655,
          1.0258542377340376,
          1.0428654205051546,
          1.7596916610801396
        ],
        [
          1.2552201052267864,
          1.289857174692391,
          0.7038281850457311,
          0.8176523504698519,
          0.8509550061749558,
          1.4730580559169417,
          1.6850312317390328,
          1.6172817913020872
        ],
        [
          1.1710372427178601,
          1.301441807767589,
          0.8176523504698519,
          0.9568266424061356,
          1.5327982109133749,
          1.462794180337391,
          0.6941657378285057,
          1.3753237426539444
        ],
        [
          1.2889182373247738,
          0.7579955599872655,
          0.8509550061749558,
          1.5327982109133749,
          1.3013682004504117,
          1.1080385927136622,
          1.242959305825479,
          1.3410873074919847
        ],
        [
          1.062150508328621,
          1.0258542377340376,
          1.4730580559169417,
          1.462794180337391,
          1.1080385927136622,
          0.14378225477565376,
          0.9868265602934766,
          1.7250028808573006
        ],
        [
          1.6215664083900996,
          1.0428654205051546,
          1.6850312317390328,
          0.6941657378285057,
          1.242959305825479,
          0.9868265602934766,
          1.5511031773638229,
          1.6840364267965269
        ],
        [
          1.6964141631038592,
          1.7596916610801396,
          1.6172817913020872,
          1.3753237426539444,
          1.3410873074919847,
          1.7250028808573006,
          1.6840364267965269,
          0.002261842448078921
        ]
      ],
      "b_vector": [
        0.5173489532619524,
        0.6055638160058509,
        0.47803396289189704,
        0.2268736586203983,
        0.28878969820701594,
        0.00907433896448122,
        0.009552870783749648,
        0.04562135345323264
      ]
    }
  ],
  "shots": 2000,
  "backend": "sv1",
  "device_arn": "SV1",
  "aws_region": "eu-west-2",
  "ideal_preprocessing_list": [
    [
      [
        -2.112354378797387,
        -1.2641950760401848,
        -1.0746576085832835,
        -0.6787674987742798,
        -0.19189277246375458,
        0.9160943710040751,
        1.0542323147969384,
        9.652357938773514
      ],
      [
        0.3087736821153119,
        0.43403156087049544,
        0.33345463217710564,
        0.08132700932330761,
        0.05184614051910855,
        0.14557309235752897,
        0.15949480494190005,
        0.7410473688818519
      ]
    ]
  ],
  "probability_threshold": 0,
  "k_qubits": 6,
  "preprocessing_mode": "ideal",
  "projection_mode": "all_components",
  "projection_subset": null,
  "num_solution_qubits": 3,
  "num_projections": 8,
  "projector_basis_states": [
    0,
    1,
    2,
    3,
    4,
    5,
    6,
    7
  ],
  "enhanced_projection_results": [
    {
      "problem_index": 0,
      "projection_tasks": [
        {
          "basis_state": 0,
          "task_id": "arn:aws:braket:eu-west-2:380012739362:quantum-task/8c6b97b6-dbf5-498e-bbfb-bde53a4b1772",
          "shots": 2000,
          "projector_index": 0
        },
        {
          "basis_state": 1,
          "task_id": "arn:aws:braket:eu-west-2:380012739362:quantum-task/48c40581-6586-4e1a-9300-c496badc8610",
          "shots": 2000,
          "projector_index": 1
        },
        {
          "basis_state": 2,
          "task_id": "arn:aws:braket:eu-west-2:380012739362:quantum-task/62163d19-f632-401f-9d62-b15d5740c1e6",
          "shots": 2000,
          "projector_index": 2
        },
        {
          "basis_state": 3,
          "task_id": "arn:aws:braket:eu-west-2:380012739362:quantum-task/64283367-9608-47bc-8197-19ef69dace69",
          "shots": 2000,
          "projector_index": 3
        },
        {
          "basis_state": 4,
          "task_id": "arn:aws:braket:eu-west-2:380012739362:quantum-task/722619db-edc0-414e-84b4-53ec4749b55c",
          "shots": 2000,
          "projector_index": 4
        },
        {
          "basis_state": 5,
          "task_id": "arn:aws:braket:eu-west-2:380012739362:quantum-task/8df45a72-2f6b-4063-91c3-532b99a14798",
          "shots": 2000,
          "projector_index": 5
        },
        {
          "basis_state": 6,
          "task_id": "arn:aws:braket:eu-west-2:380012739362:quantum-task/1e49e316-72bc-4fb1-a58a-8b6b5c285757",
          "shots": 2000,
          "projector_index": 6
        },
        {
          "basis_state": 7,
          "task_id": "arn:aws:braket:eu-west-2:380012739362:quantum-task/b2073533-7b83-45c8-9700-16c45f6d0a40",
          "shots": 2000,
          "projector_index": 7
        }
      ],
      "depth": 2653,
      "num_projections": 8,
      "ideal_solution": [
        {
          "real": -0.41845197466002,
          "imag": 0.0
        },
        {
          "real": -0.08122798378506414,
          "imag": 0.0
        },
        {
          "real": -0.12086271625846651,
          "imag": 0.0
        },
        {
          "real": 0.33019236415498104,
          "imag": 0.0
        },
        {
          "real": -0.43652319227151054,
          "imag": 0.0
        },
        {
          "real": 0.6313925646101937,
          "imag": 0.0
        },
        {
          "real": 0.09739889654602259,
          "imag": 0.0
        },
        {
          "real": 0.30978953007063115,
          "imag": 0.0
        }
      ]
    }
  ]
}