{
  "problem_list": [
    {
      "A_matrix": [
        [
          1.610917261199712,
          1.1294282526834265,
          1.1584180321560773,
          0.9243556758301034,
          1.3802612570765769,
          0.7896024234684248,
          1.767478530015183,
          1.541462045722867,
          1.1757235168792697,
          1.5102430953625228,
          1.0654092376524738,
          1.065876005966739,
          0.8106581440467818,
          1.7240708947102812,
          1.4893349659510298,
          0.5723816405276746
        ],
        [
          1.1294282526834265,
          1.9782819795563207,
          0.8649936906470224,
          1.5929973776549575,
          0.48845289427111616,
          1.29192491740052,
          1.1382452095151565,
          1.1749310373566235,
          0.8006874506979945,
          0.3876952835318399,
          1.126624613211991,
          1.0745594526552869,
          1.2467375250754515,
          1.430685053486397,
          1.4777024067777202,
          0.6247884924899837
        ],
        [
          1.1584180321560773,
          0.8649936906470224,
          0.46137654871854905,
          1.0194668142909593,
          0.740436991938207,
          1.7777535080925202,
          0.9063325897710359,
          1.3678658799577748,
          1.8006656806461685,
          1.2002159342470002,
          1.2201445015046706,
          0.9608420722628107,
          1.4990569240684222,
          0.5590615399866391,
          1.6188019511007714,
          0.9973948377354571
        ],
        [
          0.9243556758301034,
          1.5929973776549575,
          1.0194668142909593,
          0.0475804082849578,
          0.7381354134126862,
          1.2663425632690677,
          1.0283458035198099,
          0.4497860612561281,
          0.8987525060224254,
          0.45977272258215207,
          0.9715260532878753,
          1.1827437188996166,
          0.8718775273660688,
          1.5695513828018073,
          1.044827647587439,
          0.7065234404816594
        ],
        [
          1.3802612570765769,
          0.48845289427111616,
          0.740436991938207,
          0.7381354134126862,
          0.6479333646353678,
          1.3375975681194805,
          0.9642280603314576,
          0.7402734621056065,
          0.8345282977365137,
          0.601142976426731,
          1.2680690131468315,
          1.0517255912542698,
          1.1702256840239302,
          0.9403517372041489,
          1.1381963593070055,
          0.7894856037180207
        ],
        [
          0.7896024234684248,
          1.29192491740052,
          1.7777535080925202,
          1.2663425632690677,
          1.3375975681194805,
          1.4049092144803388,
          0.7616855337795375,
          0.6149666662459106,
          0.9606473402884652,
          0.5606079251155541,
          1.2409934415216382,
          0.6989115503796782,
          1.4052691304481524,
          1.5588427965399894,
          0.6011693337948243,
          0.21034414451039896
        ],
        [
          1.767478530015183,
          1.1382452095151565,
          0.9063325897710359,
          1.0283458035198099,
          0.9642280603314576,
          0.7616855337795375,
          1.0405042192143086,
          1.1496710744904215,
          0.593332529933234,
          1.2230547113702428,
          1.3467046706746961,
          1.5613155586556617,
          1.6447476029435022,
          1.176023007129768,
          0.6308089287661015,
          0.19753646574202
        ],
        [
          1.541462045722867,
          1.1749310373566235,
          1.3678658799577748,
          0.4497860612561281,
          0.7402734621056065,
          0.6149666662459106,
          1.1496710744904215,
          1.899755041539234,
          0.7627343537783687,
          1.0497749656697382,
          1.0312547641004728,
          1.1857959106856488,
          1.101790038967041,
          1.6118438151984473,
          1.2980931471388413,
          0.9869101122265465
        ],
        [
          1.1757235168792697,
          0.8006874506979945,
          1.8006656806461685,
          0.8987525060224254,
          0.8345282977365137,
          0.9606473402884652,
          0.593332529933234,
          0.7627343537783687,
          0.07952344652525678,
          1.1053229710683368,
          1.3017373534998034,
          0.46494650793917114,
          1.120215665699787,
          1.6129924628831946,
          1.1312414810446096,
          0.7597809224324532
        ],
        [
          1.5102430953625228,
          0.3876952835318399,
          1.2002159342470002,
          0.45977272258215207,
          0.601142976426731,
          0.5606079251155541,
          1.2230547113702428,
          1.0497749656697382,
          1.1053229710683368,
          0.7109745891968906,
          0.7132793690475514,
          1.0147015142473201,
          0.9507765262218496,
          0.6996791419158332,
          0.8046945658645087,
          1.533297564859167
        ],
        [
          1.0654092376524738,
          1.126624613211991,
          1.2201445015046706,
          0.9715260532878753,
          1.2680690131468315,
          1.2409934415216382,
          1.3467046706746961,
          1.0312547641004728,
          1.3017373534998034,
          0.7132793690475514,
          1.65678196006268,
          1.638242640273018,
          0.6293324162561318,
          0.6223952632517461,
          1.278490493510888,
          0.42009843865523977
        ],
        [
          1.065876005966739,
          1.0745594526552869,
          0.9608420722628107,
          1.1827437188996166,
          1.0517255912542698,
          0.6989115503796782,
          1.5613155586556617,
          1.1857959106856488,
          0.46494650793917114,
          1.0147015142473201,
          1.638242640273018,
          0.37484014628571316,
          1.0699421985878819,
          1.4984738151598718,
          1.3050203436329206,
          0.6998134783099075
        ],
        [
          0.8106581440467818,
          1.2467375250754515,
          1.4990569240684222,
          0.8718775273660688,
          1.1702256840239302,
          1.4052691304481524,
          1.6447476029435022,
          1.101790038967041,
          1.120215665699787,
          0.9507765262218496,
          0.6293324162561318,
          1.0699421985878819,
          0.6982750283105963,
          1.3256062341840744,
          0.7609605326020749,
          0.8350943919189687
        ],
        [
          1.7240708947102812,
          1.430685053486397,
          0.5590615399866391,
          1.5695513828018073,
          0.9403517372041489,
          1.5588427965399894,
          1.176023007129768,
          1.6118438151984473,
          1.6129924628831946,
          0.6996791419158332,
          0.6223952632517461,
          1.4984738151598718,
          1.3256062341840744,
          0.44462328225271075,
          1.0036681406578931,
          1.238749031358388
        ],
        [
          1.4893349659510298,
          1.4777024067777202,
          1.6188019511007714,
          1.044827647587439,
          1.1381963593070055,
          0.6011693337948243,
          0.6308089287661015,
          1.2980931471388413,
          1.1312414810446096,
          0.8046945658645087,
          1.278490493510888,
          1.3050203436329206,
          0.7609605326020749,
          1.0036681406578931,
          0.06036411464879965,
          1.001219819500304
        ],
        [
          0.5723816405276746,
          0.6247884924899837,
          0.9973948377354571,
          0.7065234404816594,
          0.7894856037180207,
          0.21034414451039896,
          0.19753646574202,
          0.9869101122265465,
          0.7597809224324532,
          1.533297564859167,
          0.42009843865523977,
          0.6998134783099075,
          0.8350943919189687,
          1.238749031358388,
          1.001219819500304,
          0.057545650078756116
        ]
      ],
      "b_vector": [
        0.06010494563465057,
        0.2525338085978799,
        0.058959791761342285,
        0.16890043119609863,
        0.17239856495050274,
        0.21788357250152265,
        0.39518192358473786,
        0.3462280256626279,
        0.07821855497926113,
        0.4588518604995943,
        0.3617657364565932,
        0.1332759739963924,
        0.24078952699389425,
        0.3137969476680413,
        0.15045240327603707,
        0.0546735000181358
      ]
    }
  ],
  "shots": 2000,
  "backend": "sv1",
  "device_arn": "SV1",
  "aws_region": "eu-west-2",
  "ideal_preprocessing_list": [
    [
      [
        -2.8199368459391327,
        -1.989553223898474,
        -1.7570705552133308,
        -1.612694736738859,
        -1.3379479058977701,
        -0.7256363888479685,
        -0.5338378897621978,
        -0.26698065651160424,
        0.18880924460016127,
        0.453836341856056,
        0.5384520803502919,
        1.0054776459426318,
        1.433179089715077,
        1.5620591795058012,
        2.2104673157747574,
        16.825563560054746
      ],
      [
        0.1262272711445243,
        0.21064643815369605,
        0.032122689452378325,
        0.14528244767464682,
        0.05203967643027533,
        0.17795352673382425,
        0.19700197752093893,
        0.09507908433533746,
        0.027518923596496894,
        0.17117855111663496,
        0.1564647832005918,
        0.07273677645923349,
        0.11060602416698931,
        0.06932710570259291,
        0.05547310755284289,
        0.8691271713211546
      ]
    ]
  ],
  "probability_threshold": 0,
  "k_qubits": 5,
  "preprocessing_mode": "ideal",
  "projection_mode": "all_components",
  "projection_subset": null,
  "num_solution_qubits": 4,
  "num_projections": 16,
  "projector_basis_states": [
    0,
    1,
    2,
    3,
    4,
    5,
    6,
    7,
    8,
    9,
    10,
    11,
    12,
    13,
    14,
    15
  ],
  "enhanced_projection_results": [
    {
      "problem_index": 0,
      "projection_tasks": [
        {
          "basis_state": 0,
          "task_id": "arn:aws:braket:eu-west-2:380012739362:quantum-task/c0d95c3d-21ae-448e-b44c-509325948434",
          "status": "DONE",
          "shots": 2000,
          "created_at": "2025-12-22 19:04:48.453000+00:00",
          "ended_at": "2025-12-22 19:04:53.638000+00:00",
          "execution_time_seconds": 5.185,
          "counts": {
            "1110011000": 1,
            "0110000000": 231,
            "1010000000": 169,
            "1100000000": 65,
            "0111000000": 151,
            "0001000000": 90,
            "0011000000": 115,
            "1101000000": 204,
            "0000000000": 58,
            "1110000000": 133,
            "0010000001": 31,
            "1001000000": 261,
            "0100000000": 97,
            "0101000000": 67,
            "0010000000": 19,
            "0101000001": 9,
            "1100100000": 6,
            "0101100000": 5,
            "1100000001": 25,
            "1011000000": 42,
            "1000000000": 39,
            "1000000001": 4,
            "1101000001": 4,
            "0001000001": 7,
            "0110000001": 18,
            "1111010001": 3,
            "1011000001": 39,
            "0000100001": 2,
            "1000010001": 2,
            "1001000001": 33,
            "1111000000": 3,
            "1101010001": 1,
            "0000010001": 4,
            "0010010000": 1,
            "1111000001": 5,
            "0100100001": 1,
            "0100010001": 3,
            "1101011101": 1,
            "0100000001": 8,
            "1010001110": 1,
            "1010110001": 1,
            "0000000001": 4,
            "1100110001": 2,
            "0011100000": 2,
            "0000100000": 3,
            "1000100001": 3,
            "0000100100": 1,
            "1001100001": 5,
            "1101100001": 1,
            "0111100000": 1,
            "0000001000": 1,
            "1111100001": 1,
            "1101100000": 1,
            "1110100001": 1,
            "1001010000": 1,
            "0010100001": 1,
            "1001010001": 1,
            "1111111001": 1,
            "1110010001": 1,
            "1111101100": 1,
            "1000101001": 1,
            "1000110001": 1,
            "0000100101": 1,
            "0011000001": 1,
            "0010100000": 1,
            "1001010101": 1,
            "0101001001": 1,
            "0111010001": 1,
            "0000001001": 1
          },
          "component_probability": 0.05217391304347826,
          "success_rate": 0.115
        },
        {
          "basis_state": 1,
          "task_id": "arn:aws:braket:eu-west-2:380012739362:quantum-task/6b6169a0-7d76-483f-a773-d14675083d0c",
          "status": "DONE",
          "shots": 2000,
          "created_at": "2025-12-22 19:04:51.672000+00:00",
          "ended_at": "2025-12-22 19:04:56.472000+00:00",
          "execution_time_seconds": 4.8,
          "counts": {
            "0100000000": 72,
            "1001000000": 277,
            "1000100001": 3,
            "0011000000": 97,
            "0000000000": 69,
            "1101000000": 230,
            "0111000000": 184,
            "1110000000": 153,
            "1011000001": 27,
            "1010000000": 187,
            "0110000000": 221,
            "0101000000": 40,
            "1100110000": 1,
            "0101000001": 11,
            "1110000100": 1,
            "0010000000": 22,
            "0110000001": 24,
            "0010000001": 24,
            "1110010001": 1,
            "0100000001": 9,
            "0001000000": 92,
            "1001010001": 1,
            "0000011001": 1,
            "0111101001": 1,
            "1011000000": 35,
            "0000000001": 7,
            "1000000000": 35,
            "1001000001": 16,
            "1101000001": 2,
            "1100000000": 58,
            "1010100000": 1,
            "1100110001": 1,
            "1011100001": 4,
            "1100000001": 22,
            "0000100000": 6,
            "0001000001": 7,
            "0001101001": 1,
            "1001100001": 2,
            "1110011000": 1,
            "0110011100": 1,
            "0001100000": 1,
            "1100100000": 2,
            "1111000001": 6,
            "0011011111": 1,
            "1101100000": 5,
            "0000010001": 3,
            "0101100000": 3,
            "1000011001": 1,
            "1000000001": 4,
            "0000100001": 3,
            "1101100001": 1,
            "0100010001": 2,
            "1111000000": 2,
            "1111111001": 1,
            "0001110000": 1,
            "0100011000": 2,
            "1010000001": 2,
            "1101010001": 2,
            "1111100001": 1,
            "1010110001": 1,
            "1001001001": 1,
            "1000101001": 1,
            "0010100111": 1,
            "1111000101": 1,
            "1001000100": 1,
            "1100101000": 1,
            "1010010001": 1,
            "1111110000": 1,
            "0101111000": 1
          },
          "component_probability": 0.04060913705583756,
          "success_rate": 0.0985
        },
        {
          "basis_state": 2,
          "task_id": "arn:aws:braket:eu-west-2:380012739362:quantum-task/b3c3f10b-20f7-4c61-9f1d-430bbcd8b4f5",
          "status": "DONE",
          "shots": 2000,
          "created_at": "2025-12-22 19:04:54.841000+00:00",
          "ended_at": "2025-12-22 19:04:59.624000+00:00",
          "execution_time_seconds": 4.783,
          "counts": {
            "0100000000": 70,
            "0000000000": 62,
            "1101000000": 229,
            "1100000000": 69,
            "1001011111": 1,
            "0110000000": 198,
            "1011000001": 47,
            "0010000001": 23,
            "1001000000": 267,
            "1010000000": 184,
            "0010000000": 18,
            "0111000000": 155,
            "1100100000": 3,
            "0011000000": 106,
            "0101000000": 76,
            "0000000001": 4,
            "0001000000": 108,
            "1110000000": 117,
            "0110000001": 20,
            "1011010000": 1,
            "1010110001": 2,
            "1011000000": 44,
            "0100000001": 12,
            "0001000001": 9,
            "1000000000": 31,
            "0010100001": 1,
            "1100000001": 29,
            "0010010001": 1,
            "1001000001": 25,
            "0000100000": 5,
            "0111010000": 2,
            "1101000001": 7,
            "0100100001": 2,
            "1000000001": 5,
            "0101000001": 8,
            "1001100001": 5,
            "1111100001": 1,
            "0000100001": 6,
            "1000111001": 1,
            "1111000001": 5,
            "1111101001": 1,
            "0111110001": 1,
            "1100101001": 1,
            "1000100001": 4,
            "0101111001": 1,
            "1111100000": 2,
            "1110100001": 1,
            "1011100001": 1,
            "0110100000": 1,
            "0110000100": 1,
            "1110111001": 1,
            "1111000000": 1,
            "1000010001": 2,
            "0000010001": 1,
            "0101011001": 1,
            "1100110000": 1,
            "0010101001": 1,
            "0101100000": 1,
            "1101100000": 2,
            "0001000100": 1,
            "0101010001": 1,
            "1010000001": 3,
            "0000010000": 2,
            "0011100000": 1,
            "1001010001": 1,
            "0000001000": 1,
            "1111010001": 1,
            "0010100101": 1,
            "1111100010": 1,
            "1000010101": 1,
            "0010110000": 1,
            "1101100001": 1
          },
          "component_probability": 0.11297071129707113,
          "success_rate": 0.1195
        },
        {
          "basis_state": 3,
          "task_id": "arn:aws:braket:eu-west-2:380012739362:quantum-task/ae650a2e-6199-405d-98c9-06b19fc62f3b",
          "status": "DONE",
          "shots": 2000,
          "created_at": "2025-12-22 19:04:58.109000+00:00",
          "ended_at": "2025-12-22 19:05:03.251000+00:00",
          "execution_time_seconds": 5.142,
          "counts": {
            "1010000000": 183,
            "0010000001": 42,
            "0001000000": 84,
            "1001000000": 301,
            "1011000000": 43,
            "0110000000": 196,
            "0111000000": 147,
            "0100010001": 5,
            "1101000000": 226,
            "1000000000": 27,
            "0011000000": 103,
            "0000100001": 7,
            "1100000000": 66,
            "1110000000": 132,
            "1010100001": 1,
            "0100000000": 75,
            "0001000001": 8,
            "0111010000": 1,
            "0101000000": 59,
            "0010000000": 26,
            "0001100000": 2,
            "1100000001": 24,
            "0100000001": 8,
            "0000000000": 44,
            "1101000001": 9,
            "1011000001": 42,
            "0000100000": 7,
            "1000010001": 2,
            "0100100001": 3,
            "1001000001": 32,
            "1010000001": 5,
            "0101111001": 1,
            "1100100000": 6,
            "0110000001": 15,
            "0101000001": 10,
            "1100010000": 2,
            "0001010111": 1,
            "1011100001": 2,
            "1011000100": 1,
            "0000001000": 1,
            "1000011000": 1,
            "1000001001": 1,
            "0111110001": 1,
            "0110110001": 1,
            "1110100001": 1,
            "1000000001": 3,
            "1110010001": 1,
            "0000001001": 2,
            "1111000001": 6,
            "1100110001": 1,
            "1010110000": 1,
            "1000011001": 1,
            "0111000001": 1,
            "0000010001": 3,
            "1000100001": 4,
            "1010100000": 1,
            "0101100000": 2,
            "1010110001": 1,
            "0000000001": 1,
            "1001001001": 1,
            "1001010001": 3,
            "0101010000": 1,
            "1001011000": 1,
            "0100110001": 1,
            "0111100001": 1,
            "0110101001": 1,
            "0101011001": 1,
            "1011100000": 1,
            "1100110000": 1,
            "1101010001": 1,
            "1001100001": 2,
            "1100100001": 1,
            "0010101001": 1,
            "1101100001": 1
          },
          "component_probability": 0.0,
          "success_rate": 0.1295
        },
        {
          "basis_state": 4,
          "task_id": "arn:aws:braket:eu-west-2:380012739362:quantum-task/086de77a-7e53-4d24-b61f-2eaf0d42192c",
          "status": "DONE",
          "shots": 2000,
          "created_at": "2025-12-22 19:05:01.245000+00:00",
          "ended_at": "2025-12-22 19:05:07.247000+00:00",
          "execution_time_seconds": 6.002,
          "counts": {
            "1001000000": 309,
            "1110000000": 135,
            "0110000000": 200,
            "0011000000": 97,
            "1010000000": 184,
            "0110000001": 22,
            "0001000000": 102,
            "1001100001": 2,
            "1101000000": 224,
            "0111000000": 164,
            "0010000000": 21,
            "1011000001": 25,
            "1011000000": 33,
            "1111000001": 5,
            "0100000000": 83,
            "1100000000": 52,
            "0101000001": 17,
            "0010000001": 21,
            "0101000000": 61,
            "0001000001": 6,
            "0100001001": 1,
            "1100000001": 41,
            "0000000000": 55,
            "0100000001": 11,
            "1000000001": 6,
            "1001000001": 24,
            "1110010001": 1,
            "0000000001": 6,
            "0111010101": 2,
            "1000000000": 27,
            "1011100000": 1,
            "0000100001": 5,
            "1010000001": 3,
            "0100101000": 1,
            "0000100000": 5,
            "0001011001": 1,
            "0110011100": 1,
            "0001000110": 1,
            "0100010001": 3,
            "0010010000": 1,
            "0100110001": 1,
            "1101000001": 6,
            "1101100000": 2,
            "1101100001": 2,
            "0000010001": 2,
            "1001010001": 1,
            "1111100000": 1,
            "1100101000": 1,
            "1001010000": 1,
            "0111100001": 1,
            "1110100001": 2,
            "1111101001": 1,
            "1011010001": 2,
            "1111100001": 1,
            "0100100001": 1,
            "1000010001": 1,
            "1100110001": 1,
            "1010000100": 1,
            "0101001000": 1,
            "1010100000": 1,
            "0101100000": 2,
            "0010101001": 1,
            "0101010001": 1,
            "1100001001": 1,
            "0010000100": 1,
            "0000001001": 2,
            "0101000101": 1,
            "0101100001": 1,
            "1010111011": 1
          },
          "component_probability": 0.07327586206896551,
          "success_rate": 0.116
        },
        {
          "basis_state": 5,
          "task_id": "arn:aws:braket:eu-west-2:380012739362:quantum-task/05573284-18b5-440d-887a-3d478be56f80",
          "status": "DONE",
          "shots": 2000,
          "created_at": "2025-12-22 19:05:04.600000+00:00",
          "ended_at": "2025-12-22 19:05:09.548000+00:00",
          "execution_time_seconds": 4.948,
          "counts": {
            "1100000000": 67,
            "0110000000": 209,
            "1110000000": 140,
            "0011000000": 113,
            "0000000000": 65,
            "1101000000": 234,
            "0111000000": 142,
            "1001000000": 266,
            "1101100000": 2,
            "0010000000": 22,
            "0001000000": 84,
            "1100100000": 5,
            "1011000001": 27,
            "1110111001": 1,
            "1000000000": 22,
            "1010000000": 200,
            "0110000001": 22,
            "0100000000": 88,
            "1011100001": 2,
            "0101000000": 55,
            "1100000001": 22,
            "0010000001": 34,
            "1001000001": 17,
            "0000100001": 8,
            "1011000000": 44,
            "1000000001": 7,
            "1111000001": 7,
            "0000010001": 8,
            "0000100000": 5,
            "0100000001": 5,
            "1001100001": 1,
            "0010100000": 1,
            "1110000001": 2,
            "0001000001": 6,
            "0000000001": 6,
            "0100110101": 1,
            "1000111000": 1,
            "0101000001": 9,
            "0100100001": 1,
            "1000010000": 2,
            "1000100001": 2,
            "0100011000": 1,
            "1111000000": 2,
            "1101000001": 8,
            "1001010001": 2,
            "1100101000": 1,
            "1000010001": 1,
            "0101100000": 1,
            "1000010011": 1,
            "1010100111": 1,
            "1011000101": 1,
            "0001100000": 1,
            "0101010001": 4,
            "1010100001": 1,
            "1101101011": 1,
            "0100010001": 2,
            "1111011000": 1,
            "1110100100": 1,
            "0110100000": 1,
            "1100100111": 1,
            "0010011101": 1,
            "0110010001": 1,
            "0110110001": 1,
            "0101111000": 1,
            "1001000101": 1,
            "1010000001": 3,
            "1101100001": 1,
            "0111010011": 1,
            "1010010001": 1,
            "1010100000": 1,
            "1000101110": 1
          },
          "component_probability": 0.058823529411764705,
          "success_rate": 0.1105
        },
        {
          "basis_state": 6,
          "task_id": "arn:aws:braket:eu-west-2:380012739362:quantum-task/d4c73aa3-1541-4296-bccd-18ff58e0cb49",
          "status": "DONE",
          "shots": 2000,
          "created_at": "2025-12-22 19:05:07.753000+00:00",
          "ended_at": "2025-12-22 19:05:14.599000+00:00",
          "execution_time_seconds": 6.846,
          "counts": {
            "0100000000": 93,
            "0011000000": 99,
            "1010000000": 182,
            "0101000000": 65,
            "0110000000": 225,
            "1101000000": 227,
            "0110000001": 24,
            "0000000000": 56,
            "1110000000": 136,
            "1011000000": 52,
            "1000010101": 1,
            "1001000000": 259,
            "1101000001": 7,
            "0111000000": 148,
            "0001000000": 114,
            "1100000000": 56,
            "1011000001": 33,
            "0000010001": 1,
            "0010000001": 26,
            "0001000001": 6,
            "0010000000": 18,
            "0000000001": 4,
            "1000000000": 25,
            "0100000001": 11,
            "1001000001": 19,
            "1001000111": 1,
            "0101000001": 4,
            "1100000001": 31,
            "0000100000": 6,
            "1011100000": 3,
            "0010000100": 1,
            "1111010001": 4,
            "1001100001": 3,
            "0000100001": 3,
            "0101100000": 4,
            "1111000001": 4,
            "0100100001": 2,
            "1010000001": 4,
            "1000000001": 2,
            "0100010001": 2,
            "1101100001": 2,
            "1100100000": 6,
            "1110010011": 1,
            "0111100001": 1,
            "0000010111": 1,
            "0000011000": 1,
            "1011011001": 1,
            "1011100001": 1,
            "1110110100": 1,
            "0100101001": 1,
            "1010010101": 1,
            "0101100001": 1,
            "1011010001": 2,
            "1100010001": 1,
            "1100110000": 2,
            "1101010001": 1,
            "0101010001": 1,
            "0011100000": 1,
            "1000010011": 1,
            "1010100000": 1,
            "0101001001": 1,
            "0111000100": 1,
            "1111000000": 1,
            "1010100100": 1,
            "1001001001": 1,
            "1000001000": 1,
            "0000001001": 1,
            "1101100000": 1,
            "1000010001": 1,
            "0100111001": 1,
            "1000011100": 1
          },
          "component_probability": 0.11267605633802817,
          "success_rate": 0.1065
        },
        {
          "basis_state": 7,
          "task_id": "arn:aws:braket:eu-west-2:380012739362:quantum-task/b9e2a43e-034f-4c45-9824-6e01a2a9b294",
          "status": "DONE",
          "shots": 2000,
          "created_at": "2025-12-22 19:05:11.250000+00:00",
          "ended_at": "2025-12-22 19:05:16.264000+00:00",
          "execution_time_seconds": 5.014,
          "counts": {
            "1010000000": 185,
            "1101000000": 214,
            "1110000000": 142,
            "0001000000": 97,
            "1100000000": 82,
            "1100000001": 23,
            "1001000000": 298,
            "0111000000": 146,
            "0100000000": 82,
            "0110000000": 213,
            "0011000000": 103,
            "0100000001": 7,
            "0101000000": 50,
            "1011000001": 37,
            "0000000000": 60,
            "1011000000": 43,
            "1000000000": 28,
            "1101000001": 6,
            "0010000000": 24,
            "1001010001": 3,
            "0101000001": 9,
            "1000100101": 1,
            "0010000001": 20,
            "0110000001": 22,
            "0001000001": 10,
            "1001000001": 24,
            "1010011110": 1,
            "0000000001": 7,
            "1100110001": 1,
            "0000100001": 7,
            "1000000001": 3,
            "0000100000": 5,
            "1010000001": 1,
            "0000011001": 1,
            "1010110001": 3,
            "0111000001": 1,
            "1100100000": 3,
            "1000010001": 1,
            "1001111001": 1,
            "1111000001": 4,
            "0101100000": 3,
            "1001100001": 1,
            "0100100001": 3,
            "0010000101": 1,
            "1011100001": 1,
            "0010100110": 1,
            "1101100000": 1,
            "1010010000": 1,
            "1110011101": 1,
            "1111000000": 1,
            "1101100001": 1,
            "1000101001": 1,
            "1111010001": 1,
            "0100001001": 3,
            "1010100000": 2,
            "0001100000": 1,
            "0101011001": 1,
            "1000010101": 1,
            "1100111101": 1,
            "1000100001": 1,
            "1110111001": 1,
            "1011010100": 1,
            "1000111001": 1,
            "0111000110": 1,
            "1000011100": 1
          },
          "component_probability": 0.004739336492890996,
          "success_rate": 0.1055
        },
        {
          "basis_state": 8,
          "task_id": "arn:aws:braket:eu-west-2:380012739362:quantum-task/326fa368-fb09-4196-acd8-f5854803f53a",
          "status": "DONE",
          "shots": 2000,
          "created_at": "2025-12-22 19:05:14.402000+00:00",
          "ended_at": "2025-12-22 19:05:20.309000+00:00",
          "execution_time_seconds": 5.907,
          "counts": {
            "0101000000": 69,
            "1100000000": 57,
            "1101000000": 224,
            "1010000000": 194,
            "0110000000": 212,
            "0111000000": 171,
            "1110000000": 128,
            "0011000000": 102,
            "0010000001": 25,
            "1110000001": 1,
            "0101000001": 11,
            "0100000000": 93,
            "1001000000": 278,
            "1011000000": 38,
            "0001000000": 90,
            "1001000001": 33,
            "0000000001": 11,
            "0110000001": 15,
            "1101000001": 2,
            "1100000001": 27,
            "0000000000": 43,
            "0010000000": 15,
            "0101100000": 2,
            "1100101001": 1,
            "1011000001": 32,
            "1000000001": 7,
            "1000000000": 28,
            "0000010001": 4,
            "1100110000": 1,
            "0100001001": 1,
            "0110100000": 3,
            "1010100001": 1,
            "0001000001": 9,
            "1111000001": 4,
            "1100100000": 5,
            "0100000001": 6,
            "1100110001": 2,
            "1101100000": 3,
            "1101100001": 1,
            "1011100001": 3,
            "1111011001": 1,
            "0000100000": 5,
            "1011010111": 1,
            "0111100001": 1,
            "1011100000": 1,
            "1010110001": 2,
            "1111011101": 1,
            "1011010000": 1,
            "1010000001": 4,
            "0101000011": 1,
            "1000011100": 1,
            "0010000110": 1,
            "0011100000": 1,
            "0000011000": 1,
            "0100100111": 1,
            "0110100001": 1,
            "1001100001": 4,
            "0000100001": 3,
            "0000001000": 1,
            "1000010001": 2,
            "0101010001": 1,
            "1110001001": 1,
            "1100000101": 1,
            "1111000000": 1,
            "1000100001": 1,
            "1011011101": 1,
            "0000010000": 1,
            "1010100101": 1,
            "1000011001": 1,
            "0101011001": 1,
            "1001010001": 1,
            "1111101000": 1,
            "0100111001": 1,
            "1100111001": 1
          },
          "component_probability": 0.048034934497816595,
          "success_rate": 0.1145
        },
        {
          "basis_state": 9,
          "task_id": "arn:aws:braket:eu-west-2:380012739362:quantum-task/9fe11633-584b-4e7f-956c-d947d546ac87",
          "status": "DONE",
          "shots": 2000,
          "created_at": "2025-12-22 19:05:17.791000+00:00",
          "ended_at": "2025-12-22 19:05:22.687000+00:00",
          "execution_time_seconds": 4.896,
          "counts": {
            "1110000000": 142,
            "1011000000": 31,
            "0111000000": 151,
            "0110000001": 14,
            "0101000000": 68,
            "0110000000": 180,
            "0000000000": 65,
            "1010000000": 186,
            "0100100001": 4,
            "0010000001": 33,
            "1101000000": 227,
            "1100000000": 51,
            "1001000000": 298,
            "0001000000": 104,
            "0011000000": 102,
            "0100000000": 99,
            "1100100000": 4,
            "1101000001": 7,
            "0001000001": 7,
            "0100000001": 9,
            "1100000001": 26,
            "1011000001": 34,
            "1010100001": 3,
            "1001000001": 21,
            "0101000001": 9,
            "1011000101": 1,
            "1111100001": 2,
            "1110100001": 1,
            "0000100001": 6,
            "1000000000": 19,
            "1111000001": 5,
            "0010000000": 22,
            "0100110001": 3,
            "1001100001": 3,
            "0101100000": 2,
            "1000010001": 5,
            "1010100000": 2,
            "0000110101": 1,
            "0110110001": 3,
            "0010011101": 1,
            "1001010000": 1,
            "0000010001": 1,
            "1110100000": 1,
            "1000000001": 5,
            "0000000001": 8,
            "0111101100": 1,
            "0000100000": 3,
            "1010010100": 1,
            "0100010001": 3,
            "0111010101": 1,
            "0110010101": 1,
            "1010000001": 3,
            "1110000001": 1,
            "1001010001": 1,
            "0101110100": 1,
            "0001100000": 1,
            "1100110001": 1,
            "0101011000": 2,
            "1011100001": 1,
            "1101100000": 1,
            "0010010000": 1,
            "1111111001": 2,
            "0000001000": 1,
            "1111111101": 1,
            "1100110000": 1,
            "1111100000": 1,
            "1100010000": 1,
            "1000100001": 1,
            "0101011001": 1,
            "0101111001": 1
          },
          "component_probability": 0.10869565217391304,
          "success_rate": 0.115
        },
        {
          "basis_state": 10,
          "task_id": "arn:aws:braket:eu-west-2:380012739362:quantum-task/2aa5563a-4002-45b1-a499-515f686bdc57",
          "status": "DONE",
          "shots": 2000,
          "created_at": "2025-12-22 19:05:20.923000+00:00",
          "ended_at": "2025-12-22 19:05:26.713000+00:00",
          "execution_time_seconds": 5.79,
          "counts": {
            "1001000000": 265,
            "0011000000": 94,
            "1000000000": 23,
            "1010000000": 186,
            "0001000000": 96,
            "1001000001": 23,
            "1110000000": 128,
            "0110000000": 211,
            "1101000000": 233,
            "1000010001": 2,
            "1011100000": 1,
            "0101000000": 63,
            "0111000000": 157,
            "1100100111": 1,
            "0100000000": 85,
            "0000000000": 69,
            "1100000001": 33,
            "0100000001": 4,
            "1100000000": 66,
            "1010000001": 8,
            "1101000001": 7,
            "1011000000": 37,
            "0010000001": 36,
            "1000110101": 2,
            "1011000001": 34,
            "0101100000": 2,
            "0000100000": 9,
            "1111000000": 2,
            "0010000000": 12,
            "0001000001": 8,
            "1110001001": 1,
            "0100110001": 1,
            "0101000001": 9,
            "0100011000": 1,
            "0101010001": 1,
            "0010010001": 1,
            "0110000001": 17,
            "1000000001": 7,
            "1011100001": 2,
            "0000010001": 3,
            "0111000001": 2,
            "1001100001": 1,
            "1001010001": 2,
            "1000001001": 1,
            "0010100000": 1,
            "1101100000": 1,
            "1111000001": 8,
            "0000100001": 5,
            "0010010000": 1,
            "0100001001": 1,
            "0000000001": 4,
            "0001111001": 1,
            "0000001001": 1,
            "0111110000": 1,
            "1100010000": 2,
            "0100010001": 3,
            "1010100101": 1,
            "1111010001": 2,
            "1101101111": 1,
            "1101100001": 1,
            "1110011100": 1,
            "1001001001": 1,
            "0001100000": 1,
            "0000001000": 2,
            "0110000101": 1,
            "1011001001": 1,
            "0101110000": 1,
            "1101001101": 1,
            "1000100001": 2,
            "1101100101": 1,
            "1101010000": 1,
            "1100110000": 1,
            "0111100000": 1,
            "1111100001": 1,
            "1100100000": 2,
            "0100100001": 1,
            "0000000110": 1
          },
          "component_probability": 0.037037037037037035,
          "success_rate": 0.1215
        },
        {
          "basis_state": 11,
          "task_id": "arn:aws:braket:eu-west-2:380012739362:quantum-task/1429d83f-982b-4658-9b6d-91f42811fc96",
          "status": "DONE",
          "shots": 2000,
          "created_at": "2025-12-22 19:05:24.526000+00:00",
          "ended_at": "2025-12-22 19:05:29.632000+00:00",
          "execution_time_seconds": 5.106,
          "counts": {
            "0001000000": 78,
            "0100000000": 82,
            "1101000000": 226,
            "1100000000": 53,
            "0110000000": 215,
            "1110000000": 144,
            "0111000000": 150,
            "1010000000": 211,
            "0000100000": 7,
            "1011000001": 40,
            "0011000000": 110,
            "0000000000": 50,
            "1001000000": 277,
            "0110000001": 24,
            "0100000001": 14,
            "0000010001": 1,
            "0010000001": 38,
            "1011000000": 42,
            "1100000001": 21,
            "1000010001": 2,
            "0101000000": 59,
            "0101100000": 6,
            "1000000000": 27,
            "1000100001": 3,
            "1001000001": 29,
            "0100010001": 6,
            "0001000001": 5,
            "0101000001": 3,
            "0000011001": 1,
            "0010000000": 6,
            "0100100001": 4,
            "1101000001": 8,
            "1100011111": 1,
            "0000100001": 7,
            "1111000000": 2,
            "1111000001": 6,
            "1110100001": 1,
            "1000000001": 2,
