{
  "problem_list": [
    {
      "A_matrix": [
        [
          0.3863286357709348,
          1.1200829547288604,
          1.3994063742502618,
          1.1808340096424246,
          0.9923029033683394,
          0.09835854890167905,
          0.5135356650313515,
          1.6093785794157989,
          1.4401002947277868,
          0.6313658315570019,
          1.4149174021238409,
          0.47189749468657316,
          1.3156549982235264,
          1.1904797626153012,
          0.7948464618165331,
          1.4013847683741787
        ],
        [
          1.1200829547288604,
          0.6383022300577907,
          1.4169040609892238,
          0.6916715957517483,
          1.0632065611782981,
          1.007662396306975,
          0.5785777877634313,
          0.8974203603547373,
          1.044561895664428,
          0.5855666332064471,
          1.3342063099758024,
          1.226078669751185,
          0.18292695074966436,
          1.4640150733296453,
          0.826855058005496,
          1.348847526301285
        ],
        [
          1.3994063742502618,
          1.4169040609892238,
          0.9724239824498113,
          1.1808264314030539,
          0.9212077642165145,
          1.0562098059589307,
          1.1970453157937033,
          0.8171632508945161,
          1.4042196246726335,
          1.4417612011929528,
          0.5920571554376841,
          0.9271511045126237,
          1.1913558597136173,
          1.1902667974758927,
          1.2152324580508145,
          0.9124858509604058
        ],
        [
          1.1808340096424246,
          0.6916715957517483,
          1.1808264314030539,
          1.44801849021752,
          1.5969119455097454,
          0.49877455601671483,
          1.0457483473055997,
          0.8911998244868445,
          1.023073380886994,
          1.3430068480890114,
          0.3769025174607453,
          0.6933064471310029,
          0.41909030520341517,
          1.682456293221192,
          1.726649810786717,
          1.5902050945878123
        ],
        [
          0.9923029033683394,
          1.0632065611782981,
          0.9212077642165145,
          1.5969119455097454,
          1.6421794462268187,
          0.9366658704761964,
          0.5148918593964683,
          0.7207255639189855,
          0.7983311202134419,
          0.41527732651580895,
          0.2934329370751433,
          0.4389039483742796,
          0.45182903808074404,
          1.1169867962659699,
          0.872493282581812,
          1.3802185628984383
        ],
        [
          0.09835854890167905,
          1.007662396306975,
          1.0562098059589307,
          0.49877455601671483,
          0.9366658704761964,
          1.9242487715731305,
          0.8965505658707762,
          0.7351171128862394,
          1.1581679901570108,
          0.939192857902517,
          1.8950205094647021,
          1.632768565837518,
          0.4920998151574353,
          0.9244983085623564,
          0.677188297560405,
          1.3076391964357448
        ],
        [
          0.5135356650313515,
          0.5785777877634313,
          1.1970453157937033,
          1.0457483473055997,
          0.5148918593964683,
          0.8965505658707762,
          0.21024442377150887,
          1.2810169406985579,
          0.9771902351854364,
          0.4892323756308967,
          0.3340165441976479,
          0.5820818141974781,
          1.6465696535875387,
          1.0654473219180995,
          0.8773080091882896,
          1.2741659846703297
        ],
        [
          1.6093785794157989,
          0.8974203603547373,
          0.8171632508945161,
          0.8911998244868445,
          0.7207255639189855,
          0.7351171128862394,
          1.2810169406985579,
          0.2581200871602676,
          1.3665095534173524,
          1.274967485106496,
          0.9705836272499724,
          0.2661501802110674,
          1.341333675938453,
          0.573224541650373,
          1.41895968433044,
          1.2333177539312805
        ],
        [
          1.4401002947277868,
          1.044561895664428,
          1.4042196246726335,
          1.023073380886994,
          0.7983311202134419,
          1.1581679901570108,
          0.9771902351854364,
          1.3665095534173524,
          1.6804713318282227,
          1.6649128267192081,
          1.3457896133063278,
          1.815661910876607,
          1.0653506769561834,
          0.5303384953788058,
          0.7853781558259282,
          1.7195377658694873
        ],
        [
          0.6313658315570019,
          0.5855666332064471,
          1.4417612011929528,
          1.3430068480890114,
          0.41527732651580895,
          0.939192857902517,
          0.4892323756308967,
          1.274967485106496,
          1.6649128267192081,
          0.2472900027186149,
          1.0559009499454224,
          0.9418832271430372,
          1.209635181795361,
          0.9615090102364073,
          1.3190000206515666,
          1.660951326935958
        ],
        [
          1.4149174021238409,
          1.3342063099758024,
          0.5920571554376841,
          0.3769025174607453,
          0.2934329370751433,
          1.8950205094647021,
          0.3340165441976479,
          0.9705836272499724,
          1.3457896133063278,
          1.0559009499454224,
          1.652748076337096,
          0.6631019758899986,
          0.8554208294963311,
          0.7590054684016475,
          1.6090805735452007,
          1.082523128048614
        ],
        [
          0.47189749468657316,
          1.226078669751185,
          0.9271511045126237,
          0.6933064471310029,
          0.4389039483742796,
          1.632768565837518,
          0.5820818141974781,
          0.2661501802110674,
          1.815661910876607,
          0.9418832271430372,
          0.6631019758899986,
          0.5483739217250057,
          0.46410705855723844,
          1.072753754662684,
          1.169539858505406,
          0.7889151226661419
        ],
        [
          1.3156549982235264,
          0.18292695074966436,
          1.1913558597136173,
          0.41909030520341517,
          0.45182903808074404,
          0.4920998151574353,
          1.6465696535875387,
          1.341333675938453,
          1.0653506769561834,
          1.209635181795361,
          0.8554208294963311,
          0.46410705855723844,
          0.15155710076440676,
          1.5843748847830668,
          0.7586156744683467,
          1.1062003055171497
        ],
        [
          1.1904797626153012,
          1.4640150733296453,
          1.1902667974758927,
          1.682456293221192,
          1.1169867962659699,
          0.9244983085623564,
          1.0654473219180995,
          0.573224541650373,
          0.5303384953788058,
          0.9615090102364073,
          0.7590054684016475,
          1.072753754662684,
          1.5843748847830668,
          1.7315806928288515,
          1.5429995604719333,
          0.7358848887691101
        ],
        [
          0.7948464618165331,
          0.826855058005496,
          1.2152324580508145,
          1.726649810786717,
          0.872493282581812,
          0.677188297560405,
          0.8773080091882896,
          1.41895968433044,
          0.7853781558259282,
          1.3190000206515666,
          1.6090805735452007,
          1.169539858505406,
          0.7586156744683467,
          1.5429995604719333,
          0.6253829404972537,
          0.6091557503769246
        ],
        [
          1.4013847683741787,
          1.348847526301285,
          0.9124858509604058,
          1.5902050945878123,
          1.3802185628984383,
          1.3076391964357448,
          1.2741659846703297,
          1.2333177539312805,
          1.7195377658694873,
          1.660951326935958,
          1.082523128048614,
          0.7889151226661419,
          1.1062003055171497,
          0.7358848887691101,
          0.6091557503769246,
          0.7690903900484982
        ]
      ],
      "b_vector": [
        0.239867472304806,
        0.400283550872352,
        0.0437855202225735,
        0.23462542935554923,
        0.2011250287134876,
        0.2296739228681504,
        0.12159193510805776,
        0.00422128290044485,
        0.3698740218719901,
        0.2680252837150702,
        0.2753966844781013,
        0.31954164473910057,
        0.322304043605964,
        0.14998202450185216,
        0.31356878950861683,
        0.07727983924451906
      ]
    }
  ],
  "shots": 2000,
  "backend": "sv1",
  "device_arn": "SV1",
  "aws_region": "eu-west-2",
  "ideal_preprocessing_list": [
    [
      [
        -2.613591494243023,
        -2.348525917764837,
        -2.0016805551882157,
        -1.3431149794032844,
        -1.087866702535881,
        -0.775332001879855,
        -0.4249390364250557,
        -0.2853256398230641,
        -0.08239975619967214,
        0.723535712117894,
        0.8252715902468242,
        1.2283564457892044,
        1.5832226686067978,
        2.063445396123046,
        2.980622194595722,
        16.44468259995913
      ],
      [
        0.25179743368635227,
        0.16229311999068202,
        0.1833354823230779,
        0.03864408563184736,
        0.10850466972421763,
        0.020495178268017056,
        0.017840972361422652,
        0.11479398061472146,
        0.11865181944712704,
        0.0941413543142548,
        0.13498811315078763,
        0.019054839433502502,
        0.03667447498619915,
        0.07849159598374653,
        0.13740133584124598,
        0.8840552335124181
      ]
    ]
  ],
  "probability_threshold": 0,
  "k_qubits": 5,
  "preprocessing_mode": "ideal",
  "projection_mode": "all_components",
  "projection_subset": null,
  "num_solution_qubits": 4,
  "num_projections": 16,
  "projector_basis_states": [
    0,
    1,
    2,
    3,
    4,
    5,
    6,
    7,
    8,
    9,
    10,
    11,
    12,
    13,
    14,
    15
  ],
  "enhanced_projection_results": [
    {
      "problem_index": 0,
      "projection_tasks": [
        {
          "basis_state": 0,
          "task_id": "arn:aws:braket:eu-west-2:380012739362:quantum-task/da68d351-47f6-484f-a1ec-df7a83102e1c",
          "status": "DONE",
          "shots": 2000,
          "created_at": "2025-12-22 19:08:01.687000+00:00",
          "ended_at": "2025-12-22 19:08:06.434000+00:00",
          "execution_time_seconds": 4.747,
          "counts": {
            "1000000000": 240,
            "1110000000": 235,
            "0101000000": 126,
            "0000000000": 122,
            "1001000000": 154,
            "0001000000": 349,
            "1101000001": 4,
            "1100000000": 178,
            "0110000000": 31,
            "1101000000": 11,
            "1010000000": 130,
            "0011000000": 106,
            "1011000000": 153,
            "0010000000": 32,
            "0100000000": 64,
            "0010000001": 16,
            "1011100000": 1,
            "1100110001": 1,
            "1000000001": 1,
            "0010100000": 3,
            "1101101000": 1,
            "1111000000": 12,
            "1000100001": 2,
            "0100000111": 1,
            "0100000001": 2,
            "0101100001": 1,
            "1111100000": 2,
            "0000011001": 1,
            "1011000001": 3,
            "0110110000": 1,
            "1100000001": 4,
            "1111110001": 1,
            "0001100101": 1,
            "0100110000": 1,
            "1000111000": 1,
            "1000100000": 1,
            "0100100001": 1,
            "0010000110": 1,
            "0010011001": 1,
            "0111100000": 1,
            "1111100110": 1,
            "1001000001": 1,
            "0010100100": 1,
            "0010100101": 1
          },
          "component_probability": 0.023809523809523808,
          "success_rate": 0.021
        },
        {
          "basis_state": 1,
          "task_id": "arn:aws:braket:eu-west-2:380012739362:quantum-task/d2e59c41-0f23-4d8f-94e1-bc7f76112bf4",
          "status": "DONE",
          "shots": 2000,
          "created_at": "2025-12-22 19:08:05.354000+00:00",
          "ended_at": "2025-12-22 19:08:11.955000+00:00",
          "execution_time_seconds": 6.601,
          "counts": {
            "1011000000": 134,
            "1110000000": 206,
            "0011000000": 135,
            "1000000000": 203,
            "1001110001": 1,
            "0000000000": 102,
            "1100000000": 196,
            "0001000000": 362,
            "1010000000": 143,
            "0101000000": 115,
            "1001000000": 170,
            "0010100000": 2,
            "0010000000": 36,
            "1111000000": 10,
            "1101000000": 24,
            "0010000001": 22,
            "0110000000": 41,
            "0100000000": 52,
            "0001000001": 3,
            "0010010001": 1,
            "0110101001": 1,
            "0011100101": 1,
            "0010100001": 2,
            "1100000001": 3,
            "0110000001": 1,
            "1011000001": 5,
            "0100100000": 1,
            "0011000001": 2,
            "1000000001": 2,
            "1011100001": 1,
            "0001110000": 1,
            "1010011100": 1,
            "1100000100": 1,
            "0110010000": 1,
            "1100100000": 1,
            "0100000001": 1,
            "1000100000": 2,
            "0101100111": 1,
            "1001001111": 1,
            "1101001101": 1,
            "0011110001": 2,
            "1001110000": 1,
            "1110000001": 1,
            "1010111100": 1,
            "0010000111": 1,
            "1010000100": 1,
            "0101100000": 1,
            "0101001100": 1,
            "1110100111": 1,
            "1101000001": 1,
            "0011100001": 1
          },
          "component_probability": 0.05357142857142857,
          "success_rate": 0.028
        },
        {
          "basis_state": 2,
          "task_id": "arn:aws:braket:eu-west-2:380012739362:quantum-task/958cad0e-24e3-4313-8bc1-808ae4e7d342",
          "status": "DONE",
          "shots": 2000,
          "created_at": "2025-12-22 19:08:08.703000+00:00",
          "ended_at": "2025-12-22 19:08:13.747000+00:00",
          "execution_time_seconds": 5.044,
          "counts": {
            "0001000000": 371,
            "1110000000": 194,
            "1010000000": 146,
            "0101000000": 111,
            "1100000000": 202,
            "1111000000": 8,
            "0000000000": 104,
            "0010000000": 38,
            "1011000000": 163,
            "0010000001": 22,
            "1000000000": 212,
            "1001000000": 173,
            "0010100101": 1,
            "0110000000": 38,
            "0011000000": 97,
            "1000000001": 7,
            "0100000000": 67,
            "1101000000": 13,
            "1110100001": 1,
            "1100000001": 4,
            "1101000001": 1,
            "0111110001": 2,
            "0100100001": 1,
            "1001100001": 1,
            "1000100000": 1,
            "1001001100": 1,
            "0101010001": 1,
            "1111000111": 1,
            "0111011000": 1,
            "0010100000": 1,
            "0010100001": 1,
            "1100000111": 1,
            "1100101100": 1,
            "0101000001": 1,
            "1011000001": 1,
            "0101100000": 1,
            "0100100000": 1,
            "0100000001": 1,
            "0100101001": 1,
            "1111110000": 1,
            "1100110000": 1,
            "0101100001": 1,
            "0100000100": 1,
            "1111101000": 1,
            "1000111000": 1,
            "1001000001": 1,
            "1011010000": 1
          },
          "component_probability": 0.48,
          "success_rate": 0.025
        },
        {
          "basis_state": 3,
          "task_id": "arn:aws:braket:eu-west-2:380012739362:quantum-task/f0870e57-0a44-41a9-8b92-d00822d5a5d5",
          "status": "DONE",
          "shots": 2000,
          "created_at": "2025-12-22 19:08:11.836000+00:00",
          "ended_at": "2025-12-22 19:08:16.859000+00:00",
          "execution_time_seconds": 5.023,
          "counts": {
            "1001000000": 166,
            "1010000000": 158,
            "0001000000": 330,
            "1100000000": 193,
            "1011000000": 131,
            "0101000000": 138,
            "0110000000": 35,
            "1110000000": 210,
            "0011000000": 119,
            "1000000000": 204,
            "0000000000": 119,
            "1111000000": 17,
            "0100000000": 69,
            "1101100100": 1,
            "1100000001": 3,
            "0110010000": 2,
            "0010000001": 14,
            "1101000000": 24,
            "1111100110": 1,
            "1011000001": 5,
            "0001000001": 1,
            "0010100000": 2,
            "0010100100": 1,
            "0010000000": 27,
            "1001110001": 1,
            "0010010100": 1,
            "1000000001": 6,
            "0001100111": 1,
            "0001100000": 1,
            "1000100000": 1,
            "0100010000": 1,
            "0100110000": 1,
            "0001110110": 1,
            "0000110100": 1,
            "0110000110": 1,
            "1010000110": 1,
            "1101000001": 2,
            "0010100001": 1,
            "0111110001": 2,
            "0111110000": 1,
            "1000100001": 1,
            "0100000001": 1,
            "0101100001": 1,
            "0010001000": 1,
            "1010000001": 1,
            "1001000111": 1,
            "0100010001": 1
          },
          "component_probability": 0.0,
          "success_rate": 0.021
        },
        {
          "basis_state": 4,
          "task_id": "arn:aws:braket:eu-west-2:380012739362:quantum-task/172eada2-049f-46a1-ac8b-06e1c132f5ab",
          "status": "DONE",
          "shots": 2000,
          "created_at": "2025-12-22 19:08:15+00:00",
          "ended_at": "2025-12-22 19:08:21.546000+00:00",
          "execution_time_seconds": 6.546,
          "counts": {
            "1001000000": 193,
            "0100000000": 58,
            "1100000000": 178,
            "1011000000": 146,
            "0001000000": 339,
            "1101000000": 28,
            "1110000000": 202,
            "0000000000": 107,
            "0011000000": 122,
            "1010000000": 167,
            "0101000000": 132,
            "1000000000": 199,
            "0010000001": 18,
            "0010000000": 28,
            "0110010000": 1,
            "0110000000": 35,
            "1111010000": 1,
            "1111000000": 16,
            "0111110001": 1,
            "1000100001": 1,
            "1100000001": 4,
            "1011100000": 2,
            "1101100101": 1,
            "0011110100": 1,
            "0001100101": 1,
            "1101000001": 3,
            "0100100000": 1,
            "0001000001": 1,
            "1011000001": 3,
            "1000111000": 1,
            "0001110101": 1,
            "1101001011": 1,
            "0100110000": 1,
            "0100010000": 2,
            "0101010101": 1,
            "0000100110": 1,
            "0110010001": 1,
            "1000000001": 1,
            "1010100110": 1
          },
          "component_probability": 0.0,
          "success_rate": 0.019
        },
        {
          "basis_state": 5,
          "task_id": "arn:aws:braket:eu-west-2:380012739362:quantum-task/44e880e0-f7c7-4681-aaf3-b051e6650bea",
          "status": "DONE",
          "shots": 2000,
          "created_at": "2025-12-22 19:08:18.417000+00:00",
          "ended_at": "2025-12-22 19:08:23.333000+00:00",
          "execution_time_seconds": 4.916,
          "counts": {
            "0001000000": 380,
            "0011000000": 115,
            "0110000000": 40,
            "1001000000": 179,
            "1100000000": 205,
            "1011000000": 178,
            "0101000000": 112,
            "1110000000": 194,
            "1000000000": 167,
            "0000000000": 121,
            "1010000000": 131,
            "0111000111": 1,
            "0010000000": 34,
            "0100000000": 58,
            "0011010000": 1,
            "0010100001": 1,
            "0101000001": 2,
            "1101000000": 20,
            "0010101001": 1,
            "0010000001": 15,
            "1111000000": 12,
            "1001110000": 1,
            "1011000001": 2,
            "0110011001": 1,
            "0010100000": 3,
            "0100110001": 1,
            "1100000001": 6,
            "0101110001": 1,
            "1101000001": 5,
            "1000110100": 1,
            "0100100000": 1,
            "0100000001": 1,
            "0111010001": 1,
            "0111000100": 1,
            "1001001001": 1,
            "0001000001": 1,
            "1010000111": 1,
            "0100010000": 1,
            "0110101001": 1,
            "0111100100": 1,
            "1000100100": 1,
            "0101100101": 1
          },
          "component_probability": 0.09302325581395349,
          "success_rate": 0.0215
        },
        {
          "basis_state": 6,
          "task_id": "arn:aws:braket:eu-west-2:380012739362:quantum-task/88abd1ac-d416-4bfc-a1b0-748ca55819c6",
          "status": "DONE",
          "shots": 2000,
          "created_at": "2025-12-22 19:08:21.585000+00:00",
          "ended_at": "2025-12-22 19:08:27.912000+00:00",
          "execution_time_seconds": 6.327,
          "counts": {
            "1011000000": 139,
            "0010000000": 27,
            "1010000000": 157,
            "1001000000": 177,
            "1000000000": 202,
            "0001000000": 385,
            "1110000000": 186,
            "1100000000": 204,
            "0101000000": 125,
            "1011100000": 3,
            "0011000000": 119,
            "0000000000": 96,
            "0100000001": 5,
            "0100000000": 65,
            "0010000001": 16,
            "0110000000": 22,
            "1101000000": 24,
            "1001100000": 1,
            "1010100100": 1,
            "1001110000": 1,
            "0010100001": 1,
            "1100000001": 2,
            "0011000001": 1,
            "0001000001": 2,
            "1011000001": 3,
            "1000000001": 3,
            "1011100001": 3,
            "0101100000": 1,
            "0111010000": 1,
            "1111000000": 12,
            "0011010000": 1,
            "0010100000": 1,
            "1010100111": 1,
            "1001000001": 1,
            "1100110001": 2,
            "1001100101": 1,
            "1000100000": 1,
            "1101000001": 1,
            "1100010000": 1,
            "1111100000": 1,
            "1000100001": 1,
            "0110110001": 2,
            "1000110001": 1,
            "0010101001": 1
          },
          "component_probability": 0.0425531914893617,
          "success_rate": 0.0235
        },
        {
          "basis_state": 7,
          "task_id": "arn:aws:braket:eu-west-2:380012739362:quantum-task/7fa3bb46-3703-4437-898a-d59602f4979b",
          "status": "DONE",
          "shots": 2000,
          "created_at": "2025-12-22 19:08:24.852000+00:00",
          "ended_at": "2025-12-22 19:08:30.010000+00:00",
          "execution_time_seconds": 5.158,
          "counts": {
            "1011000000": 162,
            "0011000000": 139,
            "0010000000": 31,
            "1010000000": 133,
            "0000000000": 108,
            "0001000000": 375,
            "1110000000": 196,
            "1100000000": 186,
            "1000000000": 201,
            "1001000000": 164,
            "1100110001": 1,
            "0110011001": 1,
            "1011000001": 4,
            "0101000000": 124,
            "1101000000": 22,
            "0010000001": 19,
            "0100000000": 50,
            "0110000000": 31,
            "1100000001": 4,
            "0011010101": 1,
            "1000100001": 1,
            "0110110001": 1,
            "0000100000": 1,
            "1111000000": 10,
            "1000000001": 6,
            "1101000001": 2,
            "0010010000": 2,
            "1001110001": 1,
            "1110100100": 1,
            "0100110001": 1,
            "0010101110": 1,
            "1111100000": 1,
            "0011100001": 1,
            "0010100000": 2,
            "1110100110": 1,
            "0000010000": 1,
            "1000100000": 3,
            "1000010001": 1,
            "0111010001": 1,
            "0010000110": 1,
            "0110000001": 1,
            "0001000001": 2,
            "0001100000": 1,
            "1110100000": 1,
            "0101000111": 1,
            "0010110001": 1,
            "1001000001": 1,
            "0000100100": 1
          },
          "component_probability": 0.0196078431372549,
          "success_rate": 0.0255
        },
        {
          "basis_state": 8,
          "task_id": "arn:aws:braket:eu-west-2:380012739362:quantum-task/0e8b1645-2d4e-431c-9699-6851e94d50ba",
          "status": "DONE",
          "shots": 2000,
          "created_at": "2025-12-22 19:08:28.213000+00:00",
          "ended_at": "2025-12-22 19:08:34.077000+00:00",
          "execution_time_seconds": 5.864,
          "counts": {
            "0011000000": 147,
            "1001000000": 169,
            "1110000000": 196,
            "0000000000": 121,
            "0110000000": 30,
            "0001000000": 366,
            "1010000000": 142,
            "1011000000": 142,
            "1101000000": 29,
            "1000000000": 204,
            "0101000000": 123,
            "0100000000": 61,
            "1100000000": 170,
            "0010000001": 28,
            "0010000000": 30,
            "0010001001": 1,
            "1101100101": 1,
            "1001100001": 1,
            "1101000001": 2,
            "0001000001": 2,
            "1100000001": 3,
            "1111100000": 1,
            "0011001101": 1,
            "1111000000": 6,
            "0001010000": 1,
            "1000000001": 3,
            "1011100000": 2,
            "0101110001": 1,
            "1000100001": 1,
            "1000100000": 1,
            "0110011001": 1,
            "1111100100": 1,
            "0011110001": 1,
            "0011010101": 1,
            "1011000001": 1,
            "1001110000": 1,
            "0100000001": 2,
            "1000000110": 1,
            "1110001001": 1,
            "0001100001": 1,
            "0010010001": 1,
            "0011010000": 1,
            "1001110001": 1,
            "1001000001": 1
          },
          "component_probability": 0.07272727272727272,
          "success_rate": 0.0275
        },
        {
          "basis_state": 9,
          "task_id": "arn:aws:braket:eu-west-2:380012739362:quantum-task/b02bc7bf-b14a-4089-8ae7-d8bb35e5ae8a",
          "status": "DONE",
          "shots": 2000,
          "created_at": "2025-12-22 19:08:31.953000+00:00",
          "ended_at": "2025-12-22 19:08:37.050000+00:00",
          "execution_time_seconds": 5.097,
          "counts": {
            "1000000000": 206,
            "1110000000": 207,
            "1111000111": 1,
            "1100000000": 169,
            "0101000000": 124,
            "1101000000": 29,
            "0011000000": 129,
            "0000000000": 112,
            "1011000000": 158,
            "0001000000": 369,
            "0010000001": 15,
            "1010000000": 146,
            "0110000000": 35,
            "0011010000": 1,
            "0100000000": 70,
            "1011100001": 1,
            "1001000000": 149,
            "0010000000": 28,
            "0100000001": 1,
            "0100100000": 3,
            "1111000000": 10,
            "1100000001": 9,
            "0100101001": 1,
            "0100110001": 1,
            "1111010000": 1,
            "0010100000": 2,
            "1101000110": 1,
            "0011010101": 1,
            "0001100000": 2,
            "1001000001": 1,
            "0001000001": 1,
            "1000100001": 2,
            "1110100001": 1,
            "1111000110": 1,
            "1001010000": 1,
            "0011000001": 1,
            "0011100001": 1,
            "1101000001": 1,
            "1000100000": 1,
            "1001100000": 1,
            "0010010000": 1,
            "0101110001": 1,
            "1000000001": 1,
            "0111000000": 1,
            "1011000001": 1,
            "0010101001": 1,
            "0101011001": 1
          },
          "component_probability": 0.023255813953488372,
          "success_rate": 0.0215
        },
        {
          "basis_state": 10,
          "task_id": "arn:aws:braket:eu-west-2:380012739362:quantum-task/fab89ec4-a34c-423b-a4d9-5068e0370495",
          "status": "DONE",
          "shots": 2000,
          "created_at": "2025-12-22 19:08:35.095000+00:00",
          "ended_at": "2025-12-22 19:08:41.161000+00:00",
          "execution_time_seconds": 6.066,
          "counts": {
            "1110000000": 215,
            "0000000000": 98,
            "1011000000": 151,
            "0101000000": 126,
            "0001000000": 345,
            "0100000000": 74,
            "1010000000": 159,
            "1000000000": 206,
            "1001000000": 160,
            "0110000000": 41,
            "0011000000": 113,
            "0010000000": 43,
            "0001000001": 3,
            "0010000001": 22,
            "1100000000": 172,
            "1001100000": 3,
            "1101000000": 18,
            "1100000001": 7,
            "1111000000": 11,
            "1001110000": 1,
            "1000000001": 5,
            "1011100001": 1,
            "1010100111": 2,
            "1101000001": 2,
            "1100100110": 1,
            "0010100001": 1,
            "1000000111": 1,
            "0010100000": 2,
            "1100000101": 1,
            "1000100000": 2,
            "0111000000": 1,
            "0100010000": 1,
            "0100000001": 1,
            "1011000001": 2,
            "1001101100": 1,
            "1010100101": 1,
            "0111010101": 1,
            "0101011001": 1,
            "0111110000": 1,
            "1110110101": 1,
            "0101000001": 1,
            "0001100000": 1,
            "0110010000": 1
          },
          "component_probability": 0.05660377358490566,
          "success_rate": 0.0265
        },
        {
          "basis_state": 11,
          "task_id": "arn:aws:braket:eu-west-2:380012739362:quantum-task/b1b72186-2477-41b5-b9fc-cefa1278ee4c",
          "status": "DONE",
          "shots": 2000,
          "created_at": "2025-12-22 19:08:38.304000+00:00",
          "ended_at": "2025-12-22 19:08:43.404000+00:00",
          "execution_time_seconds": 5.1,
          "counts": {
            "1001000000": 158,
            "1000000000": 226,
            "0001000000": 350,
            "0100000000": 72,
            "1110000000": 224,
            "0101000000": 155,
            "0011000000": 96,
            "1011000000": 152,
            "0000000000": 127,
            "1100000000": 159,
            "0110000000": 32,
            "0010000000": 35,
            "1010000000": 135,
            "1101000000": 15,
            "1111100000": 2,
            "1111000000": 9,
            "0001000001": 4,
            "0010000001": 22,
            "0110000001": 1,
            "1001010000": 1,
            "1001100100": 1,
            "1011000001": 2,
            "0010100000": 2,
            "1000000001": 2,
            "1100000001": 2,
            "1101100000": 1,
            "1011100000": 1,
            "0100000001": 5,
            "0100110000": 1,
            "0011010000": 1,
            "1110100000": 1,
            "1101000001": 1,
            "0010001101": 1,
            "0110011001": 1,
            "1000100000": 1,
            "0011000001": 1,
            "0011110001": 1
          },
          "component_probability": 0.046511627906976744,
          "success_rate": 0.0215
        },
        {
          "basis_state": 12,
          "task_id": "arn:aws:braket:eu-west-2:380012739362:quantum-task/7c7d11d7-57ee-409d-adf0-f72d17b9e2df",
          "status": "DONE",
          "shots": 2000,
          "created_at": "2025-12-22 19:08:41.302000+00:00",
          "ended_at": "2025-12-22 19:08:47.752000+00:00",
          "execution_time_seconds": 6.45,
          "counts": {
            "0011000000": 119,
            "0100000000": 58,
            "1111000000": 18,
            "1100000000": 190,
            "1110000000": 191,
            "0001000000": 348,
            "0000000000": 111,
            "1010000000": 140,
            "1011000000": 164,
            "1001000000": 170,
            "1000000000": 204,
            "0101000000": 126,
            "1101000000": 15,
            "0110000000": 37,
            "0100100000": 1,
            "0010000001": 26,
            "1100000001": 6,
            "1011000001": 6,
            "0001100001": 1,
            "0010000000": 34,
            "0010100001": 1,
            "1110100001": 2,
            "0100000001": 4,
            "0110000001": 1,
            "1100001000": 1,
            "1000000001": 7,
            "1111100000": 3,
            "1101010101": 1,
            "1001000001": 1,
            "1111100001": 1,
            "0100100001": 1,
            "0111110000": 1,
            "1011100000": 1,
            "1001100000": 1,
            "1111110000": 1,
            "1000100000": 1,
            "1001100001": 1,
            "0010100000": 1,
            "0101100001": 1,
            "0100110000": 1,
            "0001000001": 1,
            "0100101000": 1,
            "0011100000": 1
          },
          "component_probability": 0.09836065573770492,
          "success_rate": 0.0305
        },
        {
          "basis_state": 13,
          "task_id": "arn:aws:braket:eu-west-2:380012739362:quantum-task/c67875ec-9198-43af-bb1a-2fca37d6070c",
          "status": "DONE",
          "shots": 2000,
          "created_at": "2025-12-22 19:08:44.671000+00:00",
          "ended_at": "2025-12-22 19:08:49.885000+00:00",
          "execution_time_seconds": 5.214,
          "counts": {
            "1110000000": 224,
            "1010000000": 119,
            "1100000000": 196,
            "1111100001": 3,
            "0101000000": 138,
            "0000000000": 86,
            "0001000000": 355,
            "1000000000": 185,
            "1001000000": 164,
            "1011000000": 174,
            "0100000000": 74,
            "0011000000": 97,
            "0101000001": 3,
            "0100100000": 2,
            "0111011001": 1,
            "1100000001": 6,
            "0100101101": 1,
            "0010000001": 20,
            "0110000000": 45,
            "1101000000": 27,
            "0010000000": 44,
            "1111000000": 10,
            "0011110001": 1,
            "0001000001": 2,
            "1011000001": 2,
            "0101100111": 1,
            "1011100000": 2,
            "0010001000": 1,
            "0011101001": 1,
            "1000000001": 4,
            "0111110001": 1,
            "0010100000": 1,
            "0000011111": 1,
            "0100000001": 2,
            "1001100001": 1,
            "0101100001": 1,
            "0110000001": 1,
            "1010011101": 1,
            "1111100000": 1,
            "0011000111": 1,
            "1101000001": 1
          },
          "component_probability": 0.01818181818181818,
          "success_rate": 0.0275
        },
        {
          "basis_state": 14,
          "task_id": "arn:aws:braket:eu-west-2:380012739362:quantum-task/bb3dde40-ea14-4667-9aff-57ac8c6b3688",
          "status": "DONE",
          "shots": 2000,
          "created_at": "2025-12-22 19:08:47.817000+00:00",
          "ended_at": "2025-12-22 19:08:52.118000+00:00",
          "execution_time_seconds": 4.301,
          "counts": {
            "1001000000": 161,
            "0000000000": 104,
            "0101000000": 139,
            "1100000000": 169,
            "1000000000": 193,
            "1010000000": 146,
            "1011000000": 137,
            "0001000000": 364,
            "0011000000": 120,
            "0010000000": 43,
            "0110000000": 27,
            "1110000000": 213,
            "0001000001": 3,
            "0100000000": 76,
            "0010000001": 26,
            "1101000000": 25,
            "1111000000": 13,
            "0100000001": 3,
            "0100100001": 1,
            "1011000001": 4,
            "1110000001": 1,
            "1100000001": 3,
            "0010100100": 1,
            "1001000001": 2,
            "1111100001": 1,
            "0011111001": 1,
            "1101000001": 1,
            "1001100110": 1,
            "0011001001": 1,
            "0100000100": 1,
            "1000000001": 5,
            "0100110000": 1,
            "1110100001": 1,
            "0010100000": 1,
            "1010100100": 1,
            "1100010000": 1,
            "0011100100": 1,
            "1000100101": 1,
            "1000001101": 1,
            "1110100101": 1,
            "1110000101": 1,
            "1101100100": 1,
            "1011100000": 1,
            "1000010001": 1,
            "0000010001": 1,
            "1010000001": 1
          },
          "component_probability": 0.06666666666666667,
          "success_rate": 0.03
        },
        {
          "basis_state": 15,
          "task_id": "arn:aws:braket:eu-west-2:380012739362:quantum-task/8a9fa078-4201-42f8-8705-acc8024eeebb",
          "status": "DONE",
          "shots": 2000,
          "created_at": "2025-12-22 19:08:50.929000+00:00",
          "ended_at": "2025-12-22 19:08:56.331000+00:00",
          "execution_time_seconds": 5.402,
          "counts": {
            "1001000000": 179,
            "0101000000": 118,
            "0011000000": 113,
            "0110000000": 24,
            "1101000000": 19,
            "0100000000": 68,
            "1110000000": 199,
            "1011000000": 175,
            "1100000000": 174,
            "0001000000": 357,
            "0101100000": 1,
            "0000000000": 120,
            "1010000000": 143,
            "1000000000": 198,
            "1100000001": 6,
            "0000000001": 1,
            "0010000001": 20,
            "1011100000": 1,
            "0010000000": 34,
            "1111100000": 1,
            "0001000001": 3,
            "0100110001": 1,
            "1011010001": 1,
            "0101010001": 1,
            "1111100001": 2,
            "1011000001": 2,
            "0110011001": 1,
            "1000100001": 2,
            "1111000000": 6,
            "0101000001": 1,
            "0011110001": 1,
            "1000000001": 5,
            "1001110001": 1,
            "1110100001": 1,
            "0110100001": 1,
            "1111000100": 1,
            "0001010111": 1,
            "0100110000": 1,
            "1110100000": 1,
            "0111101111": 1,
            "0111100110": 1,
            "0010101001": 1,
            "0100000001": 2,
            "0010100000": 1,
            "1101000001": 3,
            "1001110000": 1,
            "1000100000": 1,
            "1001010000": 1,
            "1001001000": 1,
            "0011101110": 1,
            "1010101101": 1,
            "1010000001": 1
          },
          "component_probability": 0.03333333333333333,
          "success_rate": 0.03
        }
      ],
      "depth": 7234,
      "num_projections": 16,
      "ideal_solution": [
        {
          "real": -0.030522387186065036,
          "imag": 0.0
        },
        {
          "real": 0.16917069979985092,
          "imag": 0.0
        },
        {
          "real": 0.7814464085548902,
          "imag": 0.0
        },
        {
          "real": 0.008188387267946547,
          "imag": 0.0
        },
        {
          "real": -0.0903606166280853,
          "imag": 0.0
        },
        {
          "real": 0.10382798486169197,
          "imag": 0.0
        },
        {
          "real": -0.03100456360144534,
          "imag": 0.0
        },
        {
          "real": 0.09925674468632276,
          "imag": 0.0
        },
        {
          "real": -0.2528095499022299,
          "imag": 0.0
        },
        {
          "real": 0.10556159134398213,
          "imag": 0.0
