{
  "problem_list": [
    {
      "A_matrix": [
        [
          1.5048060806349541,
          0.8899204560739307,
          1.6631357190844371,
          0.04468675937743283,
          1.2849319937121044,
          0.46851152806818597,
          0.8323799768470804,
          0.9302228741165505,
          0.5618926036917316,
          0.8983562929895569,
          1.4554417642426785,
          0.8877485919348282,
          0.9323878110301058,
          0.6166227905762377,
          0.9903629999523679,
          1.6882066730148593
        ],
        [
          0.8899204560739307,
          1.4378334023944155,
          0.5294795843740104,
          0.26667445180012683,
          1.7711354258521352,
          0.5000105292441257,
          0.2555495963409632,
          0.4057936576341862,
          1.6132346390991072,
          1.2546263965385172,
          0.6222284241085864,
          1.0326437195579778,
          1.2876389735261848,
          0.23942855230991933,
          1.2486574173159546,
          1.5582105814064975
        ],
        [
          1.6631357190844371,
          0.5294795843740104,
          1.0335998209982664,
          0.9860218845527148,
          1.3514826232204253,
          1.4415162938871116,
          0.4129851855574992,
          1.8231514356336276,
          1.217634692978868,
          1.330660462905413,
          1.921184426242971,
          0.5001216406891145,
          1.3365103608488016,
          0.5077090903516226,
          0.45856423909847954,
          1.4237327521526875
        ],
        [
          0.04468675937743283,
          0.26667445180012683,
          0.9860218845527148,
          0.22551355972993248,
          1.8462568966024713,
          0.8091471094524254,
          1.05585858746803,
          0.18505145848672122,
          1.5092945581123567,
          0.9330853854148007,
          1.4052761603565203,
          0.8178288505884895,
          0.705854391429586,
          1.4099936115390284,
          1.4204080740024603,
          0.22708748967470593
        ],
        [
          1.2849319937121044,
          1.7711354258521352,
          1.3514826232204253,
          1.8462568966024713,
          0.9140350215510995,
          0.6471588513930785,
          0.18243369841444723,
          1.4732832068518837,
          0.24184699463509585,
          0.4636450758910988,
          1.2927200243446642,
          1.4223886328103383,
          0.26421166211325486,
          0.1562734734412513,
          1.2919411651075443,
          0.9297228345865519
        ],
        [
          0.46851152806818597,
          0.5000105292441257,
          1.4415162938871116,
          0.8091471094524254,
          0.6471588513930785,
          0.7177938942935729,
          1.3510970719543014,
          1.18641688832324,
          0.9794693130752894,
          1.0982725598602952,
          1.5260801762286405,
          0.9019369585760162,
          1.4084966662315457,
          0.29724958185682526,
          1.0251865344631779,
          0.8640877555110777
        ],
        [
          0.8323799768470804,
          0.2555495963409632,
          0.4129851855574992,
          1.05585858746803,
          0.18243369841444723,
          1.3510970719543014,
          1.7067541008364373,
          0.578832916782705,
          1.659032908241013,
          0.3991444952258709,
          0.3484052910898243,
          0.426291844138051,
          1.6761679797625328,
          1.2179508467258886,
          1.901608515980318,
          1.0898749578757612
        ],
        [
          0.9302228741165505,
          0.4057936576341862,
          1.8231514356336276,
          0.18505145848672122,
          1.4732832068518837,
          1.18641688832324,
          0.578832916782705,
          0.170360793156084,
          1.3137624814650986,
          1.1136968512921874,
          0.10965281712886499,
          1.3747714340022437,
          1.5604661689161043,
          0.9038131256108889,
          1.1414494942744078,
          0.9387711555226097
        ],
        [
          0.5618926036917316,
          1.6132346390991072,
          1.217634692978868,
          1.5092945581123567,
          0.24184699463509585,
          0.9794693130752894,
          1.659032908241013,
          1.3137624814650986,
          0.6837447226475954,
          0.6044530975546365,
          1.1630661441000543,
          1.2435988728257286,
          0.6066003951040936,
          0.3095144191796473,
          1.0094129822894211,
          1.4064034975624855
        ],
        [
          0.8983562929895569,
          1.2546263965385172,
          1.330660462905413,
          0.9330853854148007,
          0.4636450758910988,
          1.0982725598602952,
          0.3991444952258709,
          1.1136968512921874,
          0.6044530975546365,
          1.4444752459680226,
          0.4582212770434828,
          0.8121376351864683,
          1.085910913677153,
          0.3511879974052441,
          1.5013260684204606,
          0.8731197245775625
        ],
        [
          1.4554417642426785,
          0.6222284241085864,
          1.921184426242971,
          1.4052761603565203,
          1.2927200243446642,
          1.5260801762286405,
          0.3484052910898243,
          0.10965281712886499,
          1.1630661441000543,
          0.4582212770434828,
          1.7668543930854306,
          1.383058632550713,
          1.109396477962986,
          1.265535444238394,
          1.330693457680817,
          0.5135494582476431
        ],
        [
          0.8877485919348282,
          1.0326437195579778,
          0.5001216406891145,
          0.8178288505884895,
          1.4223886328103383,
          0.9019369585760162,
          0.426291844138051,
          1.3747714340022437,
          1.2435988728257286,
          0.8121376351864683,
          1.383058632550713,
          1.4097278825556463,
          1.421858149480891,
          0.4639203791484656,
          0.9471907019341614,
          1.0497070397998043
        ],
        [
          0.9323878110301058,
          1.2876389735261848,
          1.3365103608488016,
          0.705854391429586,
          0.26421166211325486,
          1.4084966662315457,
          1.6761679797625328,
          1.5604661689161043,
          0.6066003951040936,
          1.085910913677153,
          1.109396477962986,
          1.421858149480891,
          0.6949539329257528,
          0.4368672042759826,
          1.3940058355156384,
          1.084836704450474
        ],
        [
          0.6166227905762377,
          0.23942855230991933,
          0.5077090903516226,
          1.4099936115390284,
          0.1562734734412513,
          0.29724958185682526,
          1.2179508467258886,
          0.9038131256108889,
          0.3095144191796473,
          0.3511879974052441,
          1.265535444238394,
          0.4639203791484656,
          0.4368672042759826,
          1.033660343433959,
          1.0910827199840831,
          1.3694479434417708
        ],
        [
          0.9903629999523679,
          1.2486574173159546,
          0.45856423909847954,
          1.4204080740024603,
          1.2919411651075443,
          1.0251865344631779,
          1.901608515980318,
          1.1414494942744078,
          1.0094129822894211,
          1.5013260684204606,
          1.330693457680817,
          0.9471907019341614,
          1.3940058355156384,
          1.0910827199840831,
          1.3561594513916464,
          1.3130887315547195
        ],
        [
          1.6882066730148593,
          1.5582105814064975,
          1.4237327521526875,
          0.22708748967470593,
          0.9297228345865519,
          0.8640877555110777,
          1.0898749578757612,
          0.9387711555226097,
          1.4064034975624855,
          0.8731197245775625,
          0.5135494582476431,
          1.0497070397998043,
          1.084836704450474,
          1.3694479434417708,
          1.3130887315547195,
          0.5116262393623101
        ]
      ],
      "b_vector": [
        0.024221264071059852,
        0.08751297663772123,
        0.15195478749606056,
        0.08482411393602635,
        0.35752078379451313,
        0.19336303659124268,
        0.07302565044781736,
        0.3954994653965438,
        0.426348458445947,
        0.10137977756485686,
        0.2989606518173378,
        0.19351306358355247,
        0.04278414646861968,
        0.44637114701957964,
        0.31151175315728036,
        0.1323388573136103
      ]
    }
  ],
  "shots": 2000,
  "backend": "sv1",
  "device_arn": "SV1",
  "aws_region": "eu-west-2",
  "ideal_preprocessing_list": [
    [
      [
        -3.6374254296857895,
        -2.440891964310417,
        -1.8710841954319868,
        -1.4134199268509433,
        -0.8868151832752835,
        -0.7662750105947274,
        -0.23684398292974607,
        0.39264975640243244,
        0.5956887282631592,
        0.7317198708272985,
        1.1003251964869178,
        1.5802885870831436,
        1.9284535355052381,
        2.4370455747320854,
        3.1076154612013367,
        15.990867867542411
      ],
      [
        0.17898736092894973,
        0.1002672931415035,
        0.060833178375720616,
        0.21456043194235871,
        0.22917576813256732,
        0.15856696833513223,
        0.049468100906591914,
        0.10294990971637491,
        0.26246324444224894,
        0.14633852497756852,
        0.006599673596073767,
        0.0038974121304392456,
        0.1529077743382194,
        0.17695788870478626,
        0.04218093825517677,
        0.8189185365312347
      ]
    ]
  ],
  "probability_threshold": 0,
  "k_qubits": 5,
  "preprocessing_mode": "ideal",
  "projection_mode": "all_components",
  "projection_subset": null,
  "num_solution_qubits": 4,
  "num_projections": 16,
  "projector_basis_states": [
    0,
    1,
    2,
    3,
    4,
    5,
    6,
    7,
    8,
    9,
    10,
    11,
    12,
    13,
    14,
    15
  ],
  "enhanced_projection_results": [
    {
      "problem_index": 0,
      "projection_tasks": [
        {
          "basis_state": 0,
          "task_id": "arn:aws:braket:eu-west-2:380012739362:quantum-task/078200c4-5436-439f-8bfa-26a618a2567f",
          "status": "DONE",
          "shots": 2000,
          "created_at": "2025-12-22 19:06:57.408000+00:00",
          "ended_at": "2025-12-22 19:07:02.775000+00:00",
          "execution_time_seconds": 5.367,
          "counts": {
            "0111000000": 116,
            "1110000000": 236,
            "1110000001": 51,
            "0001000000": 42,
            "1001000000": 35,
            "1000000000": 263,
            "1011000000": 59,
            "1100000000": 34,
            "0100000000": 203,
            "0010000000": 18,
            "1010000000": 335,
            "1101000000": 200,
            "1110100001": 6,
            "1101000001": 30,
            "0110000000": 39,
            "0101000000": 110,
            "1010000001": 42,
            "0011000001": 41,
            "0000000000": 17,
            "0101000001": 18,
            "1101110001": 1,
            "0010000001": 6,
            "0001000001": 5,
            "1011000001": 8,
            "0100000001": 6,
            "1110110001": 4,
            "0000000001": 14,
            "1011010000": 1,
            "1110010001": 2,
            "0111101111": 1,
            "1001010000": 1,
            "0111000001": 8,
            "1111000000": 6,
            "0011101001": 1,
            "1101010001": 1,
            "1111111001": 1,
            "0000100001": 1,
            "0110101000": 1,
            "1101101001": 1,
            "1000100000": 5,
            "1111000001": 4,
            "0011000000": 10,
            "1011101001": 1,
            "0001100001": 1,
            "0111111001": 1,
            "1010011001": 1,
            "1100100001": 1,
            "0011011000": 1,
            "0001001000": 1,
            "0110100000": 3,
            "1110101001": 1,
            "1101010000": 1,
            "0001010001": 1,
            "1111100001": 1,
            "1101100000": 2,
            "0000111001": 1
          },
          "component_probability": 0.06130268199233716,
          "success_rate": 0.1305
        },
        {
          "basis_state": 1,
          "task_id": "arn:aws:braket:eu-west-2:380012739362:quantum-task/1c6517f8-1187-41b0-baaf-9c2174c5b9fd",
          "status": "DONE",
          "shots": 2000,
          "created_at": "2025-12-22 19:07:00.762000+00:00",
          "ended_at": "2025-12-22 19:07:06.607000+00:00",
          "execution_time_seconds": 5.845,
          "counts": {
            "1010000001": 58,
            "1110000000": 242,
            "0100000000": 192,
            "1000000000": 250,
            "1001000000": 41,
            "1010000000": 321,
            "1101000000": 211,
            "0101000000": 101,
            "0000000001": 15,
            "1110000001": 49,
            "0111000000": 106,
            "0001000000": 58,
            "0010000000": 18,
            "1101000001": 21,
            "1111000000": 14,
            "0010010001": 1,
            "1110000011": 1,
            "1011000000": 54,
            "0110000000": 34,
            "0010000001": 13,
            "0011000001": 40,
            "1011000001": 15,
            "0000000000": 27,
            "1001010001": 1,
            "1100000000": 26,
            "0111000001": 10,
            "0001000001": 5,
            "0100000001": 5,
            "0011011001": 2,
            "0101000001": 12,
            "1010100001": 4,
            "1111001001": 2,
            "0011000000": 8,
            "0000111001": 1,
            "1100011010": 1,
            "0011100001": 1,
            "1011110001": 1,
            "1000100000": 3,
            "1000100001": 2,
            "1101100001": 2,
            "1101010000": 1,
            "1001110001": 1,
            "1000010101": 1,
            "0010001000": 1,
            "1110101001": 1,
            "1000000001": 1,
            "1101110001": 1,
            "1110111001": 1,
            "0010001001": 1,
            "0111111000": 1,
            "1111000001": 4,
            "0110110101": 1,
            "1011010000": 1,
            "0100100000": 2,
            "1110110001": 2,
            "1110100000": 1,
            "0010100000": 1,
            "1100100000": 1,
            "1110010001": 4,
            "0011010001": 1,
            "0000011001": 1,
            "0011111100": 1,
            "0101001001": 1,
            "0111011001": 1
          },
          "component_probability": 0.0176678445229682,
          "success_rate": 0.1415
        },
        {
          "basis_state": 2,
          "task_id": "arn:aws:braket:eu-west-2:380012739362:quantum-task/8db7e5b8-54d2-4def-b92b-636fb3e1012a",
          "status": "DONE",
          "shots": 2000,
          "created_at": "2025-12-22 19:07:03.980000+00:00",
          "ended_at": "2025-12-22 19:07:08.885000+00:00",
          "execution_time_seconds": 4.905,
          "counts": {
            "1101000000": 229,
            "1000000000": 257,
            "1011000000": 44,
            "1010000000": 341,
            "0111000000": 96,
            "0100000000": 200,
            "1110000000": 217,
            "1001000000": 33,
            "1111000000": 14,
            "0101000000": 99,
            "1011000001": 21,
            "0010000001": 11,
            "0011000000": 11,
            "0001000000": 51,
            "0000000000": 26,
            "1111000001": 10,
            "0000000001": 17,
            "1100000000": 29,
            "0111000001": 6,
            "1110000001": 45,
            "0010000000": 16,
            "0101000001": 20,
            "0110000000": 32,
            "1101000001": 34,
            "0011000001": 37,
            "1010000001": 54,
            "0010010001": 1,
            "1101100001": 2,
            "0100000001": 5,
            "0100100000": 2,
            "0110100000": 2,
            "1101010001": 2,
            "0000011111": 1,
            "1100011000": 1,
            "0001000001": 4,
            "1010100001": 2,
            "0000100000": 2,
            "0010010101": 1,
            "0001111001": 1,
            "0011110001": 1,
            "1110010001": 1,
            "1110110001": 4,
            "1110010010": 1,
            "0010100000": 2,
            "1000100000": 4,
            "1110100001": 2,
            "1001100001": 1,
            "0100010001": 1,
            "0000010001": 1,
            "1111110101": 1,
            "0001001001": 1,
            "0110000100": 1,
            "1100100000": 1,
            "1011101001": 1,
            "1010111000": 1
          },
          "component_probability": 0.04513888888888889,
          "success_rate": 0.144
        },
        {
          "basis_state": 3,
          "task_id": "arn:aws:braket:eu-west-2:380012739362:quantum-task/0fbd41e7-dd4b-4da7-8aa9-75dfe5c9f81d",
          "status": "DONE",
          "shots": 2000,
          "created_at": "2025-12-22 19:07:07.128000+00:00",
          "ended_at": "2025-12-22 19:07:12.171000+00:00",
          "execution_time_seconds": 5.043,
          "counts": {
            "0110000000": 37,
            "1101000000": 212,
            "1110000001": 43,
            "1101000001": 32,
            "1100000000": 35,
            "0111000000": 78,
            "0101000000": 87,
            "1010000000": 339,
            "1111010001": 2,
            "1010000001": 44,
            "1000000000": 257,
            "0100010001": 2,
            "1110000000": 254,
            "0100000000": 223,
            "0011000001": 43,
            "1001000000": 38,
            "0001000000": 51,
            "0100011001": 1,
            "0100000001": 7,
            "0000000000": 23,
            "0101000001": 13,
            "0111100011": 1,
            "0010000000": 24,
            "1001111100": 1,
            "0011000000": 5,
            "1011000000": 50,
            "1111000001": 6,
            "0010011100": 1,
            "0000000001": 10,
            "1111000000": 14,
            "1101110001": 1,
            "1110010001": 3,
            "0011010001": 4,
            "0010000001": 10,
            "0100010000": 1,
            "1011110001": 1,
            "0001000001": 4,
            "1110101001": 1,
            "0000110101": 1,
            "0011011001": 1,
            "1110100001": 1,
            "0111000001": 5,
            "0010010000": 2,
            "1011000001": 9,
            "1000100000": 2,
            "0011110100": 1,
            "0011100001": 2,
            "0011000100": 1,
            "1101100001": 2,
            "0100100000": 1,
            "0111101001": 1,
            "1110110001": 1,
            "0001100001": 2,
            "1111100000": 1,
            "1110011001": 1,
            "0100110000": 1,
            "1010111100": 1,
            "1111001001": 1,
            "0000010000": 1,
            "0000100000": 1,
            "1001100001": 1,
            "1100100000": 1,
            "1010100001": 1
          },
          "component_probability": 0.19455252918287938,
          "success_rate": 0.1285
        },
        {
          "basis_state": 4,
          "task_id": "arn:aws:braket:eu-west-2:380012739362:quantum-task/7843b390-fe7a-4b7e-9710-0d9feafb6a5e",
          "status": "DONE",
          "shots": 2000,
          "created_at": "2025-12-22 19:07:10.371000+00:00",
          "ended_at": "2025-12-22 19:07:16.711000+00:00",
          "execution_time_seconds": 6.34,
          "counts": {
            "1010000000": 308,
            "1101000000": 176,
            "0001000000": 43,
            "0101000000": 89,
            "0011000001": 41,
            "1000000000": 258,
            "1110000000": 265,
            "1011000000": 46,
            "1010000001": 55,
            "1110011000": 1,
            "0010000000": 27,
            "1100000000": 33,
            "0100000000": 219,
            "0111000000": 114,
            "0110000000": 40,
            "1110000001": 43,
            "0000000000": 34,
            "1101000001": 36,
            "0111000001": 3,
            "1111100000": 3,
            "1001000000": 45,
            "1111000000": 7,
            "0000000001": 7,
            "1111000101": 1,
            "1010100001": 1,
            "0000111001": 1,
            "1011000001": 17,
            "0101000001": 16,
            "0011100001": 1,
            "0100000001": 8,
            "0010000001": 10,
            "1010010001": 1,
            "1000100000": 4,
            "1011100001": 1,
            "1111000001": 7,
            "1110110001": 2,
            "1110100101": 1,
            "0110001000": 2,
            "0011000000": 7,
            "0001100001": 3,
            "0100001000": 1,
            "0001001001": 2,
            "0100100000": 1,
            "0111101001": 1,
            "0100111001": 1,
            "0111110001": 1,
            "1000000001": 1,
            "0111001000": 1,
            "0110100000": 1,
            "1100011110": 1,
            "1110101001": 1,
            "1110010001": 1,
            "0001000001": 2,
            "1101110001": 2,
            "1101100000": 1,
            "1110100001": 1,
            "0011111101": 1,
            "1101010001": 1,
            "0001001100": 1,
            "1001110001": 1,
            "1010110011": 1
          },
          "component_probability": 0.03308823529411765,
          "success_rate": 0.136
        },
        {
          "basis_state": 5,
          "task_id": "arn:aws:braket:eu-west-2:380012739362:quantum-task/ef90c323-02be-428c-a398-be8301dd0ecc",
          "status": "DONE",
          "shots": 2000,
          "created_at": "2025-12-22 19:07:13.431000+00:00",
          "ended_at": "2025-12-22 19:07:19.982000+00:00",
          "execution_time_seconds": 6.551,
          "counts": {
            "1010000000": 302,
            "0101000000": 92,
            "1000000000": 271,
            "0100000000": 206,
            "1110000000": 237,
            "0001000000": 40,
            "0111000000": 98,
            "1011000000": 60,
            "0110000000": 33,
            "1101000000": 208,
            "1010000001": 47,
            "1001000000": 30,
            "0010000001": 7,
            "1100000000": 37,
            "0000000001": 21,
            "1110000001": 48,
            "0011000000": 9,
            "0001010001": 1,
            "0011010001": 1,
            "1111000001": 6,
            "1011000001": 13,
            "0111000001": 14,
            "1001111101": 1,
            "1011100000": 3,
            "0101000001": 17,
            "0010000000": 28,
            "1101000001": 36,
            "0100000001": 11,
            "0000000000": 24,
            "1000100000": 3,
            "1110010001": 3,
            "1110100001": 5,
            "0011000001": 35,
            "1000000001": 3,
            "0111011001": 2,
            "0001001001": 1,
            "1111000000": 15,
            "1001110001": 3,
            "1111100001": 1,
            "1101101001": 2,
            "1101010001": 1,
            "1110111001": 1,
            "0010001011": 1,
            "0001000001": 8,
            "1101010000": 1,
            "1110110001": 1,
            "0000100001": 1,
            "0010100001": 1,
            "0001100001": 2,
            "0000010001": 1,
            "0110111001": 1,
            "0000100000": 1,
            "0110000001": 2,
            "1110001001": 1,
            "1111010000": 1,
            "0000110011": 1,
            "1111100000": 1
          },
          "component_probability": 0.056666666666666664,
          "success_rate": 0.15
        },
        {
          "basis_state": 6,
          "task_id": "arn:aws:braket:eu-west-2:380012739362:quantum-task/fe523b78-6e15-4baf-95a9-d82ab3b7e823",
          "status": "DONE",
          "shots": 2000,
          "created_at": "2025-12-22 19:07:16.747000+00:00",
          "ended_at": "2025-12-22 19:07:21.885000+00:00",
          "execution_time_seconds": 5.138,
          "counts": {
            "0100000000": 217,
            "1101000000": 212,
            "1110000000": 246,
            "1010000000": 330,
            "0010000000": 19,
            "1001000000": 46,
            "0111000000": 94,
            "0110000000": 36,
            "1111000000": 17,
            "0101000001": 17,
            "1000000000": 237,
            "0101000000": 110,
            "1110000001": 48,
            "1100000000": 30,
            "1110001001": 3,
            "0000000000": 21,
            "1101000001": 33,
            "0001000000": 46,
            "0111011001": 1,
            "0110100000": 2,
            "1011000000": 56,
            "1010000001": 44,
            "1101100000": 1,
            "1011000001": 8,
            "1110101001": 2,
            "0111000001": 11,
            "0011110001": 1,
            "1001110001": 3,
            "0011000001": 34,
            "0100011000": 1,
            "0000000001": 15,
            "1110110001": 4,
            "0010000001": 18,
            "1110100001": 3,
            "1000100000": 2,
            "0010010001": 1,
            "1111000001": 3,
            "0100100000": 2,
            "0011000000": 4,
            "0100000001": 5,
            "0010010000": 2,
            "1101100001": 1,
            "1011110001": 1,
            "0111100001": 1,
            "1000000001": 1,
            "0001000001": 2,
            "0100111001": 1,
            "1000010000": 1,
            "0110000001": 1,
            "0000110001": 1,
            "1001010000": 1,
            "1101100101": 1,
            "1100110001": 1,
            "1010100001": 1,
            "0100011001": 1
          },
          "component_probability": 0.003745318352059925,
          "success_rate": 0.1335
        },
        {
          "basis_state": 7,
          "task_id": "arn:aws:braket:eu-west-2:380012739362:quantum-task/5aaf0e7c-cdf7-4efb-bd14-1190ac9bbae4",
          "status": "DONE",
          "shots": 2000,
          "created_at": "2025-12-22 19:07:19.943000+00:00",
          "ended_at": "2025-12-22 19:07:24.885000+00:00",
          "execution_time_seconds": 4.942,
          "counts": {
            "1000000000": 246,
            "1010000000": 322,
            "0101000000": 106,
            "0100000000": 194,
            "0110000000": 47,
            "1110000000": 246,
            "1101000000": 241,
            "1011000000": 44,
            "0001000000": 46,
            "0010000000": 14,
            "1010000001": 41,
            "1100000000": 40,
            "0111000000": 98,
            "0011000001": 48,
            "1011010001": 1,
            "0000000000": 30,
            "0001000001": 4,
            "1100100000": 2,
            "1110010001": 2,
            "0110011001": 1,
            "1001000000": 40,
            "1110000001": 43,
            "0101000001": 19,
            "1011000001": 7,
            "0000000001": 6,
            "1000100000": 6,
            "0010000001": 11,
            "1000000001": 3,
            "1110110001": 3,
            "0111000001": 6,
            "0010010001": 2,
            "1101000001": 27,
            "1111000001": 10,
            "0001100001": 2,
            "1111000000": 13,
            "0011000000": 5,
            "0100100000": 2,
            "0100000001": 3,
            "1011110001": 1,
            "0110100001": 1,
            "1110100001": 2,
            "1111100001": 1,
            "0011101101": 1,
            "0001011000": 1,
            "0111011100": 1,
            "1010100001": 1,
            "1010011000": 1,
            "0010100001": 1,
            "0000001001": 1,
            "1110101001": 3,
            "1101010001": 1,
            "0000010001": 1,
            "1101110001": 1,
            "0001100000": 1
          },
          "component_probability": 0.023622047244094488,
          "success_rate": 0.127
        },
        {
          "basis_state": 8,
          "task_id": "arn:aws:braket:eu-west-2:380012739362:quantum-task/301e649b-912c-42b5-9c81-8f69cf47bd94",
          "status": "DONE",
          "shots": 2000,
          "created_at": "2025-12-22 19:07:23.113000+00:00",
          "ended_at": "2025-12-22 19:07:29.022000+00:00",
          "execution_time_seconds": 5.909,
          "counts": {
            "1110100001": 6,
            "1010000000": 336,
            "0100000000": 245,
            "1110000000": 242,
            "0000000001": 12,
            "1101000000": 214,
            "1010011001": 1,
            "1001000000": 32,
            "0101000000": 94,
            "0001000000": 50,
            "1000000000": 256,
            "1011000000": 41,
            "1111000001": 11,
            "1110000001": 50,
            "1101000001": 28,
            "0111000000": 91,
            "0011000001": 37,
            "0010000001": 13,
            "0000000000": 28,
            "0110000000": 33,
            "1010000001": 46,
            "0111011001": 2,
            "1001100001": 1,
            "1011000001": 10,
            "1100000000": 28,
            "0100000001": 3,
            "0101000001": 13,
            "1111000000": 20,
            "0001000001": 6,
            "0111000001": 6,
            "0011000000": 4,
            "0010000000": 16,
            "1000100000": 5,
            "0100101100": 1,
            "1101110001": 1,
            "1110010001": 2,
            "1011101001": 1,
            "1011100000": 1,
            "0000010000": 1,
            "0000100000": 2,
            "1110011101": 1,
            "1010001001": 1,
            "0011010001": 1,
            "1010111001": 1,
            "0100100000": 1,
            "1000110000": 1,
            "0011100001": 1,
            "1111100000": 1,
            "0001000101": 1,
            "1010100001": 1,
            "1101011000": 1
          },
          "component_probability": 0.0,
          "success_rate": 0.128
        },
        {
          "basis_state": 9,
          "task_id": "arn:aws:braket:eu-west-2:380012739362:quantum-task/6a041963-9dd4-4175-9cd0-e8e05cb181c8",
          "status": "DONE",
          "shots": 2000,
          "created_at": "2025-12-22 19:07:26.259000+00:00",
          "ended_at": "2025-12-22 19:07:30.943000+00:00",
          "execution_time_seconds": 4.684,
          "counts": {
            "1111000000": 12,
            "1010000000": 325,
            "1001000000": 35,
            "1110000000": 229,
            "0111000000": 101,
            "0100000000": 219,
            "0010000000": 28,
            "0101000000": 121,
            "1110000001": 58,
            "1000000000": 255,
            "1101000000": 191,
            "1011000000": 51,
            "0110000000": 36,
            "0000000000": 23,
            "0111000001": 7,
            "1010000001": 46,
            "1101010001": 1,
            "0011000001": 32,
            "0111001101": 1,
            "1100000000": 29,
            "0000000001": 15,
            "1011000001": 15,
            "0010000001": 10,
            "0100000001": 10,
            "0001000000": 40,
            "1101000001": 27,
            "0100100000": 2,
            "1111000001": 12,
            "0111101001": 1,
            "1110100001": 11,
            "0110000001": 1,
            "1000100000": 3,
            "0011000000": 7,
            "1110110001": 3,
            "0011010001": 2,
            "0001100100": 1,
            "1010001001": 2,
            "0101000001": 11,
            "1101110001": 1,
            "1010101101": 2,
            "1000000001": 2,
            "0001001001": 1,
            "1110010000": 2,
            "0001100001": 2,
            "1101100001": 1,
            "0001000001": 2,
            "0110100000": 1,
            "0100110000": 1,
            "0011100001": 1,
            "0000111001": 2,
            "0111001000": 1,
            "1000100001": 1,
            "1011101001": 1,
            "1110111001": 1,
            "1100100000": 2,
            "0111011000": 1,
            "1101100011": 1,
            "1110010001": 1
          },
          "component_probability": 0.0,
          "success_rate": 0.142
        },
        {
          "basis_state": 10,
          "task_id": "arn:aws:braket:eu-west-2:380012739362:quantum-task/ecf96592-edbb-452e-9483-915c7fc97d48",
          "status": "DONE",
          "shots": 2000,
          "created_at": "2025-12-22 19:07:29.427000+00:00",
          "ended_at": "2025-12-22 19:07:34.895000+00:00",
          "execution_time_seconds": 5.468,
          "counts": {
            "1101000000": 189,
            "1110000000": 239,
            "1010000000": 339,
            "0101000000": 122,
            "0100000000": 227,
            "0110000000": 33,
            "1000000000": 253,
            "0001000000": 45,
            "0000000001": 22,
            "1011000000": 62,
            "1010000001": 47,
            "0111000000": 90,
            "0000000000": 25,
            "1101000001": 27,
            "1001000000": 30,
            "0000100001": 1,
            "0011000001": 31,
            "0001001000": 1,
            "1110100001": 5,
            "1100000000": 47,
            "1011000001": 14,
            "1110000001": 32,
            "0110011001": 1,
            "0010000000": 28,
            "1001011101": 1,
            "1111000000": 7,
            "0101000001": 14,
            "1111000001": 2,
            "0010000001": 14,
            "0011000000": 4,
            "1111100000": 1,
            "0100000001": 7,
            "1100100000": 3,
            "0111100001": 1,
            "1110111000": 1,
            "1010100001": 1,
            "1001110001": 1,
            "0010111001": 1,
            "0111000001": 4,
            "0001100001": 1,
            "1110101001": 1,
            "0001000001": 3,
            "0011100001": 1,
            "1101101001": 1,
            "0010010001": 1,
            "1000100001": 1,
            "1001100001": 1,
            "0010100000": 1,
            "1101100000": 1,
            "0110010000": 1,
            "0111011001": 1,
            "1000100000": 1,
            "1001111010": 1,
            "0000110001": 1,
            "0100110000": 1,
            "0100001000": 1,
            "1010111100": 1,
            "0001100000": 1,
            "1110110001": 1,
            "0000100000": 1,
            "0100100000": 1,
            "0011011001": 1,
            "1110100101": 1,
            "0111101001": 1,
            "0000010001": 1
          },
          "component_probability": 0.19753086419753085,
          "success_rate": 0.1215
        },
        {
          "basis_state": 11,
          "task_id": "arn:aws:braket:eu-west-2:380012739362:quantum-task/4c5b039f-3a07-492c-92fe-9e9f7daf0fd6",
          "status": "DONE",
          "shots": 2000,
          "created_at": "2025-12-22 19:07:32.560000+00:00",
          "ended_at": "2025-12-22 19:07:37.384000+00:00",
          "execution_time_seconds": 4.824,
          "counts": {
            "1010000000": 341,
            "1000000000": 240,
            "0101111001": 1,
            "0001000000": 52,
            "0100000000": 210,
            "1110000000": 261,
            "0000000001": 14,
            "1110000001": 49,
            "1100000000": 31,
            "1010000001": 45,
            "0111000000": 96,
            "0101000000": 122,
            "1101000000": 210,
            "1011000000": 40,
            "0011000001": 32,
            "0000000000": 22,
            "1110100001": 6,
            "1111000001": 9,
            "0100111001": 1,
            "0110000000": 28,
            "0111101001": 1,
            "0111110001": 2,
            "1011101001": 1,
            "0010000000": 19,
            "1101000001": 26,
            "1111100001": 3,
            "0101000001": 15,
            "0111000001": 8,
            "1001000000": 26,
            "0011000000": 10,
            "0001010000": 1,
            "0100000001": 6,
            "1111000000": 9,
            "1011000001": 15,
            "0111100001": 1,
            "0001100001": 1,
            "0010000001": 14,
            "0011100001": 1,
            "1110010001": 3,
            "1101100001": 1,
            "0001010111": 1,
            "1111111001": 1,
            "1110110001": 3,
            "0000100000": 1,
            "0010100000": 1,
            "0110001100": 1,
            "1100011001": 1,
            "1110111000": 1,
            "1101010001": 1,
            "0001000001": 5,
            "1000100000": 3,
            "1111001001": 1,
            "0110000001": 1,
            "1011110001": 1,
            "0011110001": 1,
            "0110100000": 1,
            "0110001000": 1,
            "0011010001": 1,
            "1000011001": 1
          },
          "component_probability": 0.06227106227106227,
          "success_rate": 0.1365
        },
        {
          "basis_state": 12,
          "task_id": "arn:aws:braket:eu-west-2:380012739362:quantum-task/b31b641c-3a7d-4fb4-98b5-177fba08ba7c",
          "status": "DONE",
          "shots": 2000,
          "created_at": "2025-12-22 19:07:35.942000+00:00",
          "ended_at": "2025-12-22 19:07:40.696000+00:00",
          "execution_time_seconds": 4.754,
          "counts": {
            "1010000000": 334,
            "0100000000": 223,
            "1110000000": 255,
            "0101000000": 97,
            "0011000000": 7,
            "1101000000": 223,
            "0101000001": 20,
            "1000000000": 234,
            "1010000001": 33,
            "0001000001": 3,
            "1110000001": 62,
            "0001000000": 41,
            "1001000000": 32,
            "0011000001": 36,
            "0111000000": 117,
            "1101000001": 24,
            "1100100000": 1,
            "1011000000": 39,
            "0010000001": 8,
            "1000100000": 3,
            "0111000001": 4,
            "1100000000": 34,
            "0000000000": 23,
            "1011000001": 11,
            "0010001101": 1,
            "0110100000": 1,
            "0000000001": 14,
            "0100000001": 10,
            "1110100001": 3,
            "1101100001": 3,
            "1111000000": 9,
            "0110000000": 30,
            "0010000000": 21,
            "1111000001": 10,
            "1110010001": 3,
            "1110110001": 5,
            "0100001000": 2,
            "1010101101": 2,
            "0000100000": 1,
            "1010100001": 3,
            "1110110101": 1,
            "1101101001": 1,
            "0100100000": 2,
            "1000001000": 1,
            "0001100000": 1,
            "0010001000": 1,
            "0010001001": 1,
            "1100111001": 1,
            "0100010000": 1,
            "1110010000": 1,
            "1110001001": 1,
            "1100010001": 1,
            "0001001001": 1,
            "0001001000": 1,
            "0110111001": 1,
            "0100111001": 1,
            "1000000001": 1
          },
          "component_probability": 0.007547169811320755,
          "success_rate": 0.1325
        },
        {
          "basis_state": 13,
          "task_id": "arn:aws:braket:eu-west-2:380012739362:quantum-task/2640e58d-b1ca-44ea-afaa-35ae588efc3d",
          "status": "DONE",
          "shots": 2000,
          "created_at": "2025-12-22 19:07:39.474000+00:00",
          "ended_at": "2025-12-22 19:07:44.607000+00:00",
          "execution_time_seconds": 5.133,
          "counts": {
            "0100000000": 218,
            "1000000000": 262,
            "0001000000": 49,
            "1010000001": 50,
            "1010000000": 298,
            "0101000001": 15,
            "1110000000": 221,
            "0111000001": 8,
            "0111000000": 107,
            "1101000001": 29,
            "1100000000": 30,
            "0010000001": 10,
            "0101000000": 102,
            "0011000000": 10,
            "1011000001": 16,
            "1110000001": 45,
            "1101000000": 227,
            "0011000001": 46,
            "0010000000": 17,
            "1110100001": 5,
            "1011000000": 59,
            "1001000000": 32,
            "0000000000": 27,
            "1110101001": 2,
            "0000000001": 18,
            "0110000000": 35,
            "1101101001": 1,
