{
  "problem_list": [
    {
      "A_matrix": [
        [
          1.631051036826754,
          1.4768839307019788,
          0.6695951479172286,
          0.8270002267048054,
          0.6604185161793137,
          0.8994281075279646,
          0.47373592105951556,
          0.908763199732167,
          0.6181452314310067,
          1.3386580965471917,
          0.9747135245383347,
          0.2866191675079679,
          1.3589713109740826,
          0.582793635928929,
          0.8051219948452109,
          0.6239526595527976
        ],
        [
          1.4768839307019788,
          1.7336852507090776,
          1.2346697076205069,
          1.4636660327193212,
          0.3866821257737082,
          0.45496360406874714,
          1.3446803121204944,
          1.0519108430534883,
          0.3000272555890501,
          1.5147312074950454,
          1.1032270858268136,
          0.38946190547542614,
          0.14918118329102947,
          1.3099731776914645,
          0.45603501856169615,
          0.7015142249484484
        ],
        [
          0.6695951479172286,
          1.2346697076205069,
          1.9531974065507227,
          1.8271796083249232,
          1.5548312997462874,
          0.3660273251964501,
          0.8547797436033907,
          1.0891313535353955,
          1.06206160436775,
          0.9155110837685357,
          0.8251416733140186,
          0.9520213038405889,
          0.8034885300982719,
          1.676650724404912,
          1.6775510788793793,
          0.5060529839403762
        ],
        [
          0.8270002267048054,
          1.4636660327193212,
          1.8271796083249232,
          0.22290262273492,
          0.8770864012346771,
          0.4215065835380981,
          0.47651679140283965,
          1.525034917714145,
          1.0767095919963983,
          0.6938748433176327,
          0.7286329562307178,
          0.40001739357977284,
          1.109221809716508,
          0.660968653805821,
          1.3338236802363128,
          1.578707756407777
        ],
        [
          0.6604185161793137,
          0.3866821257737082,
          1.5548312997462874,
          0.8770864012346771,
          1.19042201151756,
          1.180483709863,
          0.7565957357247041,
          0.7798677651574467,
          1.614118123725007,
          0.9027677745903989,
          0.8365662039067779,
          0.8097806178698979,
          1.2118586637642232,
          1.0115412475704675,
          1.84646117314648,
          0.8448793462800388
        ],
        [
          0.8994281075279646,
          0.45496360406874714,
          0.3660273251964501,
          0.4215065835380981,
          1.180483709863,
          1.9596394657158764,
          0.9483300899681422,
          1.0658274950833682,
          1.158545017620995,
          1.3020626032639822,
          0.7214395174039077,
          1.3141280559848698,
          0.6316551467283589,
          1.3175136244703856,
          0.8653973458723629,
          0.5293392803343684
        ],
        [
          0.47373592105951556,
          1.3446803121204944,
          0.8547797436033907,
          0.47651679140283965,
          0.7565957357247041,
          0.9483300899681422,
          1.996950811261411,
          1.5009703552265554,
          1.6213084682960885,
          0.5748854653428591,
          1.0905203391476581,
          0.8704123250141065,
          0.17612667763540735,
          0.8035687332846566,
          0.8955156433522997,
          1.0007971165350773
        ],
        [
          0.908763199732167,
          1.0519108430534883,
          1.0891313535353955,
          1.525034917714145,
          0.7798677651574467,
          1.0658274950833682,
          1.5009703552265554,
          0.6415522508064144,
          0.7163955740610876,
          1.628234284735547,
          0.8325526056844516,
          1.4454760112524296,
          1.9002858876166462,
          1.1529539120438415,
          0.9866891597585702,
          0.4199870702269157
        ],
        [
          0.6181452314310067,
          0.3000272555890501,
          1.06206160436775,
          1.0767095919963983,
          1.614118123725007,
          1.158545017620995,
          1.6213084682960885,
          0.7163955740610876,
          1.8667429443870884,
          0.501050792413903,
          0.967746345796232,
          1.3952505030246651,
          1.3216566761414614,
          1.3869504884815198,
          1.397547640436433,
          0.8861649268006639
        ],
        [
          1.3386580965471917,
          1.5147312074950454,
          0.9155110837685357,
          0.6938748433176327,
          0.9027677745903989,
          1.3020626032639822,
          0.5748854653428591,
          1.628234284735547,
          0.501050792413903,
          1.276125934096259,
          0.889771097072422,
          1.095319869530778,
          0.9426468021139727,
          1.2679879407715116,
          0.9905753961094348,
          0.3805525167408723
        ],
        [
          0.9747135245383347,
          1.1032270858268136,
          0.8251416733140186,
          0.7286329562307178,
          0.8365662039067779,
          0.7214395174039077,
          1.0905203391476581,
          0.8325526056844516,
          0.967746345796232,
          0.889771097072422,
          1.1510225175400228,
          0.8460346442552074,
          1.595355370246009,
          1.4863772436488563,
          0.6813370426864126,
          1.9286700080755512
        ],
        [
          0.2866191675079679,
          0.38946190547542614,
          0.9520213038405889,
          0.40001739357977284,
          0.8097806178698979,
          1.3141280559848698,
          0.8704123250141065,
          1.4454760112524296,
          1.3952505030246651,
          1.095319869530778,
          0.8460346442552074,
          1.6216902564941253,
          0.09378991675565196,
          1.1218483909889758,
          0.9163867630428867,
          1.3759346167030775
        ],
        [
          1.3589713109740826,
          0.14918118329102947,
          0.8034885300982719,
          1.109221809716508,
          1.2118586637642232,
          0.6316551467283589,
          0.17612667763540735,
          1.9002858876166462,
          1.3216566761414614,
          0.9426468021139727,
          1.595355370246009,
          0.09378991675565196,
          1.7997648639470845,
          1.3363677728679773,
          0.9997366930838669,
          1.3430138806062266
        ],
        [
          0.582793635928929,
          1.3099731776914645,
          1.676650724404912,
          0.660968653805821,
          1.0115412475704675,
          1.3175136244703856,
          0.8035687332846566,
          1.1529539120438415,
          1.3869504884815198,
          1.2679879407715116,
          1.4863772436488563,
          1.1218483909889758,
          1.3363677728679773,
          1.4983998806065544,
          1.3185440766140135,
          0.861396002082822
        ],
        [
          0.8051219948452109,
          0.45603501856169615,
          1.6775510788793793,
          1.3338236802363128,
          1.84646117314648,
          0.8653973458723629,
          0.8955156433522997,
          0.9866891597585702,
          1.397547640436433,
          0.9905753961094348,
          0.6813370426864126,
          0.9163867630428867,
          0.9997366930838669,
          1.3185440766140135,
          0.49822575281771275,
          1.369291271104502
        ],
        [
          0.6239526595527976,
          0.7015142249484484,
          0.5060529839403762,
          1.578707756407777,
          0.8448793462800388,
          0.5293392803343684,
          1.0007971165350773,
          0.4199870702269157,
          0.8861649268006639,
          0.3805525167408723,
          1.9286700080755512,
          1.3759346167030775,
          1.3430138806062266,
          0.861396002082822,
          1.369291271104502,
          0.26637636603617376
        ]
      ],
      "b_vector": [
        0.3233927095525106,
        0.25442626276305264,
        0.2168492078343823,
        0.27554172003926924,
        0.044447075624593615,
        0.0027436313154105794,
        0.32953917279504447,
        0.2666897922315554,
        0.18198343203730652,
        0.05328910491230917,
        0.3801925847783043,
        0.3657290877616157,
        0.233985629803879,
        0.18685576275902516,
        0.3417984651282764,
        0.07268166814254955
      ]
    }
  ],
  "shots": 2000,
  "backend": "sv1",
  "device_arn": "SV1",
  "aws_region": "eu-west-2",
  "ideal_preprocessing_list": [
    [
      [
        -2.716100325929875,
        -1.7869353750722952,
        -1.5874666892476408,
        -0.8954172290159557,
        -0.6937124684191878,
        -0.314809827706027,
        -0.09743731328806948,
        0.1539419658380493,
        0.7184309865952079,
        0.7974645191505454,
        1.2169547489584516,
        1.9316618754111092,
        2.3588898461537062,
        2.7011514883911336,
        3.157273449422158,
        16.363859720806445
      ],
      [
        0.1947925914617934,
        0.1696379589486422,
        0.14051679173993784,
        0.04280990927260117,
        0.07011257050684463,
        0.1737451355123706,
        0.007361275002703893,
        0.13211815496313328,
        0.076200119017845,
        0.12011611580641768,
        0.04562444673712121,
        0.21715401616426633,
        0.0919445925103956,
        0.021670259526602453,
        0.10472587925600771,
        0.8773402406636872
      ]
    ]
  ],
  "probability_threshold": 0,
  "k_qubits": 3,
  "preprocessing_mode": "ideal",
  "projection_mode": "all_components",
  "projection_subset": null,
  "num_solution_qubits": 4,
  "num_projections": 16,
  "projector_basis_states": [
    0,
    1,
    2,
    3,
    4,
    5,
    6,
    7,
    8,
    9,
    10,
    11,
    12,
    13,
    14,
    15
  ],
  "enhanced_projection_results": [
    {
      "problem_index": 0,
      "projection_tasks": [
        {
          "basis_state": 0,
          "task_id": "arn:aws:braket:eu-west-2:380012739362:quantum-task/01aaf535-137d-47a5-bbef-1ae3443af586",
          "status": "DONE",
          "shots": 2000,
          "created_at": "2025-12-22 18:48:51.599000+00:00",
          "ended_at": "2025-12-22 18:48:55.852000+00:00",
          "execution_time_seconds": 4.253,
          "counts": {
            "10110000": 203,
            "01110000": 191,
            "01100000": 135,
            "11100000": 177,
            "11111000": 16,
            "00000001": 11,
            "00100000": 107,
            "00000000": 181,
            "10000000": 109,
            "10011001": 7,
            "10100000": 180,
            "11000000": 94,
            "00110000": 73,
            "01011101": 4,
            "00110010": 1,
            "11100101": 10,
            "01000000": 33,
            "01110001": 20,
            "11100001": 19,
            "00010000": 57,
            "10010011": 2,
            "01010000": 11,
            "11110001": 36,
            "11010000": 85,
            "00101001": 1,
            "00100001": 5,
            "10010001": 4,
            "11110000": 56,
            "01000001": 6,
            "11101001": 5,
            "10010101": 3,
            "01011000": 8,
            "11101101": 2,
            "01010001": 23,
            "00110001": 4,
            "00111001": 1,
            "11000001": 4,
            "11101000": 11,
            "10010000": 18,
            "10100101": 5,
            "01110010": 1,
            "11111110": 1,
            "00010001": 7,
            "11101011": 2,
            "01101000": 1,
            "10101001": 8,
            "01101101": 2,
            "10110001": 4,
            "10100100": 2,
            "01100100": 1,
            "11011101": 3,
            "10010111": 1,
            "10100011": 1,
            "10010110": 1,
            "11010110": 1,
            "00001011": 1,
            "10001101": 1,
            "01000011": 2,
            "11110101": 3,
            "01011011": 1,
            "10100110": 1,
            "11111001": 3,
            "01010101": 2,
            "00100011": 2,
            "01100101": 2,
            "00011001": 1,
            "11100100": 1,
            "11111101": 4,
            "11110011": 1,
            "00111011": 1,
            "00100110": 1,
            "10011000": 1,
            "01100001": 3,
            "10001000": 1,
            "01001001": 2,
            "11011111": 1,
            "01011001": 2,
            "01101011": 2,
            "01001000": 1,
            "01001111": 1,
            "11011000": 1,
            "10011100": 1,
            "11100111": 1,
            "01000101": 1,
            "00110101": 1
          },
          "component_probability": 0.05042016806722689,
          "success_rate": 0.119
        },
        {
          "basis_state": 1,
          "task_id": "arn:aws:braket:eu-west-2:380012739362:quantum-task/cb0cceb9-1e45-4f82-967e-9ca79e3e7745",
          "status": "DONE",
          "shots": 2000,
          "created_at": "2025-12-22 18:48:54.007000+00:00",
          "ended_at": "2025-12-22 18:48:58.236000+00:00",
          "execution_time_seconds": 4.229,
          "counts": {
            "00110000": 62,
            "00000000": 192,
            "01110000": 206,
            "10110000": 211,
            "01000001": 9,
            "10100000": 156,
            "11100000": 153,
            "00010000": 57,
            "01110001": 25,
            "11000000": 86,
            "01100000": 159,
            "10000000": 74,
            "00100000": 139,
            "00010001": 8,
            "00110001": 7,
            "11111000": 26,
            "11101000": 13,
            "11111101": 4,
            "10010001": 3,
            "11010000": 93,
            "01010000": 9,
            "11110000": 65,
            "00101001": 3,
            "10010000": 18,
            "11100101": 6,
            "01000000": 18,
            "01010001": 17,
            "11000001": 5,
            "01011000": 3,
            "11101101": 3,
            "11110001": 37,
            "11111001": 6,
            "01101000": 2,
            "01010011": 3,
            "01000100": 2,
            "01011101": 5,
            "00000001": 18,
            "11100001": 7,
            "00110101": 1,
            "11101001": 7,
            "00111011": 1,
            "00100001": 8,
            "10011001": 3,
            "10010101": 3,
            "10101001": 7,
            "11110101": 2,
            "11000110": 1,
            "10100101": 10,
            "00011001": 2,
            "01011011": 1,
            "01101001": 2,
            "10010110": 2,
            "11100010": 1,
            "10110001": 1,
            "10111101": 1,
            "00101101": 1,
            "10000011": 1,
            "11110011": 2,
            "11100011": 1,
            "11010110": 1,
            "01001101": 2,
            "01001001": 3,
            "11101011": 1,
            "01010101": 4,
            "01100101": 2,
            "11111100": 1,
            "00001101": 1,
            "10110101": 2,
            "11010111": 1,
            "01100001": 3,
            "01101101": 2,
            "11011000": 2,
            "00100110": 1,
            "11100111": 1,
            "11011001": 1,
            "11111010": 1,
            "10010011": 1,
            "01001000": 1,
            "01000101": 1
          },
          "component_probability": 0.04081632653061224,
          "success_rate": 0.1225
        },
        {
          "basis_state": 2,
          "task_id": "arn:aws:braket:eu-west-2:380012739362:quantum-task/9bece0cb-53eb-443b-b5cb-1d7b341470d2",
          "status": "DONE",
          "shots": 2000,
          "created_at": "2025-12-22 18:48:56.256000+00:00",
          "ended_at": "2025-12-22 18:48:59.475000+00:00",
          "execution_time_seconds": 3.219,
          "counts": {
            "10110000": 216,
            "11000000": 97,
            "00110000": 53,
            "10000000": 107,
            "10100000": 152,
            "11100000": 165,
            "11010000": 92,
            "00000000": 206,
            "01100000": 125,
            "01010101": 2,
            "00010000": 75,
            "01010001": 33,
            "01110000": 182,
            "11111101": 7,
            "11110000": 63,
            "00100000": 113,
            "10010000": 20,
            "00010001": 11,
            "00000001": 10,
            "10110001": 1,
            "01000001": 14,
            "11110001": 41,
            "01010000": 15,
            "11011101": 1,
            "00000010": 2,
            "11101001": 8,
            "01010110": 2,
            "00010101": 1,
            "11111001": 7,
            "01000000": 30,
            "01001001": 1,
            "01110001": 16,
            "11111000": 16,
            "11000001": 3,
            "11100100": 2,
            "11101000": 12,
            "10011001": 4,
            "01011001": 2,
            "01010100": 1,
            "11111110": 3,
            "00011001": 2,
            "01011101": 1,
            "00110001": 4,
            "10010001": 3,
            "10001001": 1,
            "11100001": 11,
            "11100101": 4,
            "00010100": 1,
            "10101001": 10,
            "10000001": 1,
            "10000111": 1,
            "01000101": 1,
            "01100001": 4,
            "11101011": 1,
            "10111101": 2,
            "10100010": 1,
            "01011110": 1,
            "11011001": 1,
            "11101101": 3,
            "01011000": 4,
            "00111101": 1,
            "10010100": 1,
            "01010011": 1,
            "10110101": 1,
            "00000011": 2,
            "00110101": 1,
            "11010011": 1,
            "01000011": 2,
            "00100001": 2,
            "11010001": 2,
            "00100011": 1,
            "01001101": 1,
            "10010011": 1,
            "10100101": 3,
            "01101101": 3,
            "01101000": 1,
            "10000100": 1,
            "11110110": 1,
            "00101001": 1,
            "10100111": 1,
            "11110101": 1,
            "10100110": 1,
            "11100010": 1,
            "11110011": 1
          },
          "component_probability": 0.01680672268907563,
          "success_rate": 0.119
        },
        {
          "basis_state": 3,
          "task_id": "arn:aws:braket:eu-west-2:380012739362:quantum-task/b9a46a35-41c1-4f8b-8a84-bced71faa6ce",
          "status": "DONE",
          "shots": 2000,
          "created_at": "2025-12-22 18:48:58.457000+00:00",
          "ended_at": "2025-12-22 18:49:02.602000+00:00",
          "execution_time_seconds": 4.145,
          "counts": {
            "01110000": 165,
            "10100000": 172,
            "10110000": 207,
            "11110001": 53,
            "10000000": 115,
            "01010001": 33,
            "01100000": 123,
            "00100000": 124,
            "00110000": 61,
            "00010000": 77,
            "01000001": 14,
            "10101001": 6,
            "11100000": 161,
            "11000000": 85,
            "11010000": 81,
            "00000000": 176,
            "11110000": 60,
            "01010000": 21,
            "11100001": 14,
            "11000001": 3,
            "11111000": 23,
            "01110001": 17,
            "01000000": 26,
            "01100101": 2,
            "10010101": 5,
            "11110101": 2,
            "10010000": 21,
            "10010001": 3,
            "00111101": 3,
            "10000010": 1,
            "11101110": 1,
            "10010111": 1,
            "10100100": 1,
            "01011101": 2,
            "00100001": 3,
            "01100001": 6,
            "11100101": 7,
            "11011101": 3,
            "01101101": 3,
            "01001111": 2,
            "11101000": 10,
            "10011000": 1,
            "11110011": 2,
            "00010001": 7,
            "00000001": 11,
            "10010110": 1,
            "11111001": 5,
            "00111000": 1,
            "01000111": 1,
            "11011111": 1,
            "11110110": 2,
            "01000011": 1,
            "11111100": 2,
            "01001001": 2,
            "00110001": 4,
            "10010011": 1,
            "11101001": 9,
            "11111101": 7,
            "10111101": 1,
            "01011000": 3,
            "00010101": 2,
            "11011001": 1,
            "11011011": 2,
            "10100101": 4,
            "10011001": 8,
            "10010010": 1,
            "00100110": 1,
            "01010011": 1,
            "10101000": 2,
            "00011001": 1,
            "11110010": 1,
            "11101101": 2,
            "00101101": 1,
            "00111001": 1,
            "00110100": 1,
            "10110111": 1,
            "01101000": 1,
            "11010011": 1,
            "11111011": 1,
            "00100011": 1,
            "10110001": 1,
            "11100011": 1,
            "11010110": 1,
            "01011011": 1,
            "01011001": 1,
            "11100100": 1,
            "01000101": 1,
            "11110111": 1,
            "10000101": 1,
            "11010101": 1,
            "11000110": 1
          },
          "component_probability": 0.02973977695167286,
          "success_rate": 0.1345
        },
        {
          "basis_state": 4,
          "task_id": "arn:aws:braket:eu-west-2:380012739362:quantum-task/bdf8e766-67e1-40b8-ad09-06daf0fb8a50",
          "status": "DONE",
          "shots": 2000,
          "created_at": "2025-12-22 18:49:00.902000+00:00",
          "ended_at": "2025-12-22 18:49:04.170000+00:00",
          "execution_time_seconds": 3.268,
          "counts": {
            "00010000": 56,
            "10110000": 213,
            "10000000": 106,
            "01110000": 197,
            "00100000": 133,
            "11110001": 43,
            "10100000": 151,
            "00110000": 57,
            "00000000": 177,
            "11110000": 61,
            "11100000": 168,
            "11100001": 11,
            "10010000": 12,
            "01010000": 17,
            "01100001": 8,
            "11111000": 27,
            "11010000": 84,
            "01110001": 15,
            "01100000": 135,
            "01010001": 30,
            "10011001": 6,
            "11111001": 14,
            "10010001": 4,
            "01101000": 3,
            "11000000": 90,
            "01000000": 26,
            "00000001": 10,
            "11101001": 8,
            "11000001": 5,
            "01000001": 9,
            "11101000": 15,
            "11101101": 3,
            "01010011": 2,
            "11010001": 2,
            "00110001": 5,
            "11111101": 6,
            "01100101": 4,
            "01101101": 1,
            "10101001": 11,
            "01101110": 1,
            "01001001": 2,
            "10100101": 4,
            "11111011": 1,
            "01011101": 4,
            "11001101": 1,
            "01000011": 1,
            "10111101": 2,
            "00011001": 2,
            "00100101": 2,
            "11010011": 1,
            "11110101": 1,
            "10110001": 2,
            "10010011": 1,
            "11100111": 1,
            "10010101": 5,
            "10100100": 1,
            "11011101": 2,
            "10010110": 2,
            "00111110": 1,
            "10100010": 1,
            "10011101": 1,
            "00101111": 1,
            "11100101": 2,
            "10110101": 1,
            "10001101": 1,
            "01010010": 1,
            "01011000": 2,
            "11011110": 1,
            "11110111": 1,
            "01011001": 2,
            "00100001": 2,
            "11110011": 2,
            "00111101": 1,
            "10110100": 2,
            "11010110": 1,
            "11100110": 1,
            "10110111": 1,
            "01011011": 1,
            "00101001": 1,
            "10101010": 1,
            "11101011": 1,
            "00010001": 3,
            "11000110": 1,
            "10011010": 1,
            "01110101": 1,
            "00111001": 1,
            "01101001": 1,
            "00010101": 1,
            "00110111": 1
          },
          "component_probability": 0.047058823529411764,
          "success_rate": 0.1275
        },
        {
          "basis_state": 5,
          "task_id": "arn:aws:braket:eu-west-2:380012739362:quantum-task/623ae586-d0d5-407c-8771-5922f6efeec3",
          "status": "DONE",
          "shots": 2000,
          "created_at": "2025-12-22 18:49:03.148000+00:00",
          "ended_at": "2025-12-22 18:49:06.570000+00:00",
          "execution_time_seconds": 3.422,
          "counts": {
            "01011000": 4,
            "10110000": 190,
            "00110000": 72,
            "01110000": 191,
            "01010001": 28,
            "00000000": 200,
            "11100000": 148,
            "01100101": 4,
            "11010000": 95,
            "01011101": 1,
            "11110000": 57,
            "11000000": 94,
            "01100000": 140,
            "00010000": 70,
            "00100000": 121,
            "11111000": 22,
            "10100000": 148,
            "10000000": 113,
            "01000000": 25,
            "11111001": 7,
            "11110001": 48,
            "11110011": 1,
            "10010000": 15,
            "10101001": 9,
            "01110001": 10,
            "10100101": 11,
            "01100001": 6,
            "01010000": 13,
            "11100011": 1,
            "10010101": 8,
            "00110111": 1,
            "11101101": 2,
            "00110001": 11,
            "00000001": 10,
            "10100011": 2,
            "11011101": 2,
            "11101000": 7,
            "11100001": 14,
            "01000001": 9,
            "10010110": 1,
            "11110101": 3,
            "01101000": 2,
            "10011001": 6,
            "11100010": 1,
            "10010011": 4,
            "10011000": 1,
            "00100011": 2,
            "11101011": 3,
            "11000001": 2,
            "00001000": 1,
            "11111101": 11,
            "11101001": 7,
            "01010010": 1,
            "00100001": 5,
            "11111100": 1,
            "01110101": 1,
            "11100100": 1,
            "10011010": 1,
            "00100110": 1,
            "10010001": 3,
            "01010101": 2,
            "01101001": 1,
            "10001001": 1,
            "00010001": 6,
            "11100111": 1,
            "10001101": 1,
            "10000011": 1,
            "10110101": 1,
            "10101000": 2,
            "00010101": 2,
            "00101101": 1,
            "11011011": 1,
            "01001101": 1,
            "01101110": 1,
            "01011001": 1,
            "00011000": 1,
            "00101111": 1,
            "01011111": 1,
            "01000110": 1,
            "10111001": 1,
            "01001001": 1,
            "01000011": 1,
            "11000111": 1,
            "00111101": 1
          },
          "component_probability": 0.1274131274131274,
          "success_rate": 0.1295
        },
        {
          "basis_state": 6,
          "task_id": "arn:aws:braket:eu-west-2:380012739362:quantum-task/2b51ffbd-49d8-4dc3-87f0-ace599aa50f1",
          "status": "DONE",
          "shots": 2000,
          "created_at": "2025-12-22 18:49:05.384000+00:00",
          "ended_at": "2025-12-22 18:49:09.581000+00:00",
          "execution_time_seconds": 4.197,
          "counts": {
            "10100000": 136,
            "11100000": 175,
            "11010000": 108,
            "00010000": 68,
            "01000000": 24,
            "10110000": 232,
            "00110000": 65,
            "11000000": 103,
            "00100000": 135,
            "01110000": 176,
            "00000000": 193,
            "10000000": 101,
            "10110101": 1,
            "00000001": 15,
            "01001110": 1,
            "01100000": 131,
            "11110000": 49,
            "10010000": 24,
            "11101101": 1,
            "10100101": 11,
            "01100001": 11,
            "01110001": 14,
            "01011000": 4,
            "01101001": 2,
            "11100101": 3,
            "01010001": 26,
            "00110001": 5,
            "10110100": 2,
            "11111000": 20,
            "00111101": 2,
            "00010001": 5,
            "11111101": 5,
            "10011001": 4,
            "11110001": 44,
            "11100001": 14,
            "11000001": 7,
            "00101001": 1,
            "11110111": 1,
            "10010011": 1,
            "11101000": 7,
            "01001001": 1,
            "01010101": 2,
            "01011011": 1,
            "00010111": 1,
            "01101000": 2,
            "11011000": 1,
            "01000001": 3,
            "01010000": 7,
            "11111011": 3,
            "01000101": 1,
            "10110111": 1,
            "10101001": 7,
            "00010101": 1,
            "01010011": 1,
            "01010110": 1,
            "11111001": 3,
            "10010101": 2,
            "11000011": 1,
            "10100110": 1,
            "01101101": 2,
            "11101001": 3,
            "10010001": 2,
            "00100001": 3,
            "10110001": 3,
            "11000110": 1,
            "01011101": 2,
            "00100101": 1,
            "11010110": 1,
            "00001101": 2,
            "00110101": 1,
            "10001101": 2,
            "11011001": 1,
            "11110101": 1,
            "11100111": 1,
            "00011000": 1,
            "11100100": 1,
            "01100101": 1,
            "10010100": 1,
            "11111110": 1,
            "00001011": 1,
            "11010011": 1
          },
          "component_probability": 0.07017543859649122,
          "success_rate": 0.114
        },
        {
          "basis_state": 7,
          "task_id": "arn:aws:braket:eu-west-2:380012739362:quantum-task/0dc7ae9b-0b8c-4c9a-8167-a072a4e21a2e",
          "status": "DONE",
          "shots": 2000,
          "created_at": "2025-12-22 18:49:08.106000+00:00",
          "ended_at": "2025-12-22 18:49:12.325000+00:00",
          "execution_time_seconds": 4.219,
          "counts": {
            "00100000": 149,
            "10100000": 166,
            "00110001": 9,
            "00000000": 176,
            "11110001": 51,
            "11001010": 1,
            "10000000": 112,
            "11100000": 148,
            "01000000": 23,
            "10010000": 21,
            "10110000": 196,
            "11101000": 4,
            "00010000": 56,
            "00110000": 51,
            "01110000": 191,
            "01100000": 157,
            "01110001": 13,
            "11110000": 73,
            "10100101": 10,
            "01000011": 2,
            "11000000": 95,
            "01011000": 4,
            "01010000": 13,
            "11111000": 17,
            "11010000": 88,
            "01011101": 5,
            "01010001": 22,
            "00010001": 6,
            "11111001": 9,
            "11100001": 5,
            "11000001": 8,
            "10010001": 3,
            "01000001": 12,
            "01001001": 2,
            "11101001": 12,
            "01001000": 2,
            "10110001": 4,
            "10101001": 11,
            "10001000": 1,
            "11110101": 2,
            "01101101": 4,
            "01101000": 2,
            "00111101": 2,
            "00000001": 10,
            "10110101": 1,
            "01100101": 2,
            "11111011": 2,
            "10010101": 4,
            "11111101": 4,
            "00100110": 2,
            "11101100": 1,
            "01001101": 1,
            "00101111": 1,
            "01011001": 1,
            "00100101": 2,
            "11011101": 1,
            "11101101": 2,
            "01100001": 5,
            "10010110": 2,
            "11100101": 2,
            "10100100": 1,
            "11100111": 1,
            "00100001": 6,
            "10011001": 3,
            "01101110": 1,
            "11110011": 1,
            "01001111": 1,
            "00001010": 1,
            "11000100": 1,
            "00010101": 2,
            "00101001": 1
          },
          "component_probability": 0.053061224489795916,
          "success_rate": 0.1225
        },
        {
          "basis_state": 8,
          "task_id": "arn:aws:braket:eu-west-2:380012739362:quantum-task/03756c6a-e94e-43d7-a36b-de15454ffdb2",
          "status": "DONE",
          "shots": 2000,
          "created_at": "2025-12-22 18:49:10.308000+00:00",
          "ended_at": "2025-12-22 18:49:14.511000+00:00",
          "execution_time_seconds": 4.203,
          "counts": {
            "11000000": 109,
            "11110001": 43,
            "10000000": 117,
            "01100000": 118,
            "01110000": 187,
            "00000000": 188,
            "00110000": 61,
            "11101001": 11,
            "11100000": 152,
            "00100000": 138,
            "10110000": 217,
            "00101001": 1,
            "11111000": 19,
            "11110000": 48,
            "10100000": 147,
            "01010000": 6,
            "01010001": 29,
            "01001101": 1,
            "00010000": 65,
            "10010000": 28,
            "01000000": 28,
            "00111101": 3,
            "11100001": 14,
            "11010000": 94,
            "01100101": 4,
            "01011101": 2,
            "11101000": 10,
            "10100011": 3,
            "01000001": 15,
            "10101001": 5,
            "00010101": 2,
            "01110001": 17,
            "11100101": 6,
            "10011001": 5,
            "11111001": 5,
            "00011001": 3,
            "01101101": 5,
            "11010001": 2,
            "01111101": 1,
            "11101101": 2,
            "00000001": 18,
            "11111101": 10,
            "10010101": 2,
            "11011011": 1,
            "00100001": 8,
            "00010001": 3,
            "11011101": 4,
            "11110101": 1,
            "11010011": 1,
            "10010001": 2,
            "01100001": 4,
            "01011001": 1,
            "10110001": 2,
            "11000001": 3,
            "11110110": 1,
            "10100101": 3,
            "00110001": 5,
            "11001110": 1,
            "11010111": 1,
            "01011000": 3,
            "10010011": 1,
            "10111110": 1,
            "11100111": 1,
            "00111001": 1,
            "01101110": 1,
            "11111110": 1,
            "10100100": 2,
            "01001001": 2,
            "01011011": 1,
            "01101000": 1,
            "10100110": 1,
            "10110101": 2
          },
          "component_probability": 0.0,
          "success_rate": 0.128
        },
        {
          "basis_state": 9,
          "task_id": "arn:aws:braket:eu-west-2:380012739362:quantum-task/72a7ff07-1080-41b3-87c2-ea85b5bd0e85",
          "status": "DONE",
          "shots": 2000,
          "created_at": "2025-12-22 18:49:12.902000+00:00",
          "ended_at": "2025-12-22 18:49:15.965000+00:00",
          "execution_time_seconds": 3.063,
          "counts": {
            "10110000": 205,
            "00100000": 147,
            "00110000": 73,
            "01110000": 177,
            "11100001": 10,
            "11110001": 45,
            "10101001": 6,
            "11000000": 92,
            "01100000": 129,
            "11100000": 169,
            "11101000": 16,
            "10000000": 114,
            "00010001": 4,
            "00000000": 180,
            "11010000": 85,
            "10100110": 1,
            "00010000": 59,
            "01110001": 17,
            "10100000": 165,
            "11111101": 9,
            "10010000": 18,
            "11110000": 53,
            "01000001": 10,
            "11111000": 15,
            "11000010": 1,
            "01010001": 27,
            "01101101": 2,
            "10011001": 7,
            "00000001": 14,
            "01010000": 5,
            "01000000": 22,
            "00010101": 2,
            "11111001": 10,
            "11101001": 11,
            "10111001": 2,
            "11100101": 6,
            "10010011": 1,
            "11111110": 2,
            "11011011": 1,
            "00101001": 3,
            "00100101": 1,
            "01011000": 5,
            "01101001": 5,
            "11000001": 4,
            "00000110": 1,
            "10110101": 1,
            "11110101": 3,
            "01011011": 1,
            "01100001": 4,
            "01010101": 4,
            "10010001": 3,
            "10100101": 4,
            "00110001": 5,
            "00100001": 3,
            "01011101": 4,
            "11011101": 4,
            "10010101": 3,
            "00100110": 1,
            "01100101": 3,
            "11110011": 1,
            "10001000": 2,
            "11000110": 1,
            "11101101": 2,
            "01001001": 2,
            "11001101": 1,
            "11010101": 1,
            "01100100": 1,
            "10010110": 1,
            "01101000": 2,
            "01011111": 1,
            "10100011": 1,
            "11010001": 1,
            "10011111": 1,
            "10001111": 1,
            "01011001": 1,
            "10110001": 2,
            "00111011": 1,
            "10011000": 1,
            "00100011": 1,
            "01010110": 1
          },
          "component_probability": 0.05859375,
          "success_rate": 0.128
        },
        {
          "basis_state": 10,
          "task_id": "arn:aws:braket:eu-west-2:380012739362:quantum-task/f4e10539-001b-4809-aa37-cb826e191f89",
          "status": "DONE",
          "shots": 2000,
          "created_at": "2025-12-22 18:49:15.231000+00:00",
          "ended_at": "2025-12-22 18:49:19.307000+00:00",
          "execution_time_seconds": 4.076,
          "counts": {
            "01100000": 132,
            "10000000": 113,
            "10110000": 211,
            "01110000": 185,
            "11100000": 179,
            "01000000": 15,
            "11000001": 8,
            "00100000": 133,
            "11101001": 6,
            "00000000": 201,
            "11101000": 9,
            "01100101": 5,
            "00010000": 75,
            "10100000": 154,
            "00110000": 76,
            "01000001": 9,
            "11000000": 87,
            "11010000": 94,
            "11110000": 55,
            "11111001": 6,
            "01000011": 1,
            "10101001": 15,
            "10010000": 16,
            "11100001": 9,
            "11110001": 36,
            "11111000": 18,
            "01010000": 7,
            "00100101": 1,
            "01110001": 9,
            "01000101": 3,
            "00000001": 8,
            "10110001": 3,
            "01010001": 24,
            "11011101": 2,
            "11101011": 1,
            "00111001": 1,
            "01100001": 2,
            "10001001": 1,
            "10010001": 2,
            "00101111": 1,
            "10100100": 1,
            "00100001": 4,
            "10010101": 3,
            "01101000": 4,
            "11111101": 4,
            "10011001": 4,
            "01010110": 3,
            "00110001": 7,
            "11000100": 1,
            "01001100": 1,
            "10111001": 1,
            "00101001": 2,
            "00100110": 1,
            "10110101": 1,
            "10100101": 3,
            "11110101": 2,
            "00110101": 2,
            "11001111": 1,
            "11101101": 2,
            "10010011": 1,
            "11100101": 6,
            "01101101": 5,
            "00100011": 1,
            "01011000": 3,
            "00011001": 1,
            "01001001": 2,
            "11111110": 2,
            "11010011": 1,
            "00000111": 1,
            "00010001": 2,
            "10111101": 1,
            "11010001": 1,
            "11111011": 1,
            "11101110": 1,
            "00111101": 1,
            "00001011": 1,
            "01011101": 2,
            "01011011": 1,
            "00001101": 1,
            "10011111": 1,
            "11110010": 1,
            "01010100": 1,
