{
  "problem_list": [
    {
      "A_matrix": [
        [
          1.029491934346661,
          0.332246969408142,
          1.086813837958816,
          1.0244756994474566,
          0.3629386689161461,
          1.1046052410179148,
          1.3026498934854418,
          0.6912621735707728
        ],
        [
          0.332246969408142,
          0.06597330779076249,
          0.6578933942009084,
          0.8374195772476175,
          0.6969393960980457,
          0.421819011657957,
          0.8944329309084765,
          1.218617450003529
        ],
        [
          1.086813837958816,
          0.6578933942009084,
          1.247591388443781,
          1.3623270630502538,
          1.0948639914446516,
          1.4607611097973483,
          0.9766263229062431,
          1.3420737710319315
        ],
        [
          1.0244756994474566,
          0.8374195772476175,
          1.3623270630502538,
          1.225666069691548,
          0.16430076777805513,
          0.3269798231770711,
          0.6069120624337193,
          0.9625222091948156
        ],
        [
          0.3629386689161461,
          0.6969393960980457,
          1.0948639914446516,
          0.16430076777805513,
          0.5356394682111041,
          1.0567202646901825,
          0.5111930665771407,
          1.1303185118351833
        ],
        [
          1.1046052410179148,
          0.421819011657957,
          1.4607611097973483,
          0.3269798231770711,
          1.0567202646901825,
          1.8057443164018443,
          0.31141593368872955,
          0.634119573637763
        ],
        [
          1.3026498934854418,
          0.8944329309084765,
          0.9766263229062431,
          0.6069120624337193,
          0.5111930665771407,
          0.31141593368872955,
          0.5594234213645979,
          0.21729764057584533
        ],
        [
          0.6912621735707728,
          1.218617450003529,
          1.3420737710319315,
          0.9625222091948156,
          1.1303185118351833,
          0.634119573637763,
          0.21729764057584533,
          1.8964523065333454
        ]
      ],
      "b_vector": [
        0.3603575121563684,
        0.47106989851826647,
        0.35647382790427623,
        0.24507675201757217,
        0.3873093095064879,
        0.44281906051818537,
        0.31601397549323085,
        0.12303396070441598
      ]
    }
  ],
  "shots": 2000,
  "backend": "sv1",
  "device_arn": "SV1",
  "aws_region": "eu-west-2",
  "ideal_preprocessing_list": [
    [
      [
        -1.3053224948121382,
        -0.6730495064150541,
        -0.3325035017654723,
        0.016013808862622332,
        0.4832987962936442,
        1.5301022820805934,
        1.640665932841858,
        7.006776895697589
      ],
      [
        0.14867194346149415,
        0.07723945263128129,
        0.21124840142079981,
        0.14093262454068456,
        0.182152604261284,
        0.05394217517363886,
        0.18317251159150127,
        0.9153148802010505
      ]
    ]
  ],
  "probability_threshold": 0,
  "k_qubits": 7,
  "preprocessing_mode": "ideal",
  "projection_mode": "all_components",
  "projection_subset": null,
  "num_solution_qubits": 3,
  "num_projections": 8,
  "projector_basis_states": [
    0,
    1,
    2,
    3,
    4,
    5,
    6,
    7
  ],
  "enhanced_projection_results": [
    {
      "problem_index": 0,
      "projection_tasks": [
        {
          "basis_state": 0,
          "task_id": "arn:aws:braket:eu-west-2:380012739362:quantum-task/198b10de-d41c-4a5b-9383-25f7815f4c99",
          "shots": 2000,
          "projector_index": 0
        },
        {
          "basis_state": 1,
          "task_id": "arn:aws:braket:eu-west-2:380012739362:quantum-task/91df4541-a0cd-4b1f-b726-75be69a652f2",
          "shots": 2000,
          "projector_index": 1
        },
        {
          "basis_state": 2,
          "task_id": "arn:aws:braket:eu-west-2:380012739362:quantum-task/133c85e8-5adc-433a-b3f4-68e162f4fe81",
          "shots": 2000,
          "projector_index": 2
        },
        {
          "basis_state": 3,
          "task_id": "arn:aws:braket:eu-west-2:380012739362:quantum-task/9fbfe6b0-6c7b-4b94-a6a5-8baebf630b2e",
          "shots": 2000,
          "projector_index": 3
        },
        {
          "basis_state": 4,
          "task_id": "arn:aws:braket:eu-west-2:380012739362:quantum-task/a014c5c5-f3c1-4016-bbbc-4fedbedcb311",
          "shots": 2000,
          "projector_index": 4
        },
        {
          "basis_state": 5,
          "task_id": "arn:aws:braket:eu-west-2:380012739362:quantum-task/b3a9ec6c-c42f-40ce-b5a0-9b6386edbce1",
          "shots": 2000,
          "projector_index": 5
        },
        {
          "basis_state": 6,
          "task_id": "arn:aws:braket:eu-west-2:380012739362:quantum-task/92a3fb89-ef6f-4b8f-a20d-a937d3655105",
          "shots": 2000,
          "projector_index": 6
        },
        {
          "basis_state": 7,
          "task_id": "arn:aws:braket:eu-west-2:380012739362:quantum-task/ad9766be-e16d-4c21-8551-0ac50cf51ef9",
          "shots": 2000,
          "projector_index": 7
        }
      ],
      "depth": 4675,
      "num_projections": 8,
      "ideal_solution": [
        {
          "real": -0.6064885650108395,
          "imag": 0.0
        },
        {
          "real": 0.14556103142394042,
          "imag": 0.0
        },
        {
          "real": 0.4409846545267613,
          "imag": 0.0
        },
        {
          "real": 0.19626961455622352,
          "imag": 0.0
        },
        {
          "real": 0.3393796821029319,
          "imag": 0.0
        },
        {
          "real": -0.09325055760946296,
          "imag": 0.0
        },
        {
          "real": 0.18465306977382337,
          "imag": 0.0
        },
        {
          "real": -0.46906650724614374,
          "imag": 0.0
        }
      ]
    }
  ]
}