{
  "problem_list": [
    {
      "A_matrix": [
        [
          0.18860092959233765,
          1.0530640139873189,
          1.410671186966807,
          0.7514446900392757,
          1.2935445116073794,
          1.478765304728698,
          0.7557040155926474,
          0.6097514068527385,
          0.8684729935321127,
          0.8086973028907485,
          1.4066082734623278,
          1.6801513699035868,
          1.6394146943324177,
          1.557360218606035,
          1.0437256399602504,
          1.335533804558311
        ],
        [
          1.0530640139873189,
          1.3085140138000892,
          1.5311336698065174,
          0.3697923450835865,
          0.849548321909457,
          0.8450504620348814,
          0.789063965322296,
          0.5794632456618161,
          1.5273283874851895,
          0.8039556763363896,
          0.5352651245370438,
          0.3292469133777829,
          0.30202966366333284,
          1.0501458383738416,
          1.159523861154423,
          1.1675189549334832
        ],
        [
          1.410671186966807,
          1.5311336698065174,
          0.9819103092314154,
          0.5685977604590019,
          0.8964121900173303,
          0.7018211075851155,
          1.0520871693136304,
          0.4544789301884612,
          1.7814811833473825,
          1.4148405873236278,
          0.19670634533669273,
          0.35070237141528826,
          1.0163785945396508,
          1.4582904437945312,
          0.9369541589347097,
          1.1434269546745996
        ],
        [
          0.7514446900392757,
          0.3697923450835865,
          0.5685977604590019,
          0.5276981216362948,
          0.4182573234297834,
          0.917299288762143,
          1.2057214284833417,
          0.5136052764827704,
          1.2488220919059307,
          0.6895443872517424,
          0.7293706563019444,
          0.6343990486414105,
          0.26303964371899935,
          0.5615161169074189,
          0.40443466713640797,
          0.7391458161375316
        ],
        [
          1.2935445116073794,
          0.849548321909457,
          0.8964121900173303,
          0.4182573234297834,
          1.6350511767440026,
          0.29972458163540583,
          0.9746685161330518,
          0.7513052369402518,
          1.139849517636749,
          0.2547633714923446,
          1.0322881753567121,
          1.2347714390632265,
          1.2340319230977892,
          1.5175980680860293,
          1.1280021124700332,
          1.056453306568055
        ],
        [
          1.478765304728698,
          0.8450504620348814,
          0.7018211075851155,
          0.917299288762143,
          0.29972458163540583,
          1.5312313526403585,
          1.314465077398352,
          0.12405100366356436,
          0.632590939731894,
          1.157439655581547,
          0.7719439953413981,
          1.734262857177186,
          1.0937415262155432,
          1.6115143193328392,
          0.5709022275463034,
          0.8054378801994931
        ],
        [
          0.7557040155926474,
          0.789063965322296,
          1.0520871693136304,
          1.2057214284833417,
          0.9746685161330518,
          1.314465077398352,
          0.2127762889157443,
          1.489624838888476,
          0.6667738618248432,
          1.682399879437678,
          0.08594339249913885,
          0.9653633998646072,
          0.7937621340130441,
          0.5744037791876472,
          0.9042508626943316,
          0.6257869778051436
        ],
        [
          0.6097514068527385,
          0.5794632456618161,
          0.4544789301884612,
          0.5136052764827704,
          0.7513052369402518,
          0.12405100366356436,
          1.489624838888476,
          1.7479414666211903,
          0.6801544708002695,
          0.8646177286322143,
          0.6067412737824008,
          1.205244313799082,
          1.3264130762396271,
          1.540507372965428,
          0.8929873540805179,
          0.929965397010585
        ],
        [
          0.8684729935321127,
          1.5273283874851895,
          1.7814811833473825,
          1.2488220919059307,
          1.139849517636749,
          0.632590939731894,
          0.6667738618248432,
          0.6801544708002695,
          1.8811305490976147,
          0.9373157690708576,
          1.680900550500923,
          0.23367392258830277,
          0.20930405343687164,
          0.9878644639422175,
          1.0361719852165119,
          1.2241660337693387
        ],
        [
          0.8086973028907485,
          0.8039556763363896,
          1.4148405873236278,
          0.6895443872517424,
          0.2547633714923446,
          1.157439655581547,
          1.682399879437678,
          0.8646177286322143,
          0.9373157690708576,
          1.566718750955496,
          1.8027343270408613,
          1.0297664695332183,
          0.8510569192215521,
          0.717970036303905,
          1.31802144853691,
          0.6633377588141767
        ],
        [
          1.4066082734623278,
          0.5352651245370438,
          0.19670634533669273,
          0.7293706563019444,
          1.0322881753567121,
          0.7719439953413981,
          0.08594339249913885,
          0.6067412737824008,
          1.680900550500923,
          1.8027343270408613,
          0.17768213822551848,
          1.8378043823160308,
          0.7084782023877358,
          0.9260400362449378,
          1.2376756648156306,
          1.7603253798425995
        ],
        [
          1.6801513699035868,
          0.3292469133777829,
          0.35070237141528826,
          0.6343990486414105,
          1.2347714390632265,
          1.734262857177186,
          0.9653633998646072,
          1.205244313799082,
          0.23367392258830277,
          1.0297664695332183,
          1.8378043823160308,
          0.8132745642600501,
          0.40371365352623234,
          1.8457906717002017,
          1.6112495489582086,
          0.9772702786312889
        ],
        [
          1.6394146943324177,
          0.30202966366333284,
          1.0163785945396508,
          0.26303964371899935,
          1.2340319230977892,
          1.0937415262155432,
          0.7937621340130441,
          1.3264130762396271,
          0.20930405343687164,
          0.8510569192215521,
          0.7084782023877358,
          0.40371365352623234,
          1.453821039325057,
          1.5973898038900236,
          0.8595192675472364,
          1.2738049724568543
        ],
        [
          1.557360218606035,
          1.0501458383738416,
          1.4582904437945312,
          0.5615161169074189,
          1.5175980680860293,
          1.6115143193328392,
          0.5744037791876472,
          1.540507372965428,
          0.9878644639422175,
          0.717970036303905,
          0.9260400362449378,
          1.8457906717002017,
          1.5973898038900236,
          0.9971912971048962,
          0.5252022770824488,
          1.5647950095949184
        ],
        [
          1.0437256399602504,
          1.159523861154423,
          0.9369541589347097,
          0.40443466713640797,
          1.1280021124700332,
          0.5709022275463034,
          0.9042508626943316,
          0.8929873540805179,
          1.0361719852165119,
          1.31802144853691,
          1.2376756648156306,
          1.6112495489582086,
          0.8595192675472364,
          0.5252022770824488,
          0.7905029430463175,
          0.8313871740540462
        ],
        [
          1.335533804558311,
          1.1675189549334832,
          1.1434269546745996,
          0.7391458161375316,
          1.056453306568055,
          0.8054378801994931,
          0.6257869778051436,
          0.929965397010585,
          1.2241660337693387,
          0.6633377588141767,
          1.7603253798425995,
          0.9772702786312889,
          1.2738049724568543,
          1.5647950095949184,
          0.8313871740540462,
          0.09432618450293306
        ]
      ],
      "b_vector": [
        0.3241628462133386,
        0.038398789127844314,
        0.18882166918238827,
        0.23156211824633965,
        0.3505903298036551,
        0.13410687248358785,
        0.24105575220815126,
        0.12190570080912994,
        0.4257910725957259,
        0.28891798513721295,
        0.04558207977465582,
        0.42878325486162755,
        0.025047391084601918,
        0.12622748452441096,
        0.35024651265515866,
        0.01908984144445864
      ]
    }
  ],
  "shots": 2000,
  "backend": "sv1",
  "device_arn": "SV1",
  "aws_region": "eu-west-2",
  "ideal_preprocessing_list": [
    [
      [
        -2.7757037045160455,
        -2.215851532549075,
        -2.031337062020681,
        -1.3817930970416428,
        -1.3126625868155581,
        -0.6186225533462171,
        -0.543505870506348,
        -0.1896036744282387,
        0.50894156098099,
        0.7180897947420937,
        0.9600871277387879,
        1.7214707904844695,
        1.856342539085826,
        2.3350629864189316,
        3.0721665079804437,
        15.805289899491573
      ],
      [
        0.19629716674750247,
        0.029262595933136876,
        0.07237755505983044,
        0.13450303016998383,
        0.021014320545580306,
        0.12162578552271575,
        0.19741750087816937,
        0.10505526935350233,
        0.2692912453070766,
        0.15150195740799868,
        0.06132126886799774,
        0.20476301760865498,
        0.01383264905015914,
        0.129432647227535,
        0.10234259338379637,
        0.8387251435953338
      ]
    ]
  ],
  "probability_threshold": 0,
  "k_qubits": 7,
  "preprocessing_mode": "ideal",
  "projection_mode": "all_components",
  "projection_subset": null,
  "num_solution_qubits": 4,
  "num_projections": 16,
  "projector_basis_states": [
    0,
    1,
    2,
    3,
    4,
    5,
    6,
    7,
    8,
    9,
    10,
    11,
    12,
    13,
    14,
    15
  ],
  "enhanced_projection_results": [
    {
      "problem_index": 0,
      "projection_tasks": [
        {
          "basis_state": 0,
          "task_id": "arn:aws:braket:eu-west-2:380012739362:quantum-task/47c1064f-c045-4b03-aec4-c98bc3f58418",
          "shots": 2000,
          "projector_index": 0
        },
        {
          "basis_state": 1,
          "task_id": "arn:aws:braket:eu-west-2:380012739362:quantum-task/ac9cf49b-340a-4aea-aa4d-da652c6ce6e5",
          "shots": 2000,
          "projector_index": 1
        },
        {
          "basis_state": 2,
          "task_id": "arn:aws:braket:eu-west-2:380012739362:quantum-task/d72ebcfb-4e26-4533-ae4b-1ac046c28889",
          "shots": 2000,
          "projector_index": 2
        },
        {
          "basis_state": 3,
          "task_id": "arn:aws:braket:eu-west-2:380012739362:quantum-task/e5ce05b7-10d3-4b6d-8431-fb8f7d9635a6",
          "shots": 2000,
          "projector_index": 3
        },
        {
          "basis_state": 4,
          "task_id": "arn:aws:braket:eu-west-2:380012739362:quantum-task/8aa6f437-153d-4874-8397-b21d98831603",
          "shots": 2000,
          "projector_index": 4
        },
        {
          "basis_state": 5,
          "task_id": "arn:aws:braket:eu-west-2:380012739362:quantum-task/4034c50f-aa18-47d1-a2f2-2365c3e54fa7",
          "shots": 2000,
          "projector_index": 5
        },
        {
          "basis_state": 6,
          "task_id": "arn:aws:braket:eu-west-2:380012739362:quantum-task/5b84638a-e4a0-4cb2-8b28-656139b738a2",
          "shots": 2000,
          "projector_index": 6
        },
        {
          "basis_state": 7,
          "task_id": "arn:aws:braket:eu-west-2:380012739362:quantum-task/6f079dfc-a9d3-4604-88bc-78a43fe1b495",
          "shots": 2000,
          "projector_index": 7
        },
        {
          "basis_state": 8,
          "task_id": "arn:aws:braket:eu-west-2:380012739362:quantum-task/f4c45849-5c12-4ab4-b3a8-2fbdd7b47afa",
          "shots": 2000,
          "projector_index": 8
        },
        {
          "basis_state": 9,
          "task_id": "arn:aws:braket:eu-west-2:380012739362:quantum-task/fc32e444-0c42-4dcc-b4db-b422d70a8cb7",
          "shots": 2000,
          "projector_index": 9
        },
        {
          "basis_state": 10,
          "task_id": "arn:aws:braket:eu-west-2:380012739362:quantum-task/21a760ff-6c5e-472d-ba9e-02abdf5a5f6c",
          "shots": 2000,
          "projector_index": 10
        },
        {
          "basis_state": 11,
          "task_id": "arn:aws:braket:eu-west-2:380012739362:quantum-task/8cd201d0-24de-4b0a-aae3-094d169cfd4b",
          "shots": 2000,
          "projector_index": 11
        },
        {
          "basis_state": 12,
          "task_id": "arn:aws:braket:eu-west-2:380012739362:quantum-task/9c0d2c97-4560-4df3-a0c9-7cc2a978e67d",
          "shots": 2000,
          "projector_index": 12
        },
        {
          "basis_state": 13,
          "task_id": "arn:aws:braket:eu-west-2:380012739362:quantum-task/4b5f3566-28a4-4e78-a3e9-dddcbab5917b",
          "shots": 2000,
          "projector_index": 13
        },
        {
          "basis_state": 14,
          "task_id": "arn:aws:braket:eu-west-2:380012739362:quantum-task/b02c1195-74bb-4b04-a425-4f2a61659953",
          "shots": 2000,
          "projector_index": 14
        },
        {
          "basis_state": 15,
          "task_id": "arn:aws:braket:eu-west-2:380012739362:quantum-task/6a2887e6-c6c6-4f1a-a48d-4e4f2b9bb70f",
          "shots": 2000,
          "projector_index": 15
        }
      ],
      "depth": 13186,
      "num_projections": 16,
      "ideal_solution": [
        {
          "real": -0.06610132346064118,
          "imag": 0.0
        },
        {
          "real": 0.2736191867546088,
          "imag": 0.0
        },
        {
          "real": -0.36490301542385617,
          "imag": 0.0
        },
        {
          "real": 0.41848445492557623,
          "imag": 0.0
        },
        {
          "real": 0.4226783557900171,
          "imag": 0.0
        },
        {
          "real": 0.07661098287913386,
          "imag": 0.0
        },
        {
          "real": 0.3482644952245738,
          "imag": 0.0
        },
        {
          "real": -0.16273588632595612,
          "imag": 0.0
        },
        {
          "real": -0.19352409470664372,
          "imag": 0.0
        },
        {
          "real": -0.09416552775922335,
          "imag": 0.0
        },
        {
          "real": 0.07785859381869181,
          "imag": 0.0
        },
        {
          "real": -0.15188780306704877,
          "imag": 0.0
        },
        {
          "real": 0.08382578295903864,
          "imag": 0.0
        },
        {
          "real": -0.3969330393507022,
          "imag": 0.0
        },
        {
          "real": 0.1648128226198836,
          "imag": 0.0
        },
        {
          "real": 0.1139556501204073,
          "imag": 0.0
        }
      ]
    }
  ]
}