{
  "problem_list": [
    {
      "A_matrix": [
        [
          0.8782445565520691,
          0.9636151386927668,
          1.6972241363081333,
          1.0611079067074969,
          0.49876398452235315,
          1.8974275155518299,
          0.6907805629492547,
          1.2646443128140974
        ],
        [
          0.9636151386927668,
          0.34965584562290775,
          0.8875756473846613,
          0.8921207720286456,
          0.9141247497128839,
          1.0833384977162006,
          1.1296924630089107,
          0.7964167973348475
        ],
        [
          1.6972241363081333,
          0.8875756473846613,
          0.09672714902878932,
          1.0427907825561853,
          1.1636522287236768,
          0.37154334947924517,
          1.8129629199301385,
          0.4025189883897443
        ],
        [
          1.0611079067074969,
          0.8921207720286456,
          1.0427907825561853,
          1.1171830262132698,
          1.3347050248477836,
          0.25104511596510537,
          0.9899274383661135,
          0.9427552742130418
        ],
        [
          0.49876398452235315,
          0.9141247497128839,
          1.1636522287236768,
          1.3347050248477836,
          1.510512529383641,
          0.9804432412539883,
          1.3934069182038433,
          0.6961176853372018
        ],
        [
          1.8974275155518299,
          1.0833384977162006,
          0.37154334947924517,
          0.25104511596510537,
          0.9804432412539883,
          0.11540706820082969,
          1.261782573817755,
          1.181389793529378
        ],
        [
          0.6907805629492547,
          1.1296924630089107,
          1.8129629199301385,
          0.9899274383661135,
          1.3934069182038433,
          1.261782573817755,
          1.262251500500276,
          0.9427212042982711
        ],
        [
          1.2646443128140974,
          0.7964167973348475,
          0.4025189883897443,
          0.9427552742130418,
          0.6961176853372018,
          1.181389793529378,
          0.9427212042982711,
          1.8743193482006044
        ]
      ],
      "b_vector": [
        0.36287498306415333,
        0.25585908752893377,
        0.32203315630608464,
        0.23179888685483607,
        0.4229490895120377,
        0.3649089416695036,
        0.44488185064020386,
        0.3680454689695012
      ]
    }
  ],
  "shots": 2000,
  "backend": "sv1",
  "device_arn": "SV1",
  "aws_region": "eu-west-2",
  "ideal_preprocessing_list": [
    [
      [
        -2.4147235266091585,
        -0.9854830137174551,
        -0.402932292090451,
        0.017244505416947664,
        0.4460070910869041,
        0.7713279443329523,
        1.6632033922029663,
        8.10965692307968
      ],
      [
        0.001443597843016342,
        0.0060247041376753074,
        0.06826561762153888,
        0.02946468358075073,
        0.11903194636106815,
        0.01746626910623239,
        0.008123063397582064,
        0.9898957510099737
      ]
    ]
  ],
  "probability_threshold": 0,
  "k_qubits": 3,
  "preprocessing_mode": "ideal",
  "projection_mode": "all_components",
  "projection_subset": null,
  "num_solution_qubits": 3,
  "num_projections": 8,
  "projector_basis_states": [
    0,
    1,
    2,
    3,
    4,
    5,
    6,
    7
  ],
  "enhanced_projection_results": [
    {
      "problem_index": 0,
      "projection_tasks": [
        {
          "basis_state": 0,
          "task_id": "arn:aws:braket:eu-west-2:380012739362:quantum-task/ed280ca9-a7a2-4ae8-9a97-3a3b8f84e01e",
          "shots": 2000,
          "projector_index": 0
        },
        {
          "basis_state": 1,
          "task_id": "arn:aws:braket:eu-west-2:380012739362:quantum-task/27de3943-500a-45eb-83fe-475e885ea115",
          "shots": 2000,
          "projector_index": 1
        },
        {
          "basis_state": 2,
          "task_id": "arn:aws:braket:eu-west-2:380012739362:quantum-task/b69163ab-d166-48ca-aec0-839e5438a4d4",
          "shots": 2000,
          "projector_index": 2
        },
        {
          "basis_state": 3,
          "task_id": "arn:aws:braket:eu-west-2:380012739362:quantum-task/2e6edaef-8ba9-44c8-9e0b-9f4468df1cad",
          "shots": 2000,
          "projector_index": 3
        },
        {
          "basis_state": 4,
          "task_id": "arn:aws:braket:eu-west-2:380012739362:quantum-task/c39f5c67-1d4d-4834-aab4-6b2a69d0dc50",
          "shots": 2000,
          "projector_index": 4
        },
        {
          "basis_state": 5,
          "task_id": "arn:aws:braket:eu-west-2:380012739362:quantum-task/5e9db35f-9d69-46f9-b80a-4c3980bb92f2",
          "shots": 2000,
          "projector_index": 5
        },
        {
          "basis_state": 6,
          "task_id": "arn:aws:braket:eu-west-2:380012739362:quantum-task/e0818997-430d-49ac-bead-da2714a90e8e",
          "shots": 2000,
          "projector_index": 6
        },
        {
          "basis_state": 7,
          "task_id": "arn:aws:braket:eu-west-2:380012739362:quantum-task/f31d2b8b-8867-4faf-9b82-fcee6d0a8cdc",
          "shots": 2000,
          "projector_index": 7
        }
      ],
      "depth": 1000,
      "num_projections": 8,
      "ideal_solution": [
        {
          "real": 0.16764656521889335,
          "imag": 0.0
        },
        {
          "real": 0.2084640960549509,
          "imag": 0.0
        },
        {
          "real": -0.28891266970565477,
          "imag": 0.0
        },
        {
          "real": -0.17448390774401193,
          "imag": 0.0
        },
        {
          "real": 0.6085959409841695,
          "imag": 0.0
        },
        {
          "real": 0.424505852656664,
          "imag": 0.0
        },
        {
          "real": -0.4759551320306553,
          "imag": 0.0
        },
        {
          "real": -0.1933769867893881,
          "imag": 0.0
        }
      ]
    }
  ]
}