{
  "problem_list": [
    {
      "A_matrix": [
        [
          1.0776610156008257,
          1.1874549919907533,
          0.7462424342792349,
          1.4190218043980833,
          0.8712614472781949,
          0.6947154221786137,
          0.31446820343774506,
          1.0675553543765184
        ],
        [
          1.1874549919907533,
          1.1361394394774482,
          0.9042323812820158,
          1.1878304669671422,
          0.8302383597381849,
          1.6573712231413347,
          1.1903004507370343,
          0.16094186469819705
        ],
        [
          0.7462424342792349,
          0.9042323812820158,
          0.15585220345811868,
          1.490568103287615,
          1.47104873820622,
          0.5329962677086343,
          0.8441315387576296,
          1.1693725928190064
        ],
        [
          1.4190218043980833,
          1.1878304669671422,
          1.490568103287615,
          0.7444582533538395,
          0.7290665742581895,
          1.501757081075842,
          1.3372449097650345,
          1.4820067391612062
        ],
        [
          0.8712614472781949,
          0.8302383597381849,
          1.47104873820622,
          0.7290665742581895,
          1.145040526816541,
          1.2604692705536915,
          1.0138278268677712,
          0.5764928612847726
        ],
        [
          0.6947154221786137,
          1.6573712231413347,
          0.5329962677086343,
          1.501757081075842,
          1.2604692705536915,
          0.9746054461734566,
          0.6880632609535332,
          0.9053026401731182
        ],
        [
          0.31446820343774506,
          1.1903004507370343,
          0.8441315387576296,
          1.3372449097650345,
          1.0138278268677712,
          0.6880632609535332,
          0.2394365008831263,
          1.0368835936956629
        ],
        [
          1.0675553543765184,
          0.16094186469819705,
          1.1693725928190064,
          1.4820067391612062,
          0.5764928612847726,
          0.9053026401731182,
          1.0368835936956629,
          1.9706562173432225
        ]
      ],
      "b_vector": [
        0.2100823294216446,
        0.4388585904795775,
        0.23196871838041855,
        0.4087886933551052,
        0.4505240997613017,
        0.505753578176748,
        0.28662769619769013,
        0.03790498348654576
      ]
    }
  ],
  "shots": 2000,
  "backend": "sv1",
  "device_arn": "SV1",
  "aws_region": "eu-west-2",
  "ideal_preprocessing_list": [
    [
      [
        -1.9251131694229962,
        -0.9134994981995868,
        -0.6400860699734572,
        -0.032838727360329216,
        0.41515336444081835,
        0.7274340085276069,
        1.724623635757676,
        8.088176059336849
      ],
      [
        0.031228962133935376,
        0.07175876511260997,
        0.07410051441575542,
        0.06408014923797675,
        0.05789488179003199,
        0.07744346443953604,
        0.37314931739470203,
        0.9141600293146152
      ]
    ]
  ],
  "probability_threshold": 0,
  "k_qubits": 7,
  "preprocessing_mode": "ideal",
  "projection_mode": "all_components",
  "projection_subset": null,
  "num_solution_qubits": 3,
  "num_projections": 8,
  "projector_basis_states": [
    0,
    1,
    2,
    3,
    4,
    5,
    6,
    7
  ],
  "enhanced_projection_results": [
    {
      "problem_index": 0,
      "projection_tasks": [
        {
          "basis_state": 0,
          "task_id": "arn:aws:braket:eu-west-2:380012739362:quantum-task/c54aa4d0-7895-4d27-b3f6-eb89c2683f60",
          "shots": 2000,
          "projector_index": 0
        },
        {
          "basis_state": 1,
          "task_id": "arn:aws:braket:eu-west-2:380012739362:quantum-task/36cce688-f4f3-4d35-88f0-687fa1bf7b38",
          "shots": 2000,
          "projector_index": 1
        },
        {
          "basis_state": 2,
          "task_id": "arn:aws:braket:eu-west-2:380012739362:quantum-task/93e03cc1-abee-4314-8331-7500114e4d13",
          "shots": 2000,
          "projector_index": 2
        },
        {
          "basis_state": 3,
          "task_id": "arn:aws:braket:eu-west-2:380012739362:quantum-task/3b37c015-0884-47d9-a173-1dd7390d785c",
          "shots": 2000,
          "projector_index": 3
        },
        {
          "basis_state": 4,
          "task_id": "arn:aws:braket:eu-west-2:380012739362:quantum-task/ebee5520-1c4e-46f1-9932-d6bff11ecef5",
          "shots": 2000,
          "projector_index": 4
        },
        {
          "basis_state": 5,
          "task_id": "arn:aws:braket:eu-west-2:380012739362:quantum-task/01ae3c0b-4c0b-42aa-8807-7defbdc5ce66",
          "shots": 2000,
          "projector_index": 5
        },
        {
          "basis_state": 6,
          "task_id": "arn:aws:braket:eu-west-2:380012739362:quantum-task/a15a72c1-0d4c-48dd-97f7-a9f546147e4d",
          "shots": 2000,
          "projector_index": 6
        },
        {
          "basis_state": 7,
          "task_id": "arn:aws:braket:eu-west-2:380012739362:quantum-task/05873889-7f31-463f-9b76-7159c20195e4",
          "shots": 2000,
          "projector_index": 7
        }
      ],
      "depth": 4713,
      "num_projections": 8,
      "ideal_solution": [
        {
          "real": -0.1038050425282053,
          "imag": 0.0
        },
        {
          "real": 0.34135301424210296,
          "imag": 0.0
        },
        {
          "real": 0.3120247971529844,
          "imag": 0.0
        },
        {
          "real": 0.16858580442383447,
          "imag": 0.0
        },
        {
          "real": -0.19686976155372166,
          "imag": 0.0
        },
        {
          "real": -0.5912270470409584,
          "imag": 0.0
        },
        {
          "real": 0.5509893238354552,
          "imag": 0.0
        },
        {
          "real": -0.23457541681581387,
          "imag": 0.0
        }
      ]
    }
  ]
}