{
  "problem_list": [
    {
      "A_matrix": [
        [
          0.44533558707921705,
          1.5445297729000225,
          0.9147657680186333,
          1.1752857670477685,
          0.23198865960559,
          0.4540994214099481,
          1.0627984246053601,
          0.9308936167933901
        ],
        [
          1.5445297729000225,
          1.4291791755097318,
          1.054573182165219,
          1.8133667905105013,
          1.0557921499189962,
          1.5263300449990043,
          0.7355099444361819,
          0.3192908853050688
        ],
        [
          0.9147657680186333,
          1.054573182165219,
          1.6117683740400792,
          1.2189957979072434,
          0.1826840857687596,
          0.8773231657938193,
          0.8908116721086742,
          0.440607389455254
        ],
        [
          1.1752857670477685,
          1.8133667905105013,
          1.2189957979072434,
          0.04627836211530467,
          1.2890645017384748,
          1.1349126279911106,
          1.080692139569198,
          1.1716310533203238
        ],
        [
          0.23198865960559,
          1.0557921499189962,
          0.1826840857687596,
          1.2890645017384748,
          1.718096627852602,
          1.3751603481337826,
          1.2377549304271027,
          1.2454726698961143
        ],
        [
          0.4540994214099481,
          1.5263300449990043,
          0.8773231657938193,
          1.1349126279911106,
          1.3751603481337826,
          0.35650577006178286,
          0.6659466797031968,
          0.9507755678261395
        ],
        [
          1.0627984246053601,
          0.7355099444361819,
          0.8908116721086742,
          1.080692139569198,
          1.2377549304271027,
          0.6659466797031968,
          1.957154778462308,
          1.0924809365998378
        ],
        [
          0.9308936167933901,
          0.3192908853050688,
          0.440607389455254,
          1.1716310533203238,
          1.2454726698961143,
          0.9507755678261395,
          1.0924809365998378,
          0.6645521068365465
        ]
      ],
      "b_vector": [
        0.548223242755519,
        0.37313933918065867,
        0.2515264865931505,
        0.19823827388501272,
        0.15311172382235372,
        0.5839626867782383,
        0.13101941985952398,
        0.2757401223366001
      ]
    }
  ],
  "shots": 2000,
  "backend": "sv1",
  "device_arn": "SV1",
  "aws_region": "eu-west-2",
  "ideal_preprocessing_list": [
    [
      [
        -1.6398057079215105,
        -1.267880907955567,
        -0.7091147794039089,
        0.11376990995609329,
        0.4473614829580536,
        1.284242450560101,
        1.9352803375843697,
        8.065017996179943
      ],
      [
        0.05031800955999271,
        0.33440495403108045,
        0.19878961632769082,
        0.204627868340943,
        0.08942678062250727,
        0.1403084218051322,
        0.1897858834263424,
        0.8605517211080643
      ]
    ]
  ],
  "probability_threshold": 0,
  "k_qubits": 3,
  "preprocessing_mode": "ideal",
  "projection_mode": "all_components",
  "projection_subset": null,
  "num_solution_qubits": 3,
  "num_projections": 8,
  "projector_basis_states": [
    0,
    1,
    2,
    3,
    4,
    5,
    6,
    7
  ],
  "enhanced_projection_results": [
    {
      "problem_index": 0,
      "projection_tasks": [
        {
          "basis_state": 0,
          "task_id": "arn:aws:braket:eu-west-2:380012739362:quantum-task/20283d8e-1d89-4b69-9d0a-7a06b56e16f7",
          "shots": 2000,
          "projector_index": 0
        },
        {
          "basis_state": 1,
          "task_id": "arn:aws:braket:eu-west-2:380012739362:quantum-task/a2623c19-d6c1-4540-9a74-a79c6a43463d",
          "shots": 2000,
          "projector_index": 1
        },
        {
          "basis_state": 2,
          "task_id": "arn:aws:braket:eu-west-2:380012739362:quantum-task/984c7d7e-6a13-4d60-99b1-672cbf6ea2af",
          "shots": 2000,
          "projector_index": 2
        },
        {
          "basis_state": 3,
          "task_id": "arn:aws:braket:eu-west-2:380012739362:quantum-task/0012c743-fce0-493f-be00-a5c9eb7d4537",
          "shots": 2000,
          "projector_index": 3
        },
        {
          "basis_state": 4,
          "task_id": "arn:aws:braket:eu-west-2:380012739362:quantum-task/84088c49-4a80-4177-9e3f-22e6deea3588",
          "shots": 2000,
          "projector_index": 4
        },
        {
          "basis_state": 5,
          "task_id": "arn:aws:braket:eu-west-2:380012739362:quantum-task/940fe336-1d88-4b15-9eda-eed5f3fb7ad8",
          "shots": 2000,
          "projector_index": 5
        },
        {
          "basis_state": 6,
          "task_id": "arn:aws:braket:eu-west-2:380012739362:quantum-task/cd3ed5f1-5c51-419b-97eb-2af7ccd024bd",
          "shots": 2000,
          "projector_index": 6
        },
        {
          "basis_state": 7,
          "task_id": "arn:aws:braket:eu-west-2:380012739362:quantum-task/c4018e8f-796c-486b-90ee-9a5a69c218ce",
          "shots": 2000,
          "projector_index": 7
        }
      ],
      "depth": 990,
      "num_projections": 8,
      "ideal_solution": [
        {
          "real": 0.33884070480391226,
          "imag": 0.0
        },
        {
          "real": -0.10758761232685812,
          "imag": 0.0
        },
        {
          "real": -0.050558846918643055,
          "imag": 0.0
        },
        {
          "real": 0.2356759709908751,
          "imag": 0.0
        },
        {
          "real": -0.1685820406536389,
          "imag": 0.0
        },
        {
          "real": -0.17093211036465897,
          "imag": 0.0
        },
        {
          "real": -0.4618364239668837,
          "imag": 0.0
        },
        {
          "real": 0.737957958728259,
          "imag": 0.0
        }
      ]
    }
  ]
}