{
  "problem_list": [
    {
      "A_matrix": [
        [
          0.17196195874246878,
          1.5109970882582018,
          0.5025080898845715,
          0.7380476319542113,
          1.447476661515537,
          1.1678050749320814,
          0.26967079376782066,
          0.8235533773111138,
          0.07029952323576472,
          1.4084719263823118,
          0.5781121523375542,
          0.7103196696740313,
          0.9229069008082873,
          0.5353688648007082,
          0.3198547593066231,
          1.824289101863572
        ],
        [
          1.5109970882582018,
          0.018854844523778835,
          0.6284286374878677,
          0.8892805969747395,
          1.194339510948962,
          1.1570644939221084,
          0.961051504632384,
          1.6125176855134087,
          1.040212856626903,
          0.6534803277279315,
          0.07899717905786308,
          1.3127929656022006,
          0.8376665501601853,
          0.7851966740288867,
          1.7516294310830633,
          0.8924750845262003
        ],
        [
          0.5025080898845715,
          0.6284286374878677,
          1.7134171358225143,
          0.02897619615881275,
          1.425973854945798,
          0.8995412597557706,
          1.4024920648560961,
          0.7011889716204075,
          1.2859848849481246,
          0.3202002366187855,
          0.5519228335780842,
          1.6857536220738973,
          1.4315837060308323,
          0.7408761682565028,
          1.7201311513434603,
          0.5582754577607453
        ],
        [
          0.7380476319542113,
          0.8892805969747395,
          0.02897619615881275,
          1.8881438969794313,
          0.7914402789561118,
          1.4053306113223176,
          1.2041478058852009,
          0.5808929061189788,
          0.7031853983989199,
          1.8867747530407892,
          1.2511086351740244,
          1.036433432899026,
          1.3863943302993804,
          0.16340496857258924,
          0.7361361502931907,
          1.9477247538495162
        ],
        [
          1.447476661515537,
          1.194339510948962,
          1.425973854945798,
          0.7914402789561118,
          1.6021978619762693,
          0.8888024839439194,
          0.6623249084699546,
          1.5438213498953317,
          1.4402641619831464,
          0.9598748521805963,
          0.21957185256736578,
          1.8915888082162653,
          1.4681664079745804,
          1.1008207185479413,
          1.1576235266205939,
          0.6882969592624367
        ],
        [
          1.1678050749320814,
          1.1570644939221084,
          0.8995412597557706,
          1.4053306113223176,
          0.8888024839439194,
          0.4170631594041849,
          1.4341636831364202,
          0.9821359960264108,
          0.8909854307867521,
          0.5282180457026603,
          1.3496025589427751,
          0.8227011542214915,
          0.789959667065983,
          0.47472970820203486,
          1.2442539264506398,
          1.8037533006067212
        ],
        [
          0.26967079376782066,
          0.961051504632384,
          1.4024920648560961,
          1.2041478058852009,
          0.6623249084699546,
          1.4341636831364202,
          0.4047666538009955,
          0.6741811800543359,
          0.6867484937446384,
          0.964043125501113,
          0.4788004011238318,
          0.6278554142408326,
          1.7186027921256253,
          1.3673629436713952,
          0.9434977138804567,
          0.9336124748338563
        ],
        [
          0.8235533773111138,
          1.6125176855134087,
          0.7011889716204075,
          0.5808929061189788,
          1.5438213498953317,
          0.9821359960264108,
          0.6741811800543359,
          1.782112224405322,
          1.081467206091346,
          1.2164103339783434,
          1.203738953166171,
          1.6186903623387536,
          1.1142026771006248,
          0.9216502928100307,
          0.7094745566943267,
          1.639861071253958
        ],
        [
          0.07029952323576472,
          1.040212856626903,
          1.2859848849481246,
          0.7031853983989199,
          1.4402641619831464,
          0.8909854307867521,
          0.6867484937446384,
          1.081467206091346,
          0.6077830202535224,
          0.569748530326467,
          1.3988446465077693,
          1.2624874207369763,
          0.2404292338667673,
          1.7700122515434435,
          1.1479377653293326,
          0.7019595734091905
        ],
        [
          1.4084719263823118,
          0.6534803277279315,
          0.3202002366187855,
          1.8867747530407892,
          0.9598748521805963,
          0.5282180457026603,
          0.964043125501113,
          1.2164103339783434,
          0.569748530326467,
          0.6656872991890592,
          0.8238217325663421,
          0.9171487093020303,
          1.537895046996287,
          1.09437143535941,
          0.8865072904212226,
          0.9349080020700338
        ],
        [
          0.5781121523375542,
          0.07899717905786308,
          0.5519228335780842,
          1.2511086351740244,
          0.21957185256736578,
          1.3496025589427751,
          0.4788004011238318,
          1.203738953166171,
          1.3988446465077693,
          0.8238217325663421,
          0.45623298576019344,
          0.9945225578139731,
          0.781213851157703,
          0.7078505975884128,
          0.7314058603465735,
          1.7316621337049902
        ],
        [
          0.7103196696740313,
          1.3127929656022006,
          1.6857536220738973,
          1.036433432899026,
          1.8915888082162653,
          0.8227011542214915,
          0.6278554142408326,
          1.6186903623387536,
          1.2624874207369763,
          0.9171487093020303,
          0.9945225578139731,
          1.3284474088092224,
          0.7224635243964032,
          1.0352042782204212,
          0.948370378445209,
          0.3257878766860586
        ],
        [
          0.9229069008082873,
          0.8376665501601853,
          1.4315837060308323,
          1.3863943302993804,
          1.4681664079745804,
          0.789959667065983,
          1.7186027921256253,
          1.1142026771006248,
          0.2404292338667673,
          1.537895046996287,
          0.781213851157703,
          0.7224635243964032,
          0.368891587313793,
          1.2269713042821806,
          1.7551575826490495,
          0.6883837279118109
        ],
        [
          0.5353688648007082,
          0.7851966740288867,
          0.7408761682565028,
          0.16340496857258924,
          1.1008207185479413,
          0.47472970820203486,
          1.3673629436713952,
          0.9216502928100307,
          1.7700122515434435,
          1.09437143535941,
          0.7078505975884128,
          1.0352042782204212,
          1.2269713042821806,
          1.462443513281793,
          0.5816849146778845,
          1.7084573009595572
        ],
        [
          0.3198547593066231,
          1.7516294310830633,
          1.7201311513434603,
          0.7361361502931907,
          1.1576235266205939,
          1.2442539264506398,
          0.9434977138804567,
          0.7094745566943267,
          1.1479377653293326,
          0.8865072904212226,
          0.7314058603465735,
          0.948370378445209,
          1.7551575826490495,
          0.5816849146778845,
          0.5583438901380011,
          0.6848776075855945
        ],
        [
          1.824289101863572,
          0.8924750845262003,
          0.5582754577607453,
          1.9477247538495162,
          0.6882969592624367,
          1.8037533006067212,
          0.9336124748338563,
          1.639861071253958,
          0.7019595734091905,
          0.9349080020700338,
          1.7316621337049902,
          0.3257878766860586,
          0.6883837279118109,
          1.7084573009595572,
          0.6848776075855945,
          0.38988322323960634
        ]
      ],
      "b_vector": [
        0.26965859631716865,
        0.16324547201101985,
        0.27079820287989514,
        0.23570838738246605,
        0.2871332074215414,
        0.3667803061555839,
        0.014264424110351252,
        0.3399768909211844,
        0.3188250111605083,
        0.31361231837288844,
        0.2257809203918176,
        0.10552792110495651,
        0.17021513163519944,
        0.2072998810429278,
        0.06004426093646049,
        0.3183033610873393
      ]
    }
  ],
  "shots": 2000,
  "backend": "sv1",
  "device_arn": "SV1",
  "aws_region": "eu-west-2",
  "ideal_preprocessing_list": [
    [
      [
        -3.081469589066953,
        -2.6568216286949093,
        -2.167331111985442,
        -1.7024998709252557,
        -1.1508250987572115,
        -1.0232390116930319,
        -0.4789820437167571,
        -0.24983776706222743,
        0.1408694746850519,
        0.36666017174020815,
        0.9218683069374103,
        1.305920684062711,
        1.8170032888150942,
        2.084020877026158,
        3.6312335630012735,
        16.07966041927403
      ],
      [
        0.03173389305299294,
        0.05548051531225336,
        0.15941052050675092,
        0.07967584497004107,
        0.12208044927856168,
        0.13902912148668267,
        0.07038945823739276,
        0.1094503852631871,
        0.11799723444866161,
        0.08306391715065903,
        0.05547967450802304,
        0.050649817304732496,
        0.029583201017764054,
        0.16783117666824213,
        0.11691416362223134,
        0.9185915150400552
      ]
    ]
  ],
  "probability_threshold": 0,
  "k_qubits": 5,
  "preprocessing_mode": "ideal",
  "projection_mode": "all_components",
  "projection_subset": null,
  "num_solution_qubits": 4,
  "num_projections": 16,
  "projector_basis_states": [
    0,
    1,
    2,
    3,
    4,
    5,
    6,
    7,
    8,
    9,
    10,
    11,
    12,
    13,
    14,
    15
  ],
  "enhanced_projection_results": [
    {
      "problem_index": 0,
      "projection_tasks": [
        {
          "basis_state": 0,
          "task_id": "arn:aws:braket:eu-west-2:380012739362:quantum-task/12920133-678d-46fd-af29-f845eda49ab9",
          "status": "DONE",
          "shots": 2000,
          "created_at": "2025-12-22 19:03:42.917000+00:00",
          "ended_at": "2025-12-22 19:03:49.151000+00:00",
          "execution_time_seconds": 6.234,
          "counts": {
            "0101000000": 244,
            "1001000000": 198,
            "1101000000": 108,
            "0010000000": 113,
            "1011000000": 43,
            "1000000000": 203,
            "0011000000": 126,
            "0111000000": 256,
            "1100000000": 64,
            "1111000000": 183,
            "0110000001": 6,
            "0000000000": 104,
            "1010000000": 77,
            "0100000000": 124,
            "0001000000": 65,
            "0100100000": 1,
            "1110000000": 8,
            "1110100001": 2,
            "0100000001": 4,
            "0000000001": 10,
            "1000000001": 3,
            "0000110001": 1,
            "1001000011": 1,
            "1101110001": 1,
            "1001100101": 3,
            "1011001001": 2,
            "0010100001": 3,
            "1010000001": 6,
            "0100110001": 2,
            "0111111001": 1,
            "0111000001": 3,
            "1111000001": 5,
            "1000100101": 1,
            "1011100001": 2,
            "0110100000": 1,
            "1000010000": 1,
            "1110110001": 1,
            "0100010001": 2,
            "1101100001": 1,
            "1000100000": 1,
            "0110000000": 3,
            "1000110001": 1,
            "1000111001": 1,
            "0111110001": 2,
            "0001110001": 1,
            "0001000001": 1,
            "0010011000": 1,
            "0011000001": 2,
            "0011010000": 1,
            "0101101001": 1,
            "1111110001": 1,
            "0100001001": 2,
            "0010000001": 1,
            "1100011001": 1,
            "1010100001": 1
          },
          "component_probability": 0.14666666666666667,
          "success_rate": 0.0375
        },
        {
          "basis_state": 1,
          "task_id": "arn:aws:braket:eu-west-2:380012739362:quantum-task/c2116799-1eaf-4af2-b414-93cd323e8024",
          "status": "DONE",
          "shots": 2000,
          "created_at": "2025-12-22 19:03:46.109000+00:00",
          "ended_at": "2025-12-22 19:03:51.812000+00:00",
          "execution_time_seconds": 5.703,
          "counts": {
            "1111000000": 150,
            "0111000000": 279,
            "0000000000": 110,
            "1000000000": 195,
            "0101000000": 255,
            "1001000000": 204,
            "0011000000": 109,
            "0010000000": 105,
            "0011000001": 9,
            "0100000000": 128,
            "1010000001": 9,
            "1101000000": 103,
            "1100000000": 54,
            "1011000000": 34,
            "0001000000": 89,
            "1010000000": 85,
            "0000000001": 6,
            "1010100001": 2,
            "0010100001": 5,
            "0111000001": 3,
            "1001110001": 2,
            "0111110000": 1,
            "1001000001": 1,
            "0100100001": 2,
            "1111000001": 7,
            "0110000001": 3,
            "0111110001": 2,
            "0011100000": 1,
            "0110000000": 5,
            "1110000000": 12,
            "1000010001": 2,
            "0010010001": 1,
            "0001000001": 2,
            "0101100000": 1,
            "0100000001": 1,
            "1000100101": 1,
            "1011110001": 1,
            "1011000001": 1,
            "1000010000": 2,
            "1001001000": 2,
            "0100010001": 2,
            "0101010000": 1,
            "1101110001": 1,
            "1100111000": 1,
            "0100110000": 1,
            "1100100001": 1,
            "1000000001": 2,
            "1000111000": 1,
            "1000110100": 1,
            "1100110001": 1,
            "0110100001": 1,
            "0100010000": 1,
            "0000110001": 1,
            "1100110011": 1
          },
          "component_probability": 0.02857142857142857,
          "success_rate": 0.035
        },
        {
          "basis_state": 2,
          "task_id": "arn:aws:braket:eu-west-2:380012739362:quantum-task/62aa9f17-59c4-4188-8ea3-f1ac3a9dcdcf",
          "status": "DONE",
          "shots": 2000,
          "created_at": "2025-12-22 19:03:49.459000+00:00",
          "ended_at": "2025-12-22 19:03:55.930000+00:00",
          "execution_time_seconds": 6.471,
          "counts": {
            "0101000000": 257,
            "1001000000": 199,
            "0011000000": 126,
            "1000110001": 2,
            "0111000000": 257,
            "1010000001": 7,
            "1111000000": 177,
            "0000000000": 123,
            "0100000000": 125,
            "1101000000": 96,
            "0010000000": 95,
            "1000000000": 185,
            "1110000000": 7,
            "0110000000": 3,
            "0001000000": 74,
            "1010000000": 77,
            "1100000000": 65,
            "1011000000": 51,
            "1110100001": 6,
            "1011100001": 2,
            "0011000001": 2,
            "1011000001": 1,
            "1111000001": 3,
            "0010111001": 2,
            "0111000001": 8,
            "0111110000": 2,
            "1001110001": 1,
            "1111100001": 1,
            "1000000001": 4,
            "0000000001": 8,
            "0110000001": 10,
            "0100010001": 1,
            "0001100001": 1,
            "0010100000": 1,
            "1011011001": 1,
            "1000000010": 1,
            "1010100001": 2,
            "0101100001": 1,
            "0010100001": 1,
            "0001110001": 1,
            "0101010001": 1,
            "1100100001": 2,
            "1100001000": 1,
            "0100001001": 1,
            "1001010000": 1,
            "0011010111": 1,
            "1001000001": 1,
            "1001110101": 1,
            "0100000001": 1,
            "0010000001": 1,
            "1001001101": 1,
            "0111100000": 1,
            "0110100001": 1
          },
          "component_probability": 0.05263157894736842,
          "success_rate": 0.038
        },
        {
          "basis_state": 3,
          "task_id": "arn:aws:braket:eu-west-2:380012739362:quantum-task/88038fe1-2fe6-4518-982a-e7ca477b57a5",
          "status": "DONE",
          "shots": 2000,
          "created_at": "2025-12-22 19:03:52.886000+00:00",
          "ended_at": "2025-12-22 19:03:57.480000+00:00",
          "execution_time_seconds": 4.594,
          "counts": {
            "0111000000": 268,
            "0000000000": 112,
            "1001000000": 201,
            "0101000000": 261,
            "1000000000": 200,
            "1011000000": 45,
            "0011000000": 110,
            "0001000000": 76,
            "1000001001": 1,
            "0010000000": 104,
            "0110000000": 5,
            "1101000000": 94,
            "1111000000": 161,
            "1010000000": 89,
            "1000000001": 6,
            "0000000001": 13,
            "0100000000": 124,
            "1001000001": 3,
            "1110100001": 3,
            "1110000000": 9,
            "1100000000": 61,
            "1010000001": 4,
            "0100001001": 1,
            "1011010001": 2,
            "0100110001": 3,
            "0010100001": 1,
            "1110110001": 1,
            "1100100001": 1,
            "0100000001": 1,
            "0110010000": 1,
            "0111100101": 1,
            "1011000001": 1,
            "1010100001": 1,
            "1111000001": 4,
            "0000100001": 1,
            "1011100001": 1,
            "0010000001": 3,
            "0100010001": 1,
            "0100000101": 1,
            "1010010001": 2,
            "0101110001": 1,
            "0011000001": 2,
            "1101111011": 1,
            "1000100101": 1,
            "1010101101": 1,
            "1101100001": 1,
            "0100100001": 1,
            "0111000001": 2,
            "1011110101": 1,
            "0111110001": 1,
            "0011101000": 1,
            "1000110001": 1,
            "0011011111": 1,
            "1000100000": 1,
            "0001100101": 1,
            "1001110001": 1,
            "1001111001": 1,
            "0000110001": 1,
            "0100101001": 1,
            "0100111001": 1,
            "0110001000": 1
          },
          "component_probability": 0.039473684210526314,
          "success_rate": 0.038
        },
        {
          "basis_state": 4,
          "task_id": "arn:aws:braket:eu-west-2:380012739362:quantum-task/8dbfd5a4-5b0d-4927-a538-0469cdde9bce",
          "status": "DONE",
          "shots": 2000,
          "created_at": "2025-12-22 19:03:57.246000+00:00",
          "ended_at": "2025-12-22 19:04:02.578000+00:00",
          "execution_time_seconds": 5.332,
          "counts": {
            "1010000000": 101,
            "0101000000": 276,
            "0111000000": 290,
            "0100000000": 128,
            "0011000000": 108,
            "0001000000": 91,
            "1001000000": 155,
            "1111000000": 152,
            "0001000001": 5,
            "1100000000": 49,
            "1000000000": 198,
            "1001111000": 1,
            "0000000000": 102,
            "0010000000": 107,
            "1101000000": 99,
            "1010000001": 13,
            "1011000000": 40,
            "1010000101": 1,
            "1000010001": 1,
            "0000000001": 8,
            "1110000000": 12,
            "0111000001": 2,
            "1001110001": 1,
            "0010100001": 1,
            "1100111001": 1,
            "0011000001": 5,
            "0011100000": 2,
            "1111000001": 4,
            "0100001001": 1,
            "0100010001": 1,
            "1110110001": 1,
            "0000100001": 3,
            "0110000000": 5,
            "1000100000": 2,
            "1100110011": 1,
            "1010010001": 1,
            "1001011001": 1,
            "1100001100": 1,
            "1110001001": 1,
            "1100110001": 1,
            "0100100001": 3,
            "1010011001": 1,
            "1000100001": 1,
            "0101100000": 1,
            "0000000110": 1,
            "1010100001": 2,
            "0111101001": 1,
            "1110000101": 1,
            "0110100001": 2,
            "1000000001": 2,
            "1000110001": 1,
            "1101101000": 1,
            "0011100111": 1,
            "0111101000": 1,
            "0011010111": 1,
            "1110100001": 1,
            "1011110010": 1,
            "0100101000": 1,
            "1000100111": 1,
            "0001110001": 1,
            "0100110001": 1,
            "0010110101": 1,
            "0010010001": 1
          },
          "component_probability": 0.08,
          "success_rate": 0.0375
        },
        {
          "basis_state": 5,
          "task_id": "arn:aws:braket:eu-west-2:380012739362:quantum-task/00f0babf-4185-40db-b6c6-e2b700107713",
          "status": "DONE",
          "shots": 2000,
          "created_at": "2025-12-22 19:04:00.472000+00:00",
          "ended_at": "2025-12-22 19:04:05.559000+00:00",
          "execution_time_seconds": 5.087,
          "counts": {
            "0111000000": 250,
            "1001000000": 190,
            "0101000000": 228,
            "0011000000": 131,
            "0000000000": 102,
            "1000000000": 209,
            "1111000000": 157,
            "0010000000": 103,
            "1011000000": 42,
            "1010000000": 102,
            "0100011000": 1,
            "1101000000": 100,
            "0100000000": 143,
            "0001000000": 74,
            "1010110001": 1,
            "0010101001": 1,
            "1100000000": 67,
            "1100101000": 1,
            "0011000001": 3,
            "1111000001": 4,
            "0100100001": 3,
            "0000000001": 18,
            "1100110001": 1,
            "0001000001": 2,
            "1110000000": 4,
            "0010000001": 2,
            "0110100001": 1,
            "1110100001": 1,
            "0100110001": 3,
            "1000010001": 2,
            "0100000001": 1,
            "0111110001": 3,
            "1000000001": 2,
            "0111000001": 4,
            "1010010001": 1,
            "1011000001": 2,
            "0110000001": 5,
            "0110000000": 4,
            "1010100111": 1,
            "1010000001": 11,
            "1010100001": 1,
            "1101111001": 1,
            "1110110001": 1,
            "1011111000": 1,
            "1001010000": 1,
            "0111011000": 1,
            "0000110001": 1,
            "0001100001": 1,
            "1110100000": 1,
            "1001000001": 1,
            "1011100001": 1,
            "1000110001": 1,
            "1001100111": 1,
            "1001000100": 1,
            "1011110001": 1,
            "1011001001": 1,
            "0010010001": 1,
            "1100111001": 1,
            "0111100000": 1,
            "1101110001": 1
          },
          "component_probability": 0.0,
          "success_rate": 0.043
        },
        {
          "basis_state": 6,
          "task_id": "arn:aws:braket:eu-west-2:380012739362:quantum-task/f9adb2a4-305d-4fd6-83a1-1bf4b7519434",
          "status": "DONE",
          "shots": 2000,
          "created_at": "2025-12-22 19:04:03.575000+00:00",
          "ended_at": "2025-12-22 19:04:10.224000+00:00",
          "execution_time_seconds": 6.649,
          "counts": {
            "0011000000": 148,
            "0101000000": 244,
            "1001000000": 195,
            "1010000000": 88,
            "1000000000": 213,
            "1111000000": 170,
            "0111000000": 270,
            "0001000000": 72,
            "0010000000": 104,
            "0100000000": 122,
            "1100000000": 64,
            "1011000000": 42,
            "0000110001": 1,
            "0000000000": 93,
            "1101000000": 78,
            "1111000001": 1,
            "0110000001": 4,
            "0100010001": 2,
            "1001111001": 1,
            "0011000001": 8,
            "0010010001": 1,
            "0110100001": 1,
            "0000000001": 8,
            "1001110000": 1,
            "1010000001": 8,
            "1110110000": 1,
            "1110000000": 9,
            "1011000001": 1,
            "1011100001": 1,
            "1110100001": 5,
            "1011011000": 1,
            "0000011011": 1,
            "1010100001": 3,
            "1000110011": 1,
            "0111000001": 4,
            "1011001001": 2,
            "0011100000": 1,
            "0100100001": 3,
            "1001110100": 1,
            "1000000001": 3,
            "1111110001": 1,
            "0110000000": 2,
            "1000110000": 1,
            "0100000001": 1,
            "1100100001": 1,
            "1001110001": 2,
            "1000010001": 2,
            "0001000001": 3,
            "1000110101": 2,
            "0110010001": 1,
            "0111110001": 1,
            "1100011001": 1,
            "1010110001": 1,
            "1000010000": 1,
            "1000000101": 1,
            "1101110001": 1,
            "1011110001": 1,
            "0100110001": 1
          },
          "component_probability": 0.0759493670886076,
          "success_rate": 0.0395
        },
        {
          "basis_state": 7,
          "task_id": "arn:aws:braket:eu-west-2:380012739362:quantum-task/1d6fe860-c6f9-4444-aace-4e7fb293c7c4",
          "status": "DONE",
          "shots": 2000,
          "created_at": "2025-12-22 19:04:07.353000+00:00",
          "ended_at": "2025-12-22 19:04:12.521000+00:00",
          "execution_time_seconds": 5.168,
          "counts": {
            "1100000000": 67,
            "1000000000": 217,
            "0111000000": 268,
            "0100000000": 133,
            "0010000000": 111,
            "0101000000": 247,
            "0011000000": 117,
            "1111000000": 172,
            "1000000001": 3,
            "0001000000": 79,
            "1001000000": 203,
            "1010000000": 83,
            "1010000001": 11,
            "0100000001": 3,
            "1101000000": 86,
            "0110000001": 7,
            "0000000000": 91,
            "0010100001": 3,
            "1001110000": 1,
            "1111000001": 6,
            "1011000000": 33,
            "1001010101": 1,
            "0001110001": 1,
            "0000110001": 1,
            "0010000001": 1,
            "1110100001": 4,
            "1110000000": 10,
            "1101111001": 1,
            "1000010001": 3,
            "0111000001": 2,
            "0000000001": 5,
            "0001000001": 3,
            "1110110001": 2,
            "0110010000": 1,
            "1001000001": 1,
            "0111110000": 1,
            "0100100001": 1,
            "1010011011": 1,
            "0100010001": 1,
            "0110000000": 3,
            "1010100001": 1,
            "1001101001": 1,
            "1100100001": 1,
            "1100111001": 1,
            "0011001000": 1,
            "1110110000": 1,
            "1001000101": 1,
            "0100010000": 1,
            "0011000001": 2,
            "0011100000": 2,
            "0001001000": 1,
            "0111110001": 1,
            "0100110000": 1,
            "1000111001": 1
          },
          "component_probability": 0.04285714285714286,
          "success_rate": 0.035
        },
        {
          "basis_state": 8,
          "task_id": "arn:aws:braket:eu-west-2:380012739362:quantum-task/6c74fdb2-98ab-459d-b03c-f32b603b1a6f",
          "status": "DONE",
          "shots": 2000,
          "created_at": "2025-12-22 19:04:10.946000+00:00",
          "ended_at": "2025-12-22 19:04:17.283000+00:00",
          "execution_time_seconds": 6.337,
          "counts": {
            "0100000000": 141,
            "1000000000": 211,
            "1101000000": 78,
            "1010100001": 1,
            "0110000000": 7,
            "0111000000": 271,
            "1111000000": 206,
            "0010000000": 93,
            "0101000000": 243,
            "0100011000": 1,
            "0001000000": 75,
            "1010000000": 80,
            "1001000000": 183,
            "0000000000": 109,
            "0011000000": 114,
            "1011000000": 44,
            "1110000000": 15,
            "1100000000": 58,
            "0111000001": 6,
            "0110000001": 3,
            "1111000001": 5,
            "0000000001": 8,
            "1010000001": 9,
            "0100110001": 2,
            "0111010001": 1,
            "0100010001": 2,
            "0111001111": 1,
            "1001010000": 1,
            "0011000001": 2,
            "0100111001": 1,
            "0101011001": 1,
            "1001000001": 1,
            "1000100000": 2,
            "0111110001": 4,
            "1000010001": 2,
            "1001111000": 1,
            "1000110001": 2,
            "0111101001": 1,
            "1011010001": 1,
            "0001000001": 2,
            "0010000001": 1,
            "1000111001": 1,
            "1011100001": 1,
            "0110100001": 2,
            "0001100000": 1,
            "1011110001": 1,
            "0000100000": 1,
            "1100101000": 1,
            "1001101001": 1,
            "0001110001": 1,
            "0100101000": 1
          },
          "component_probability": 0.07936507936507936,
          "success_rate": 0.0315
        },
        {
          "basis_state": 9,
          "task_id": "arn:aws:braket:eu-west-2:380012739362:quantum-task/3757881f-4fba-4375-82ce-96f9ad591d04",
          "status": "DONE",
          "shots": 2000,
          "created_at": "2025-12-22 19:04:14.070000+00:00",
          "ended_at": "2025-12-22 19:04:18.902000+00:00",
          "execution_time_seconds": 4.832,
          "counts": {
            "0000000000": 113,
            "0111000000": 277,
            "0010000000": 100,
            "0101000000": 260,
            "0110000000": 7,
            "1111000000": 147,
            "1000000000": 195,
            "1101000000": 82,
            "1001000000": 196,
            "0011000000": 121,
            "0010111101": 1,
            "1010000000": 88,
            "0100000000": 131,
            "0001000000": 85,
            "1011000000": 40,
            "1100000000": 53,
            "0000000001": 12,
            "1011010001": 1,
            "0011000001": 7,
            "0110000001": 9,
            "0111000001": 6,
            "0100010001": 1,
            "1110000000": 13,
            "1110100001": 2,
            "1010000001": 13,
            "0000100001": 1,
            "1000000001": 5,
            "0100100001": 1,
            "1010100001": 1,
            "0111110001": 2,
            "1111000001": 5,
            "1001000001": 1,
            "0001000001": 1,
            "0111110000": 1,
            "1011000001": 1,
            "0100000101": 1,
            "1001100000": 2,
            "1100100001": 1,
            "1110000101": 1,
            "1011100001": 1,
            "1000110000": 1,
            "0000110001": 1,
            "0100110000": 1,
            "0100110001": 1,
            "0010100001": 1,
            "1011111000": 1,
            "0110010000": 1,
            "0010111001": 1,
            "0010011100": 1,
            "1000101001": 1,
            "1000110001": 1,
            "1011110001": 1,
            "1011111001": 1,
            "0111101001": 1,
            "1000000100": 1
          },
          "component_probability": 0.012048192771084338,
          "success_rate": 0.0415
        },
        {
          "basis_state": 10,
          "task_id": "arn:aws:braket:eu-west-2:380012739362:quantum-task/3e2f832f-b8f9-4ee3-bb86-8e88a45c4acd",
          "status": "DONE",
          "shots": 2000,
          "created_at": "2025-12-22 19:04:17.392000+00:00",
          "ended_at": "2025-12-22 19:04:21.981000+00:00",
          "execution_time_seconds": 4.589,
          "counts": {
            "1101000000": 97,
            "0101000000": 260,
            "0011000000": 149,
            "0100000000": 134,
            "0010000000": 120,
            "1000000000": 181,
            "1001000000": 194,
            "0001000000": 76,
            "1111000000": 154,
            "0111000000": 242,
            "0000000000": 99,
            "0010111001": 1,
            "0001100000": 1,
            "1100000000": 65,
            "1111000001": 9,
            "0001000001": 3,
            "1011111101": 1,
            "0110000000": 11,
            "0000000001": 12,
            "1100110001": 1,
            "1010000000": 81,
            "1001010001": 1,
            "1000000001": 6,
            "1011000000": 39,
            "1110100001": 3,
            "1100111001": 1,
            "0011000001": 5,
            "1110000000": 9,
            "1001011001": 1,
            "0101000111": 1,
            "1100101100": 1,
            "1110110001": 2,
            "0111100000": 1,
            "0010100001": 2,
            "1011000001": 3,
            "1011010001": 1,
            "0111000001": 4,
            "1010000001": 7,
            "1110001010": 1,
            "0101010001": 2,
            "0100110001": 2,
            "0111101001": 1,
            "0110000001": 3,
            "0010000001": 1,
            "0000110001": 1,
            "1011100001": 1,
            "1010100001": 1,
            "1001001000": 1,
            "0100000001": 1,
            "1000111001": 1,
            "0101110000": 1,
            "0111110001": 1,
            "0110100001": 1,
            "1111001110": 1,
            "1100011001": 1,
            "0100010001": 1
          },
          "component_probability": 0.0975609756097561,
          "success_rate": 0.041
        },
        {
          "basis_state": 11,
          "task_id": "arn:aws:braket:eu-west-2:380012739362:quantum-task/a6744605-cb45-4fbe-94e7-5a830fad5e1d",
          "status": "DONE",
          "shots": 2000,
          "created_at": "2025-12-22 19:04:20.419000+00:00",
          "ended_at": "2025-12-22 19:04:25.839000+00:00",
          "execution_time_seconds": 5.42,
          "counts": {
            "1100000000": 68,
            "1011000000": 53,
            "1001000000": 199,
            "0010000000": 100,
            "1010000000": 83,
            "1101000000": 99,
            "0011110001": 1,
            "1111000000": 165,
            "1110010000": 1,
            "0100000000": 130,
            "0111000000": 278,
            "0101000000": 238,
            "0011000000": 125,
            "1000000000": 186,
            "0000000000": 90,
            "1110000000": 10,
            "1110100001": 4,
            "0001000000": 83,
            "0000000001": 20,
            "1010000001": 9,
            "0101010001": 1,
            "1011110001": 2,
            "1111000001": 3,
            "0111000001": 1,
            "0011000001": 3,
            "0010110000": 1,
            "0100010000": 1,
            "1000110001": 1,
            "1111100001": 1,
            "0110000000": 6,
            "1010100001": 2,
            "0011101001": 1,
            "0110100001": 2,
            "1110100101": 2,
            "0101000001": 1,
            "1000000001": 3,
            "0010100001": 1,
            "0011001000": 1,
            "1010110000": 1,
            "0001000001": 2,
            "1100100001": 1,
            "1100110001": 1,
            "1001111001": 1,
            "1011110101": 1,
            "1001000001": 2,
            "1000111001": 1,
            "0100100001": 3,
            "1001110101": 1,
            "1011100001": 1,
            "1001110001": 2,
            "0001100101": 1,
            "0001011000": 1,
            "0101110001": 1,
            "0111100100": 1,
            "0001110001": 1,
            "1010110111": 1,
            "0010000001": 1,
            "1011001001": 1
          },
          "component_probability": 0.0625,
          "success_rate": 0.04
        },
        {
          "basis_state": 12,
          "task_id": "arn:aws:braket:eu-west-2:380012739362:quantum-task/177e45df-9b48-4b2a-b9a8-103d5b330e47",
          "status": "DONE",
          "shots": 2000,
          "created_at": "2025-12-22 19:04:23.714000+00:00",
          "ended_at": "2025-12-22 19:04:29.998000+00:00",
          "execution_time_seconds": 6.284,
          "counts": {
            "0100000000": 126,
            "1001000000": 205,
            "0010000000": 100,
            "1010000000": 78,
            "0000000000": 100,
            "0101000000": 231,
            "1000000000": 217,
            "1011000000": 45,
            "1111000000": 151,
            "1101000000": 87,
            "0011000000": 142,
            "1110000000": 10,
            "1010000001": 10,
            "0111000000": 265,
            "1100000000": 62,
            "0000000001": 13,
            "1000000001": 3,
            "0100110001": 3,
            "0110000000": 6,
            "0001000000": 90,
            "0000110000": 1,
            "0110000001": 4,
            "1111000001": 3,
            "0111001001": 1,
            "1001101001": 1,
            "1110100001": 3,
            "0111000001": 2,
            "0011000001": 4,
            "0001110001": 2,
            "1000010001": 3,
            "0001000001": 2,
            "0010000001": 3,
            "1111010001": 1,
            "1011100001": 1,
            "0110001000": 1,
            "1111110001": 1,
            "1000010000": 1,
            "1001110001": 2,
            "0110100001": 1,
            "1001010000": 1,
            "0010100001": 1,
            "1000110101": 1,
            "1000100000": 1,
            "1010100001": 2,
            "1110100111": 1,
            "1000110001": 1,
            "1110110001": 1,
            "0000100001": 1,
            "0101110001": 1,
            "0111010101": 1,
            "0010111001": 1,
            "0101010000": 1,
            "0101011100": 1,
            "1011111001": 1,
            "1101110001": 1,
            "0001100000": 1,
            "1011010001": 1
          },
          "component_probability": 0.0,
          "success_rate": 0.0385
        },
        {
          "basis_state": 13,
          "task_id": "arn:aws:braket:eu-west-2:380012739362:quantum-task/2feda295-633d-417e-809d-213e7e2775e8",
          "status": "DONE",
          "shots": 2000,
          "created_at": "2025-12-22 19:04:27.011000+00:00",
          "ended_at": "2025-12-22 19:04:31.741000+00:00",
          "execution_time_seconds": 4.73,
          "counts": {
            "0000100001": 1,
            "0111000000": 256,
            "1111000000": 169,
            "1110110001": 1,
            "1010000000": 76,
            "1000000000": 212,
            "1110000000": 10,
            "0000000000": 99,
            "0100000000": 138,
            "1101000000": 88,
            "1001000000": 206,
            "0101000000": 257,
            "0011000000": 136,
            "0010000001": 3,
            "0111000001": 6,
            "0001000000": 81,
            "1111000001": 9,
            "1011000000": 55,
            "1000000001": 2,
            "0010000000": 90,
            "0000000001": 9,
            "0110000001": 4,
            "1100000000": 49,
            "0110100001": 3,
            "0010010001": 1,
            "0110000000": 2,
            "0011000001": 4,
            "1011110001": 1,
            "1010000001": 4,
            "1100111001": 1,
            "0100100001": 3,
            "0101100001": 1,
            "1110100001": 2,
            "1001110000": 1,
            "1100001101": 1,
            "0111100000": 1,
            "0100000001": 1,
            "1101100001": 1,
            "0010100001": 1,
            "1010100001": 2,
            "1000010000": 1,
            "1000010001": 2,
            "0001100001": 1,
            "0001000001": 1,
            "0111110000": 1,
            "0010110101": 1,
            "1111110000": 1,
            "1000000100": 1,
            "0111110001": 1,
            "0000110000": 1,
            "1111110001": 1,
