{
  "problem_list": [
    {
      "A_matrix": [
        [
          1.029491934346661,
          0.332246969408142,
          1.086813837958816,
          1.0244756994474566,
          0.3629386689161461,
          1.1046052410179148,
          1.3026498934854418,
          0.6912621735707728
        ],
        [
          0.332246969408142,
          0.06597330779076249,
          0.6578933942009084,
          0.8374195772476175,
          0.6969393960980457,
          0.421819011657957,
          0.8944329309084765,
          1.218617450003529
        ],
        [
          1.086813837958816,
          0.6578933942009084,
          1.247591388443781,
          1.3623270630502538,
          1.0948639914446516,
          1.4607611097973483,
          0.9766263229062431,
          1.3420737710319315
        ],
        [
          1.0244756994474566,
          0.8374195772476175,
          1.3623270630502538,
          1.225666069691548,
          0.16430076777805513,
          0.3269798231770711,
          0.6069120624337193,
          0.9625222091948156
        ],
        [
          0.3629386689161461,
          0.6969393960980457,
          1.0948639914446516,
          0.16430076777805513,
          0.5356394682111041,
          1.0567202646901825,
          0.5111930665771407,
          1.1303185118351833
        ],
        [
          1.1046052410179148,
          0.421819011657957,
          1.4607611097973483,
          0.3269798231770711,
          1.0567202646901825,
          1.8057443164018443,
          0.31141593368872955,
          0.634119573637763
        ],
        [
          1.3026498934854418,
          0.8944329309084765,
          0.9766263229062431,
          0.6069120624337193,
          0.5111930665771407,
          0.31141593368872955,
          0.5594234213645979,
          0.21729764057584533
        ],
        [
          0.6912621735707728,
          1.218617450003529,
          1.3420737710319315,
          0.9625222091948156,
          1.1303185118351833,
          0.634119573637763,
          0.21729764057584533,
          1.8964523065333454
        ]
      ],
      "b_vector": [
        0.3603575121563684,
        0.47106989851826647,
        0.35647382790427623,
        0.24507675201757217,
        0.3873093095064879,
        0.44281906051818537,
        0.31601397549323085,
        0.12303396070441598
      ]
    }
  ],
  "shots": 2000,
  "backend": "sv1",
  "device_arn": "SV1",
  "aws_region": "eu-west-2",
  "ideal_preprocessing_list": [
    [
      [
        -1.3053224948121382,
        -0.6730495064150541,
        -0.3325035017654723,
        0.016013808862622332,
        0.4832987962936442,
        1.5301022820805934,
        1.640665932841858,
        7.006776895697589
      ],
      [
        0.14867194346149415,
        0.07723945263128129,
        0.21124840142079981,
        0.14093262454068456,
        0.182152604261284,
        0.05394217517363886,
        0.18317251159150127,
        0.9153148802010505
      ]
    ]
  ],
  "probability_threshold": 0,
  "k_qubits": 7,
  "preprocessing_mode": "ideal",
  "projection_mode": "all_components",
  "projection_subset": null,
  "num_solution_qubits": 3,
  "num_projections": 8,
  "projector_basis_states": [
    0,
    1,
    2,
    3,
    4,
    5,
    6,
    7
  ],
  "enhanced_projection_results": [
    {
      "problem_index": 0,
      "projection_tasks": [
        {
          "basis_state": 0,
          "task_id": "arn:aws:braket:eu-west-2:380012739362:quantum-task/198b10de-d41c-4a5b-9383-25f7815f4c99",
          "status": "DONE",
          "shots": 2000,
          "created_at": "2025-12-22 19:24:55.588000+00:00",
          "ended_at": "2025-12-22 19:24:59.160000+00:00",
          "execution_time_seconds": 3.572,
          "counts": {
            "10000000000": 253,
            "00000000000": 412,
            "10100000000": 438,
            "01100000000": 91,
            "01000000000": 178,
            "00100000000": 355,
            "11000000000": 160,
            "11100000000": 76,
            "11100000001": 10,
            "00001000001": 1,
            "00000000001": 5,
            "11000000001": 1,
            "10000000001": 8,
            "01100000001": 3,
            "01000000001": 7,
            "00100000001": 1,
            "00001000000": 1
          },
          "component_probability": 0.16666666666666666,
          "success_rate": 0.018
        },
        {
          "basis_state": 1,
          "task_id": "arn:aws:braket:eu-west-2:380012739362:quantum-task/91df4541-a0cd-4b1f-b726-75be69a652f2",
          "status": "DONE",
          "shots": 2000,
          "created_at": "2025-12-22 19:24:57.820000+00:00",
          "ended_at": "2025-12-22 19:25:00.831000+00:00",
          "execution_time_seconds": 3.011,
          "counts": {
            "10100000000": 420,
            "10000000000": 224,
            "00100000000": 402,
            "00000000000": 445,
            "00000000001": 19,
            "01000000000": 168,
            "01100000000": 93,
            "11000000000": 143,
            "11100000000": 61,
            "10000000001": 5,
            "01001010000": 1,
            "01100000001": 1,
            "11100000001": 10,
            "01000000001": 5,
            "11000000001": 2,
            "00010000000": 1
          },
          "component_probability": 0.0,
          "success_rate": 0.021
        },
        {
          "basis_state": 2,
          "task_id": "arn:aws:braket:eu-west-2:380012739362:quantum-task/133c85e8-5adc-433a-b3f4-68e162f4fe81",
          "status": "DONE",
          "shots": 2000,
          "created_at": "2025-12-22 19:24:59.812000+00:00",
          "ended_at": "2025-12-22 19:25:03.081000+00:00",
          "execution_time_seconds": 3.269,
          "counts": {
            "10000000000": 247,
            "00100000000": 390,
            "00000000000": 419,
            "11000000000": 179,
            "10100000000": 401,
            "01000000000": 183,
            "01100000000": 94,
            "00000000001": 16,
            "01000000001": 5,
            "11100000000": 55,
            "00011000000": 1,
            "11100000001": 4,
            "10110000001": 1,
            "10000000001": 3,
            "00100000001": 1,
            "01100000001": 1
          },
          "component_probability": 0.16129032258064516,
          "success_rate": 0.0155
        },
        {
          "basis_state": 3,
          "task_id": "arn:aws:braket:eu-west-2:380012739362:quantum-task/9fbfe6b0-6c7b-4b94-a6a5-8baebf630b2e",
          "status": "DONE",
          "shots": 2000,
          "created_at": "2025-12-22 19:25:01.983000+00:00",
          "ended_at": "2025-12-22 19:25:05.368000+00:00",
          "execution_time_seconds": 3.385,
          "counts": {
            "00000000000": 434,
            "01000000000": 202,
            "11100000000": 44,
            "10100000000": 426,
            "10000000000": 232,
            "00100000000": 373,
            "11000000000": 175,
            "11100000001": 6,
            "01100000000": 82,
            "10000000001": 2,
            "11101110001": 1,
            "01000000001": 5,
            "00000000001": 16,
            "10011000001": 1,
            "11000000001": 1
          },
          "component_probability": 0.0,
          "success_rate": 0.016
        },
        {
          "basis_state": 4,
          "task_id": "arn:aws:braket:eu-west-2:380012739362:quantum-task/a014c5c5-f3c1-4016-bbbc-4fedbedcb311",
          "status": "DONE",
          "shots": 2000,
          "created_at": "2025-12-22 19:25:04.137000+00:00",
          "ended_at": "2025-12-22 19:25:07.280000+00:00",
          "execution_time_seconds": 3.143,
          "counts": {
            "01000000000": 186,
            "10000000000": 259,
            "10100000000": 399,
            "00000000000": 409,
            "00100000000": 368,
            "11000000000": 190,
            "11100000000": 65,
            "01100000000": 92,
            "00000000001": 8,
            "01100000001": 3,
            "11100000001": 10,
            "10000000001": 4,
            "11000000001": 3,
            "01000000001": 3,
            "00001000000": 1
          },
          "component_probability": 0.12903225806451613,
          "success_rate": 0.0155
        },
        {
          "basis_state": 5,
          "task_id": "arn:aws:braket:eu-west-2:380012739362:quantum-task/b3a9ec6c-c42f-40ce-b5a0-9b6386edbce1",
          "status": "DONE",
          "shots": 2000,
          "created_at": "2025-12-22 19:25:06.436000+00:00",
          "ended_at": "2025-12-22 19:25:09.959000+00:00",
          "execution_time_seconds": 3.523,
          "counts": {
            "10100000000": 410,
            "00000000000": 430,
            "01000000000": 173,
            "10000000000": 224,
            "01100000000": 89,
            "11000000000": 173,
            "11100000000": 78,
            "00100000000": 394,
            "00000000001": 11,
            "11100000001": 6,
            "01000000001": 3,
            "10010000001": 1,
            "01100000001": 2,
            "00100000001": 2,
            "11000000001": 1,
            "01001111000": 1,
            "10100000001": 1,
            "11100011001": 1
          },
          "component_probability": 0.03571428571428571,
          "success_rate": 0.014
        },
        {
          "basis_state": 6,
          "task_id": "arn:aws:braket:eu-west-2:380012739362:quantum-task/92a3fb89-ef6f-4b8f-a20d-a937d3655105",
          "status": "DONE",
          "shots": 2000,
          "created_at": "2025-12-22 19:25:08.834000+00:00",
          "ended_at": "2025-12-22 19:25:12.559000+00:00",
          "execution_time_seconds": 3.725,
          "counts": {
            "11000000000": 185,
            "01100000000": 78,
            "00000000000": 390,
            "01000000000": 192,
            "10100000000": 413,
            "10000000000": 230,
            "00100000000": 397,
            "00000000001": 14,
            "11100000000": 68,
            "01000000001": 14,
            "01100000001": 1,
            "00000010000": 1,
            "11100000001": 12,
            "01010010001": 1,
            "10100111000": 1,
            "11000000001": 1,
            "10011110001": 1,
            "00001000000": 1
          },
          "component_probability": 0.022727272727272728,
          "success_rate": 0.022
        },
        {
          "basis_state": 7,
          "task_id": "arn:aws:braket:eu-west-2:380012739362:quantum-task/ad9766be-e16d-4c21-8551-0ac50cf51ef9",
          "status": "DONE",
          "shots": 2000,
          "created_at": "2025-12-22 19:25:10.838000+00:00",
          "ended_at": "2025-12-22 19:25:14.443000+00:00",
          "execution_time_seconds": 3.605,
          "counts": {
            "00000000001": 19,
            "00000000000": 395,
            "10000000000": 236,
            "10100000000": 423,
            "01000000000": 173,
            "00100000000": 364,
            "01100000000": 83,
            "11000000000": 196,
            "11100000000": 89,
            "01111000000": 1,
            "11100000001": 10,
            "10000000001": 3,
            "11000000001": 3,
            "11010000001": 1,
            "01100000001": 2,
            "01000000001": 1,
            "01001001000": 1
          },
          "component_probability": 0.2564102564102564,
          "success_rate": 0.0195
        }
      ],
      "depth": 4675,
      "num_projections": 8,
      "ideal_solution": [
        {
          "real": -0.6064885650108395,
          "imag": 0.0
        },
        {
          "real": 0.14556103142394042,
          "imag": 0.0
        },
        {
          "real": 0.4409846545267613,
          "imag": 0.0
        },
        {
          "real": 0.19626961455622352,
          "imag": 0.0
        },
        {
          "real": 0.3393796821029319,
          "imag": 0.0
        },
        {
          "real": -0.09325055760946296,
          "imag": 0.0
        },
        {
          "real": 0.18465306977382337,
          "imag": 0.0
        },
        {
          "real": -0.46906650724614374,
          "imag": 0.0
        }
      ],
      "reconstructed_solution_probabilities": [
        0.21593392064353614,
        0.0,
        0.20896831030019627,
        0.0,
        0.16717464824015701,
        0.046271554423614886,
        0.029445534633209477,
        0.33220603175928637
      ],
      "fidelity": 0.8916632553559029,
      "metadata": {
        "measured_components": [
          0,
          1,
          2,
          3,
          4,
          5,
          6,
          7
        ],
        "success_rates": [
          0.018,
          0.021,
          0.0155,
          0.016,
          0.0155,
          0.014,
          0.022,
          0.0195
        ],
        "raw_probabilities": [
          0.16666666666666666,
          0.0,
          0.16129032258064516,
          0.0,
          0.12903225806451613,
          0.03571428571428571,
          0.022727272727272728,
          0.2564102564102564
        ],
        "average_success_rate": 0.017687500000000002,
        "total_probability": 0.7718410621636427
      },
      "total_problem_time_seconds": 18.855,
      "first_created_at": "2025-12-22 19:24:55.588000+00:00",
      "last_ended_at": "2025-12-22 19:25:14.443000+00:00"
    }
  ]
}