{
  "problem_list": [
    {
      "A_matrix": [
        [
          0.7642482947050233,
          0.6798897021394689,
          1.1171404374116842,
          0.7084871795538721,
          1.7118064473759271,
          0.8036559854556254,
          0.44640485275538455,
          0.4429504519082922,
          0.7198067901169002,
          1.6892000260095847,
          1.5129549997555203,
          0.4825915894569778,
          1.6156562425560748,
          0.9102354629077667,
          0.5980265876994308,
          0.2777281717676876
        ],
        [
          0.6798897021394689,
          1.5491378083106395,
          1.0318950037527954,
          0.2716500891144039,
          0.5926063343024257,
          0.8237936414914492,
          1.5382000204299415,
          0.8114429907682249,
          1.0438610066699625,
          0.44268221779591754,
          0.5874551394375762,
          1.0318793187127562,
          0.8666151054238864,
          0.7108310602213652,
          1.7841202129013047,
          0.7491773611407576
        ],
        [
          1.1171404374116842,
          1.0318950037527954,
          1.7125517153330438,
          1.1770193765442594,
          1.0717080357956617,
          1.4769353378230008,
          0.49963561655923305,
          0.8149275703924117,
          0.9777627497171635,
          0.9555249855480374,
          1.386438660441985,
          1.1868016712033125,
          0.6373659129032346,
          0.9887301992161548,
          1.3201754120623808,
          0.614451466573212
        ],
        [
          0.7084871795538721,
          0.2716500891144039,
          1.1770193765442594,
          0.27454680889245453,
          0.6431382437529671,
          0.98411568724384,
          0.9205451960424995,
          0.8597812831796912,
          1.7470615188299448,
          1.5026108594230134,
          0.44577500785197277,
          0.4325160473560765,
          0.5628764754863359,
          0.5049217135995284,
          0.7124419280741204,
          0.8636858710245747
        ],
        [
          1.7118064473759271,
          0.5926063343024257,
          1.0717080357956617,
          0.6431382437529671,
          1.8728652105149601,
          0.6977987953922131,
          1.5688688822157781,
          0.7941320637984628,
          1.048435542468249,
          1.203083884842698,
          0.3607335028698051,
          0.46041105766167634,
          1.5277555971734995,
          1.0721359894213538,
          1.4095064618105182,
          0.016904957520914365
        ],
        [
          0.8036559854556254,
          0.8237936414914492,
          1.4769353378230008,
          0.98411568724384,
          0.6977987953922131,
          1.133663937255345,
          1.4097774284682947,
          0.5986304664224856,
          0.9287117140812368,
          0.7529775102219614,
          0.6745740922050892,
          1.4955745957608775,
          1.3772833011660959,
          1.007795100910811,
          1.5243613986489084,
          0.9039907813200314
        ],
        [
          0.44640485275538455,
          1.5382000204299415,
          0.49963561655923305,
          0.9205451960424995,
          1.5688688822157781,
          1.4097774284682947,
          1.1021496007414802,
          1.4988876365746702,
          0.3245214482335813,
          1.010919761295758,
          0.9989428755722638,
          0.9275322777103173,
          1.6628821745453133,
          0.27863049089151215,
          1.490551893999684,
          1.155270848524455
        ],
        [
          0.4429504519082922,
          0.8114429907682249,
          0.8149275703924117,
          0.8597812831796912,
          0.7941320637984628,
          0.5986304664224856,
          1.4988876365746702,
          1.8683408215644617,
          1.228178874132317,
          0.6414905064964856,
          1.0520724863735782,
          1.1211381084635064,
          0.9710669500788192,
          0.8529680544296578,
          1.1447470362505865,
          0.8656975936964008
        ],
        [
          0.7198067901169002,
          1.0438610066699625,
          0.9777627497171635,
          1.7470615188299448,
          1.048435542468249,
          0.9287117140812368,
          0.3245214482335813,
          1.228178874132317,
          1.7817570624920875,
          0.472908806198412,
          1.134819648020481,
          0.6238218580771193,
          0.6238205808949131,
          1.5290724417133552,
          0.4601431355443182,
          0.7976272682208275
        ],
        [
          1.6892000260095847,
          0.44268221779591754,
          0.9555249855480374,
          1.5026108594230134,
          1.203083884842698,
          0.7529775102219614,
          1.010919761295758,
          0.6414905064964856,
          0.472908806198412,
          0.8265671042756961,
          1.2037537468360568,
          0.8376174486346455,
          0.8069622877729503,
          1.0980975033614995,
          0.917953886804407,
          1.7324653709497797
        ],
        [
          1.5129549997555203,
          0.5874551394375762,
          1.386438660441985,
          0.44577500785197277,
          0.3607335028698051,
          0.6745740922050892,
          0.9989428755722638,
          1.0520724863735782,
          1.134819648020481,
          1.2037537468360568,
          0.41904644809207814,
          1.1247456563317098,
          0.7874352489037195,
          0.757687116883709,
          0.5958995951712153,
          0.8174330972235542
        ],
        [
          0.4825915894569778,
          1.0318793187127562,
          1.1868016712033125,
          0.4325160473560765,
          0.46041105766167634,
          1.4955745957608775,
          0.9275322777103173,
          1.1211381084635064,
          0.6238218580771193,
          0.8376174486346455,
          1.1247456563317098,
          0.07705062476971647,
          0.6122112722042689,
          0.3592632219259191,
          0.9724023528782014,
          1.1163632966716253
        ],
        [
          1.6156562425560748,
          0.8666151054238864,
          0.6373659129032346,
          0.5628764754863359,
          1.5277555971734995,
          1.3772833011660959,
          1.6628821745453133,
          0.9710669500788192,
          0.6238205808949131,
          0.8069622877729503,
          0.7874352489037195,
          0.6122112722042689,
          1.3309498156560113,
          0.7265400462893191,
          1.0129397515430174,
          0.8042835665163895
        ],
        [
          0.9102354629077667,
          0.7108310602213652,
          0.9887301992161548,
          0.5049217135995284,
          1.0721359894213538,
          1.007795100910811,
          0.27863049089151215,
          0.8529680544296578,
          1.5290724417133552,
          1.0980975033614995,
          0.757687116883709,
          0.3592632219259191,
          0.7265400462893191,
          1.8309183914434783,
          0.3979776451839596,
          0.03342003588257869
        ],
        [
          0.5980265876994308,
          1.7841202129013047,
          1.3201754120623808,
          0.7124419280741204,
          1.4095064618105182,
          1.5243613986489084,
          1.490551893999684,
          1.1447470362505865,
          0.4601431355443182,
          0.917953886804407,
          0.5958995951712153,
          0.9724023528782014,
          1.0129397515430174,
          0.3979776451839596,
          1.2908323541821307,
          0.5742457046721455
        ],
        [
          0.2777281717676876,
          0.7491773611407576,
          0.614451466573212,
          0.8636858710245747,
          0.016904957520914365,
          0.9039907813200314,
          1.155270848524455,
          0.8656975936964008,
          0.7976272682208275,
          1.7324653709497797,
          0.8174330972235542,
          1.1163632966716253,
          0.8042835665163895,
          0.03342003588257869,
          0.5742457046721455,
          1.4023332945429423
        ]
      ],
      "b_vector": [
        0.21463673832877422,
        0.406109689874022,
        0.023822689952428647,
        0.07434570669843378,
        0.017463966677612686,
        0.25710487982481367,
        0.2077531655346996,
        0.2078462830542797,
        0.21338603060559275,
        0.20282887367950797,
        0.36716583495017807,
        0.04077500684016315,
        0.38046965899864077,
        0.1046375688135849,
        0.40918783996436675,
        0.28957632666412125
      ]
    }
  ],
  "shots": 2000,
  "backend": "sv1",
  "device_arn": "SV1",
  "aws_region": "eu-west-2",
  "ideal_preprocessing_list": [
    [
      [
        -2.2690661004746175,
        -2.0201512612948744,
        -1.4445058977207619,
        -0.9722374449604892,
        -0.5987185087496724,
        -0.5103371820084692,
        -0.40115290177898516,
        0.43889007047197776,
        0.6598454268285995,
        0.7952628012331321,
        0.862939994565833,
        1.6701852069173104,
        2.1104502126139044,
        2.671035915037361,
        3.107437578561184,
        15.137081383530115
      ],
      [
        0.08865488635863326,
        0.06000462563644647,
        0.06759059845791807,
        0.2041887870343278,
        0.13256614526243699,
        0.012823121939447568,
        0.19990158108804193,
        0.1547028058382416,
        0.11726578153566068,
        0.2514219928756336,
        0.03653436841450987,
        0.0455077402304597,
        0.0007382918759162721,
        0.03361795957556363,
        0.21783725171868562,
        0.8553903282481375
      ]
    ]
  ],
  "probability_threshold": 0,
  "k_qubits": 6,
  "preprocessing_mode": "ideal",
  "projection_mode": "all_components",
  "projection_subset": null,
  "num_solution_qubits": 4,
  "num_projections": 16,
  "projector_basis_states": [
    0,
    1,
    2,
    3,
    4,
    5,
    6,
    7,
    8,
    9,
    10,
    11,
    12,
    13,
    14,
    15
  ],
  "enhanced_projection_results": [
    {
      "problem_index": 0,
      "projection_tasks": [
        {
          "basis_state": 0,
          "task_id": "arn:aws:braket:eu-west-2:380012739362:quantum-task/a518adff-91a2-4ce9-9891-529744d506e0",
          "status": "DONE",
          "shots": 2000,
          "created_at": "2025-12-22 19:14:27.073000+00:00",
          "ended_at": "2025-12-22 19:14:33.467000+00:00",
          "execution_time_seconds": 6.394,
          "counts": {
            "10000000000": 100,
            "11100000000": 260,
            "11000000000": 220,
            "10100000000": 247,
            "01000000000": 35,
            "00000000000": 46,
            "00010000000": 258,
            "11110000000": 227,
            "11010100000": 1,
            "01010000000": 129,
            "01100000000": 113,
            "11001000001": 2,
            "11010000000": 39,
            "11100000001": 51,
            "00010000001": 14,
            "00100000000": 9,
            "10110000001": 8,
            "11110000001": 7,
            "01110000000": 72,
            "10110000000": 11,
            "00110000001": 13,
            "10010000000": 64,
            "10001100001": 1,
            "01000100001": 1,
            "01100000001": 3,
            "01110000001": 8,
            "10010000001": 6,
            "01010000001": 6,
            "00101000000": 2,
            "01001111101": 1,
            "01000000001": 6,
            "11101000000": 1,
            "01001000001": 2,
            "01010011001": 1,
            "10010100101": 1,
            "01101000000": 1,
            "11100110001": 2,
            "10000000001": 3,
            "11110100001": 1,
            "01001000000": 2,
            "11010100001": 2,
            "10110100001": 1,
            "00110000000": 1,
            "11101010001": 1,
            "10011010001": 2,
            "00010100001": 1,
            "11101010000": 1,
            "10001100011": 1,
            "00110010000": 1,
            "00011000001": 1,
            "00100100001": 1,
            "00111000000": 1,
            "01110111001": 1,
            "11000000001": 2,
            "01111000000": 1,
            "11101100001": 2,
            "00000100001": 1,
            "10100000001": 3,
            "00000010001": 1,
            "10110100000": 1
          },
          "component_probability": 0.012738853503184714,
          "success_rate": 0.0785
        },
        {
          "basis_state": 1,
          "task_id": "arn:aws:braket:eu-west-2:380012739362:quantum-task/0ed566d7-bf36-42a1-a9af-09a81c7d0907",
          "status": "DONE",
          "shots": 2000,
          "created_at": "2025-12-22 19:14:48.626000+00:00",
          "ended_at": "2025-12-22 19:14:54.834000+00:00",
          "execution_time_seconds": 6.208,
          "counts": {
            "01000000000": 30,
            "11000000000": 208,
            "00010000000": 273,
            "01010000000": 138,
            "11010000000": 45,
            "10100000000": 241,
            "11110000000": 217,
            "10010000000": 75,
            "10110000001": 12,
            "11100000000": 223,
            "11001100001": 3,
            "00100000000": 16,
            "10100000001": 3,
            "10000000000": 92,
            "10110000000": 24,
            "11100000001": 52,
            "00000000000": 51,
            "01100000000": 101,
            "01000000001": 6,
            "00110000001": 15,
            "01110000000": 91,
            "11000000001": 1,
            "00010000001": 24,
            "11001000001": 1,
            "01110000001": 7,
            "01000100001": 2,
            "00011011001": 1,
            "10010110001": 1,
            "11100100000": 1,
            "11110000001": 5,
            "00110000000": 3,
            "11101000000": 5,
            "10111110001": 1,
            "01001000001": 3,
            "11101010001": 3,
            "01111100001": 1,
            "10111000000": 1,
            "10010000001": 3,
            "11010100000": 1,
            "10001010001": 1,
            "01100000001": 2,
            "11111000000": 1,
            "10011000000": 1,
            "00001100101": 1,
            "01101100000": 1,
            "01101010000": 1,
            "01001000000": 1,
            "01010000001": 1,
            "10100010000": 1,
            "00111000000": 1,
            "10101100001": 1,
            "11100001000": 2,
            "00110110001": 1,
            "10101000001": 1,
            "10110111000": 1,
            "11000100001": 1,
            "00000100001": 1
          },
          "component_probability": 0.16233766233766234,
          "success_rate": 0.077
        },
        {
          "basis_state": 2,
          "task_id": "arn:aws:braket:eu-west-2:380012739362:quantum-task/48970adf-9bee-470b-8060-e22f742dacef",
          "status": "DONE",
          "shots": 2000,
          "created_at": "2025-12-22 19:14:59.094000+00:00",
          "ended_at": "2025-12-22 19:15:05.449000+00:00",
          "execution_time_seconds": 6.355,
          "counts": {
            "11000000000": 219,
            "11110000000": 259,
            "01010000000": 124,
            "11100000000": 256,
            "00110000001": 15,
            "10000000000": 94,
            "00000000000": 44,
            "00010000000": 282,
            "10100000000": 261,
            "01110000000": 73,
            "10010000000": 52,
            "01110000001": 7,
            "10110000000": 13,
            "01100000000": 97,
            "01000000001": 5,
            "01101100000": 1,
            "00100000000": 16,
            "11010000000": 23,
            "10110000001": 6,
            "11100000001": 48,
            "01000000000": 26,
            "00010000001": 22,
            "11001110001": 1,
            "11110000001": 13,
            "11101100001": 1,
            "01010000001": 3,
            "00010100001": 2,
            "00111000000": 2,
            "10011100001": 1,
            "10010000001": 1,
            "11111101101": 1,
            "11001000001": 3,
            "11010100001": 1,
            "01100000001": 6,
            "00101000000": 1,
            "00001000001": 2,
            "11100110001": 1,
            "10000000001": 2,
            "11101000000": 1,
            "10111000000": 1,
            "01001000000": 2,
            "00000100000": 1,
            "01000100001": 2,
            "11011110001": 1,
            "00011000001": 1,
            "10011000000": 2,
            "10001110001": 1,
            "00110101001": 1,
            "00000100001": 1,
            "01001000001": 1,
            "11000110001": 1
          },
          "component_probability": 0.0,
          "success_rate": 0.075
        },
        {
          "basis_state": 3,
          "task_id": "arn:aws:braket:eu-west-2:380012739362:quantum-task/41a81eeb-45cf-42a3-bd1e-882df4830d44",
          "status": "DONE",
          "shots": 2000,
          "created_at": "2025-12-22 19:15:12.071000+00:00",
          "ended_at": "2025-12-22 19:15:19.950000+00:00",
          "execution_time_seconds": 7.879,
          "counts": {
            "01110000000": 75,
            "10100000000": 231,
            "11100000000": 243,
            "11100000001": 56,
            "01100000000": 106,
            "11110000000": 230,
            "00000000000": 49,
            "00010000000": 272,
            "11000000000": 238,
            "01010000000": 132,
            "01010000001": 2,
            "11010000000": 37,
            "10000000000": 101,
            "01000000000": 32,
            "11101100001": 2,
            "11101000000": 5,
            "10010000000": 62,
            "01110110001": 2,
            "10010000001": 3,
            "10110000001": 6,
            "00110110001": 1,
            "01111000000": 2,
            "11011100001": 2,
            "00010000001": 26,
            "00110000001": 15,
            "01000100001": 1,
            "00100000000": 7,
            "01110000001": 11,
            "01001000001": 2,
            "10000010000": 1,
            "10000000001": 4,
            "11110000001": 4,
            "01100000001": 3,
            "10111111001": 1,
            "00001010000": 1,
            "10011100001": 1,
            "10110000000": 7,
            "10001010001": 1,
            "11000100001": 2,
            "01000000001": 4,
            "10001100000": 1,
            "00010100001": 2,
            "11101010001": 2,
            "10010010000": 1,
            "10111000000": 1,
            "01001000000": 1,
            "11111010001": 1,
            "10110010001": 1,
            "10100100001": 1,
            "11110100000": 1,
            "10011000000": 1,
            "11110110001": 2,
            "11011011000": 1,
            "10101100001": 1,
            "11100110001": 1,
            "00011000000": 1,
            "10010110001": 1
          },
          "component_probability": 0.09937888198757763,
          "success_rate": 0.0805
        },
        {
          "basis_state": 4,
          "task_id": "arn:aws:braket:eu-west-2:380012739362:quantum-task/9dcc647a-fe3d-45a9-999e-3bb8d7217e98",
          "status": "DONE",
          "shots": 2000,
          "created_at": "2025-12-22 19:15:27.265000+00:00",
          "ended_at": "2025-12-22 19:15:34.072000+00:00",
          "execution_time_seconds": 6.807,
          "counts": {
            "11100000000": 259,
            "10100000000": 221,
            "00010000000": 261,
            "10010000000": 66,
            "01010000000": 148,
            "11100000001": 48,
            "01100000000": 107,
            "00000000000": 42,
            "11000000000": 227,
            "01110000000": 82,
            "11110000000": 258,
            "11010000000": 29,
            "10110000001": 10,
            "01000000001": 6,
            "11110000001": 6,
            "10000000000": 71,
            "11000100001": 1,
            "10110000000": 20,
            "00100000000": 17,
            "01000000000": 28,
            "01000100000": 1,
            "10000000001": 6,
            "00110000001": 15,
            "00010000001": 17,
            "01010000001": 5,
            "00010100001": 1,
            "10111000000": 1,
            "01110000001": 10,
            "11110010000": 1,
            "11000000001": 1,
            "00111000000": 2,
            "10010000001": 4,
            "11111000000": 5,
            "10001101001": 1,
            "00000100000": 1,
            "00011000001": 1,
            "00101000001": 1,
            "10011100001": 3,
            "00110000100": 1,
            "00010110001": 1,
            "00100100001": 2,
            "01111000000": 1,
            "01100000001": 2,
            "01001000001": 1,
            "00110000000": 1,
            "01000100001": 1,
            "00110100000": 1,
            "00110110001": 1,
            "00111010001": 1,
            "11100010000": 1,
            "11101100001": 1,
            "11001010001": 1,
            "00110001000": 1
          },
          "component_probability": 0.05442176870748299,
          "success_rate": 0.0735
        },
        {
          "basis_state": 5,
          "task_id": "arn:aws:braket:eu-west-2:380012739362:quantum-task/c8b04b18-6e14-495e-970f-28a3f705649a",
          "status": "DONE",
          "shots": 2000,
          "created_at": "2025-12-22 19:15:40.198000+00:00",
          "ended_at": "2025-12-22 19:15:48.493000+00:00",
          "execution_time_seconds": 8.295,
          "counts": {
            "01100000000": 107,
            "01110000000": 60,
            "11000000000": 229,
            "00010000000": 263,
            "11100000000": 266,
            "11110000000": 244,
            "00011000001": 2,
            "10100000000": 224,
            "11100000001": 49,
            "01010000000": 166,
            "00100000000": 11,
            "00110000000": 1,
            "00010000001": 23,
            "00000000000": 38,
            "10000000000": 68,
            "11101100001": 4,
            "00110101001": 3,
            "00110000001": 10,
            "00111000000": 2,
            "01110000001": 3,
            "01000000000": 26,
            "10010000000": 65,
            "11010000000": 26,
            "10000110001": 1,
            "01000000001": 7,
            "10110000001": 10,
            "01001000000": 3,
            "10110000000": 20,
            "00110110001": 2,
            "00111001001": 1,
            "11000011000": 1,
            "11110000001": 5,
            "11100110001": 1,
            "00010100001": 2,
            "10011000000": 3,
            "00001000001": 2,
            "01010000001": 6,
            "10000000001": 3,
            "11110100000": 1,
            "11010110000": 1,
            "11100101001": 1,
            "01100000001": 4,
            "10010000001": 6,
            "10100000001": 2,
            "10001100001": 3,
            "01110100000": 1,
            "00100100001": 1,
            "00110010000": 1,
            "11000100001": 1,
            "00011000000": 1,
            "01100111001": 1,
            "00100000001": 2,
            "10111000000": 1,
            "11011010000": 1,
            "01000100001": 1,
            "01010010100": 1,
            "00101100001": 1,
            "11100111101": 1,
            "11001000001": 1,
            "00010110001": 1,
            "00010010000": 1,
            "11101000000": 2,
            "01111000000": 1,
            "00101000001": 1,
            "10011100001": 1,
            "10101000001": 1,
            "11011110001": 1,
            "01001000001": 1
          },
          "component_probability": 0.03636363636363636,
          "success_rate": 0.0825
        },
        {
          "basis_state": 6,
          "task_id": "arn:aws:braket:eu-west-2:380012739362:quantum-task/d8cffcbc-1b59-408e-b520-735658d1f1f0",
          "status": "DONE",
          "shots": 2000,
          "created_at": "2025-12-22 19:15:43.846000+00:00",
          "ended_at": "2025-12-22 19:15:50.010000+00:00",
          "execution_time_seconds": 6.164,
          "counts": {
            "10000000000": 89,
            "11000000000": 233,
            "01100000000": 118,
            "01010000000": 120,
            "10010000000": 67,
            "11110000000": 224,
            "11100000000": 244,
            "00010000000": 278,
            "10100000000": 247,
            "00000000000": 47,
            "01110000000": 75,
            "01000000000": 20,
            "11101001001": 1,
            "00010000001": 26,
            "00010100101": 1,
            "11100000001": 51,
            "00010100001": 3,
            "11010000000": 27,
            "10110000001": 11,
            "00110000001": 12,
            "01001000001": 2,
            "01110000001": 12,
            "10110000000": 17,
            "11000000001": 1,
            "00100111001": 1,
            "11000110001": 1,
            "10010000001": 4,
            "11001100001": 4,
            "10110100000": 1,
            "01111010001": 2,
            "01010000001": 3,
            "10001000000": 2,
            "11110000001": 7,
            "00011000000": 2,
            "01000100001": 1,
            "11011011001": 1,
            "11000011010": 1,
            "10000000001": 2,
            "01000000001": 3,
            "00100000000": 8,
            "10010100000": 1,
            "00110100000": 1,
            "01111011001": 1,
            "01100000001": 4,
            "10000001000": 1,
            "11101100001": 2,
            "00111000000": 2,
            "01111000000": 1,
            "01110101001": 2,
            "00011010001": 1,
            "11011100001": 1,
            "00000100001": 2,
            "11110100000": 1,
            "10111000000": 1,
            "10011100010": 1,
            "11111000000": 2,
            "11001010001": 1,
            "11110110001": 1,
            "01000111001": 1,
            "01000100000": 1,
            "11110010000": 1,
            "10110110001": 1,
            "00111100001": 1
          },
          "component_probability": 0.023952095808383235,
          "success_rate": 0.0835
        },
        {
          "basis_state": 7,
          "task_id": "arn:aws:braket:eu-west-2:380012739362:quantum-task/998e6287-eb66-45f3-b037-f849f9e970a2",
          "status": "DONE",
          "shots": 2000,
          "created_at": "2025-12-22 19:15:47.525000+00:00",
          "ended_at": "2025-12-22 19:15:55.439000+00:00",
          "execution_time_seconds": 7.914,
          "counts": {
            "10100000000": 257,
            "11100000000": 256,
            "00010000000": 258,
            "01010000000": 116,
            "11000000000": 213,
            "11110000000": 219,
            "01100000000": 107,
            "01110000000": 94,
            "11010000000": 31,
            "10000000000": 95,
            "10010000000": 66,
            "00010000001": 28,
            "01000000000": 33,
            "01110000001": 8,
            "00000000000": 36,
            "10000000001": 5,
            "11100000001": 43,
            "10110000000": 25,
            "00100000000": 20,
            "10110000001": 11,
            "00011011001": 1,
            "00111010001": 1,
            "11010100001": 1,
            "01000000001": 6,
            "00010100001": 1,
            "10101010101": 1,
            "00110000001": 8,
            "11110000001": 13,
            "01100000001": 3,
            "11101000000": 3,
            "10000100001": 1,
            "10010000001": 2,
            "10001100001": 1,
            "00111000000": 3,
            "00011000001": 1,
            "01000100001": 6,
            "00100100001": 1,
            "01010000001": 2,
            "11000000001": 1,
            "01110101001": 1,
            "11100110001": 2,
            "10111000000": 1,
            "00010101001": 1,
            "11001000001": 1,
            "11010111001": 1,
            "10001010001": 1,
            "00101000001": 1,
            "11111010000": 1,
            "11010110001": 1,
            "10111000001": 1,
            "00110000000": 1,
            "10011000000": 1,
            "11011100001": 1,
            "01010110111": 1,
            "11001010001": 1,
            "00110110001": 1,
            "10110010000": 1,
            "11000010000": 1,
            "10100000001": 1,
            "10100100001": 1,
            "01001011001": 1
          },
          "component_probability": 0.05555555555555555,
          "success_rate": 0.081
        },
        {
          "basis_state": 8,
          "task_id": "arn:aws:braket:eu-west-2:380012739362:quantum-task/a73d2755-5380-464b-99ec-aca13e5d9cbb",
          "status": "DONE",
          "shots": 2000,
          "created_at": "2025-12-22 19:15:51.245000+00:00",
          "ended_at": "2025-12-22 19:15:57.301000+00:00",
          "execution_time_seconds": 6.056,
          "counts": {
            "11110000000": 240,
            "00010000000": 279,
            "10000000000": 84,
            "01100000000": 115,
            "00010000001": 25,
            "10100000000": 251,
            "11000000000": 227,
            "01110000000": 74,
            "01110000001": 10,
            "11100000000": 244,
            "01010000000": 129,
            "01000000000": 20,
            "11100000001": 41,
            "10010000000": 68,
            "11010000000": 30,
            "11111000000": 3,
            "00100000000": 15,
            "11101000000": 2,
            "10110000001": 17,
            "00110000001": 14,
            "01100000001": 3,
            "01010000001": 9,
            "00011000001": 2,
            "01001000001": 3,
            "11111001001": 1,
            "00110000000": 1,
            "00000000000": 44,
            "10110000000": 14,
            "10101010001": 1,
            "10100000001": 1,
            "11110000001": 5,
            "00011001001": 1,
            "10011010001": 1,
            "10000000001": 2,
            "01111100001": 1,
            "01000000001": 5,
            "01000100001": 3,
            "00010111001": 1,
            "00111010001": 1,
            "00101000000": 1,
            "00000000001": 1,
            "00001000001": 1,
            "11011010000": 1,
            "10010000001": 1,
            "11100110001": 1,
            "10001000101": 1,
            "00010110001": 1,
            "00110100000": 1,
            "01000100000": 1,
            "11110100000": 1,
            "01001000000": 1,
            "11111000001": 1
          },
          "component_probability": 0.01948051948051948,
          "success_rate": 0.077
        },
        {
          "basis_state": 9,
          "task_id": "arn:aws:braket:eu-west-2:380012739362:quantum-task/1acad541-b15d-4f80-9e3d-f1f1467d78ed",
          "status": "DONE",
          "shots": 2000,
          "created_at": "2025-12-22 19:15:55.004000+00:00",
          "ended_at": "2025-12-22 19:16:00.970000+00:00",
          "execution_time_seconds": 5.966,
          "counts": {
            "00110000001": 15,
            "00010000001": 25,
            "11000000000": 235,
            "00010000000": 238,
            "11100000000": 270,
            "10100000000": 254,
            "01110000000": 83,
            "01010000000": 134,
            "10000000000": 85,
            "01000000000": 31,
            "00000000000": 39,
            "11100000001": 42,
            "11110000000": 247,
            "01100000000": 82,
            "10010000000": 81,
            "11000110001": 1,
            "00000100001": 2,
            "11010000000": 31,
            "10010110001": 1,
            "10110000001": 9,
            "00110000000": 2,
            "01010000001": 3,
            "00100110001": 1,
            "10110000000": 13,
            "10101100001": 1,
            "00100000000": 11,
            "11000000001": 1,
            "10010000001": 1,
            "10011100001": 1,
            "11000111001": 1,
            "01110000001": 4,
            "00110100000": 1,
            "01001000001": 2,
            "01000000001": 8,
            "11100001101": 1,
            "00110110001": 2,
            "11001000001": 1,
            "10101000001": 1,
            "01100000001": 6,
            "00001000001": 3,
            "00111000000": 2,
            "00100101101": 1,
            "11100010000": 1,
            "10001100001": 1,
            "00101011000": 1,
            "00010100001": 1,
            "11011110011": 1,
            "00101000001": 1,
            "01001000000": 2,
            "11101000000": 3,
            "01000100001": 3,
            "11001100001": 1,
            "11010100000": 1,
            "10111100001": 1,
            "10011000000": 1,
            "11000010000": 1,
            "00010100000": 1,
            "11001001001": 1,
            "11111100000": 1,
            "11110000001": 2,
            "10111000000": 1,
            "00011100001": 1,
            "10000000001": 1,
            "11110010001": 1
          },
          "component_probability": 0.02027027027027027,
          "success_rate": 0.074
        },
        {
          "basis_state": 10,
          "task_id": "arn:aws:braket:eu-west-2:380012739362:quantum-task/2e8b7269-8169-4a73-9494-e3538a0cb23b",
          "status": "DONE",
          "shots": 2000,
          "created_at": "2025-12-22 19:15:58.660000+00:00",
          "ended_at": "2025-12-22 19:16:05.849000+00:00",
          "execution_time_seconds": 7.189,
          "counts": {
            "11110000000": 271,
            "11100000000": 263,
            "01110000000": 64,
            "10010000000": 67,
            "00010000000": 244,
            "01010000000": 150,
            "10100000000": 241,
            "10110010000": 1,
            "11100000001": 56,
            "01001000001": 4,
            "00000000000": 48,
            "10000000000": 68,
            "11001000001": 1,
            "11000000000": 212,
            "10010000001": 5,
            "01100000000": 119,
            "00110000001": 9,
            "11010000000": 25,
            "00011000001": 1,
            "01000000000": 23,
            "00100100001": 1,
            "00110100000": 1,
            "10110000000": 15,
            "10101100001": 1,
            "00010000001": 25,
            "01110000001": 6,
            "11110000001": 7,
            "00100000000": 12,
            "01100000001": 4,
            "10111000000": 1,
            "11110010000": 1,
            "10110000001": 10,
            "01000111001": 1,
            "11011111001": 1,
            "01010000001": 3,
            "01001110001": 1,
            "10111011000": 1,
            "11100101001": 1,
            "11011100001": 1,
            "01110100001": 2,
            "11001100001": 2,
            "00000100001": 1,
            "11101000000": 3,
            "00110000000": 1,
            "11111000000": 2,
            "11000000110": 1,
            "10011000000": 1,
            "01000000001": 2,
            "00011010100": 1,
            "01111100001": 1,
            "01001000000": 3,
            "11111001001": 1,
            "10011100001": 1,
            "00111100001": 1,
            "00111000000": 1,
            "10100000001": 1,
            "10000000001": 1,
            "01000100001": 1,
            "11111000001": 2,
            "00001000001": 1,
            "11000000001": 1,
            "00110110001": 1,
            "10101000000": 1,
            "00000111001": 1,
            "11110101001": 1
          },
          "component_probability": 0.012578616352201259,
          "success_rate": 0.0795
        },
        {
          "basis_state": 11,
          "task_id": "arn:aws:braket:eu-west-2:380012739362:quantum-task/b6bbd644-4568-4626-be8d-12ab1b99db01",
          "status": "DONE",
          "shots": 2000,
          "created_at": "2025-12-22 19:16:02.593000+00:00",
          "ended_at": "2025-12-22 19:16:08.822000+00:00",
          "execution_time_seconds": 6.229,
          "counts": {
            "00010000000": 285,
            "11100000000": 264,
            "10000000000": 85,
            "11000000000": 216,
            "01100000000": 84,
            "10100000000": 242,
            "01110000000": 82,
            "11110000000": 246,
            "01010000000": 122,
            "10110000000": 18,
            "11100000001": 45,
            "01000000000": 31,
            "10010000000": 66,
            "00000000000": 53,
            "00111000000": 1,
            "00100000000": 7,
            "11000100001": 2,
            "01100000001": 3,
            "00111010001": 2,
            "11000000001": 1,
            "10110000001": 12,
            "00110010000": 1,
            "01110000001": 14,
            "11010000000": 29,
            "00010000001": 24,
            "00110000001": 6,
            "00110100000": 2,
            "01010000001": 2,
            "00110000000": 2,
            "11001000001": 2,
            "10010000001": 4,
            "10100010001": 1,
            "01000000001": 7,
            "11110000001": 5,
            "11100101001": 1,
            "00001000001": 2,
            "01001000000": 1,
            "00100100001": 1,
            "10100000001": 3,
            "01110101001": 1,
            "00110110001": 2,
            "01001000001": 1,
            "11101000000": 2,
            "10100100001": 1,
            "00010100001": 1,
            "11111101101": 1,
            "01000111001": 1,
            "10001010001": 1,
            "01000100001": 1,
            "10000000001": 1,
            "10011000000": 2,
            "00000111001": 1,
            "00101000000": 1,
            "00010010000": 1,
            "00011000001": 1,
            "11100010000": 1,
            "10111100001": 1,
            "00001100000": 1,
            "11101100001": 1,
            "11010001000": 1,
            "10111000001": 1,
            "01101101001": 1
          },
          "component_probability": 0.09090909090909091,
          "success_rate": 0.077
        },
        {
          "basis_state": 12,
          "task_id": "arn:aws:braket:eu-west-2:380012739362:quantum-task/6f49d329-a39e-4f26-806d-e2be1f6f1237",
          "status": "DONE",
          "shots": 2000,
          "created_at": "2025-12-22 19:16:06.352000+00:00",
          "ended_at": "2025-12-22 19:16:12.481000+00:00",
          "execution_time_seconds": 6.129,
          "counts": {
            "01100000000": 99,
            "10100000000": 274,
            "00010000000": 261,
            "10010000000": 70,
            "10000000000": 84,
            "11110000000": 224,
            "01001000001": 5,
            "01110000000": 93,
            "10010000001": 3,
            "00100000000": 15,
            "11100000001": 44,
            "11100000000": 242,
            "00000000000": 52,
            "01010000000": 130,
            "11010000000": 28,
            "10110000001": 12,
            "11000000000": 219,
            "10110000000": 23,
            "11101000000": 4,
            "01000000000": 33,
            "01110000001": 7,
            "10000000001": 6,
            "11110000001": 8,
            "00001000001": 3,
            "00010000001": 20,
            "00110000001": 13,
            "01100000001": 3,
            "00110000000": 1,
            "11001100001": 1,
            "00000100001": 1,
            "01000100001": 1,
            "00111000000": 2,
            "10101000000": 1,
            "01010000001": 1,
            "01000000001": 2,
            "00110100000": 1,
            "11001110001": 1,
            "11111100000": 1,
            "11001000001": 2,
            "10001100001": 1,
            "00011000001": 1,
            "11000110001": 1,
            "11010110000": 1,
            "11001010001": 1,
            "11111000000": 1,
            "01110110001": 1,
            "00000101101": 1,
            "10101100001": 1,
            "10100000001": 1
          },
          "component_probability": 0.0425531914893617,
          "success_rate": 0.0705
        },
        {
          "basis_state": 13,
          "task_id": "arn:aws:braket:eu-west-2:380012739362:quantum-task/914bc4d0-1f55-46f5-b3f9-cc3fc56e8f4e",
          "status": "DONE",
          "shots": 2000,
          "created_at": "2025-12-22 19:16:10.210000+00:00",
