{
  "problem_list": [
    {
      "A_matrix": [
        [
          0.25537066408676656,
          1.0810858659184532,
          1.7284591019605,
          0.4060016539619551,
          0.8780068636115966,
          0.38508856192639673,
          0.5279965463855176,
          1.0821092346450507,
          1.2419834649939951,
          1.3708421681237313,
          0.9262516922328167,
          0.7533797871905286,
          0.9130940270996939,
          1.0457863215007177,
          1.2505411099886636,
          0.8467157188471408
        ],
        [
          1.0810858659184532,
          1.3584305064068898,
          0.96199657220744,
          0.8142466783869949,
          1.9401678646782126,
          1.0000773769750908,
          1.6262810805328014,
          0.2827707107017081,
          1.6908019432678534,
          1.9215705630313735,
          1.0718936216861006,
          1.2266684780297368,
          1.1636853819749393,
          1.263660754277121,
          0.0701985238131222,
          1.6614082761281617
        ],
        [
          1.7284591019605,
          0.96199657220744,
          1.9614057797755757,
          1.1537416125456421,
          1.5773741477293868,
          0.06912627552545392,
          1.3509976008203939,
          0.5474194527575953,
          1.1619898442710568,
          0.8781478350019959,
          1.0061309342639113,
          1.3526870306880534,
          0.41241968950168817,
          1.5697288523436326,
          0.6719771596003379,
          1.2034561220362208
        ],
        [
          0.4060016539619551,
          0.8142466783869949,
          1.1537416125456421,
          0.7583270984652037,
          0.39292867906269524,
          1.4278259030339444,
          1.8230293127130994,
          0.9028391418136854,
          0.7981417790892672,
          0.2572490569150715,
          0.6644771456446874,
          0.43415701270549345,
          1.0144969352528668,
          0.17691263498077425,
          0.23868348213693913,
          0.8525848747885947
        ],
        [
          0.8780068636115966,
          1.9401678646782126,
          1.5773741477293868,
          0.39292867906269524,
          0.08653801294317387,
          0.549811616983482,
          1.4594415906604656,
          0.8365653633919014,
          1.8315360793051414,
          1.0799556472236578,
          1.0087996865089002,
          1.5990546289432968,
          0.8199175147557695,
          0.7379875852878274,
          1.350965978193212,
          0.4557963959496596
        ],
        [
          0.38508856192639673,
          1.0000773769750908,
          0.06912627552545392,
          1.4278259030339444,
          0.549811616983482,
          0.2945052151809089,
          0.6051769076209651,
          0.7379072915767702,
          1.1668547107074532,
          0.9460199111227542,
          1.1520906785149516,
          1.3378129639470733,
          0.7147543860851753,
          0.95734517060657,
          1.2716794985587245,
          1.0797233287938965
        ],
        [
          0.5279965463855176,
          1.6262810805328014,
          1.3509976008203939,
          1.8230293127130994,
          1.4594415906604656,
          0.6051769076209651,
          1.3347731087033674,
          1.5124361928651644,
          0.7438828823612059,
          0.9863191980232112,
          1.304133159914608,
          0.5880870395557983,
          0.7475822895011492,
          1.1419467900024611,
          1.1069072468328924,
          0.6920028556682783
        ],
        [
          1.0821092346450507,
          0.2827707107017081,
          0.5474194527575953,
          0.9028391418136854,
          0.8365653633919014,
          0.7379072915767702,
          1.5124361928651644,
          0.2392287257530581,
          0.8142559807038934,
          1.5014579828003778,
          0.8579421955179415,
          1.2158047527417373,
          0.42887877844382283,
          0.8196350355918459,
          1.5933233027142117,
          0.2593835254767677
        ],
        [
          1.2419834649939951,
          1.6908019432678534,
          1.1619898442710568,
          0.7981417790892672,
          1.8315360793051414,
          1.1668547107074532,
          0.7438828823612059,
          0.8142559807038934,
          1.9411903162221484,
          0.8055203046897031,
          0.998809393949812,
          0.4940538026224982,
          1.2060719512028093,
          0.4425906455030849,
          1.0158813897102075,
          0.7863288229035086
        ],
        [
          1.3708421681237313,
          1.9215705630313735,
          0.8781478350019959,
          0.2572490569150715,
          1.0799556472236578,
          0.9460199111227542,
          0.9863191980232112,
          1.5014579828003778,
          0.8055203046897031,
          0.3513624042204826,
          1.0923106768602902,
          0.9518623885015329,
          0.7164659510220466,
          1.2681991522321323,
          0.943091037903185,
          0.6233317503818878
        ],
        [
          0.9262516922328167,
          1.0718936216861006,
          1.0061309342639113,
          0.6644771456446874,
          1.0087996865089002,
          1.1520906785149516,
          1.304133159914608,
          0.8579421955179415,
          0.998809393949812,
          1.0923106768602902,
          1.926763656161643,
          1.1174485462331374,
          0.7849970848456742,
          0.7370639528961322,
          1.19028423148725,
          1.6550794464025098
        ],
        [
          0.7533797871905286,
          1.2266684780297368,
          1.3526870306880534,
          0.43415701270549345,
          1.5990546289432968,
          1.3378129639470733,
          0.5880870395557983,
          1.2158047527417373,
          0.4940538026224982,
          0.9518623885015329,
          1.1174485462331374,
          1.6590289313385904,
          1.201178479890779,
          1.0175337787085457,
          1.6667499837964654,
          1.2781645129261818
        ],
        [
          0.9130940270996939,
          1.1636853819749393,
          0.41241968950168817,
          1.0144969352528668,
          0.8199175147557695,
          0.7147543860851753,
          0.7475822895011492,
          0.42887877844382283,
          1.2060719512028093,
          0.7164659510220466,
          0.7849970848456742,
          1.201178479890779,
          0.7003536967918529,
          0.8162448501684487,
          0.6340768521003269,
          0.2834144443595783
        ],
        [
          1.0457863215007177,
          1.263660754277121,
          1.5697288523436326,
          0.17691263498077425,
          0.7379875852878274,
          0.95734517060657,
          1.1419467900024611,
          0.8196350355918459,
          0.4425906455030849,
          1.2681991522321323,
          0.7370639528961322,
          1.0175337787085457,
          0.8162448501684487,
          1.5355204353476415,
          1.462406903736499,
          0.12310275176447738
        ],
        [
          1.2505411099886636,
          0.0701985238131222,
          0.6719771596003379,
          0.23868348213693913,
          1.350965978193212,
          1.2716794985587245,
          1.1069072468328924,
          1.5933233027142117,
          1.0158813897102075,
          0.943091037903185,
          1.19028423148725,
          1.6667499837964654,
          0.6340768521003269,
          1.462406903736499,
          0.015095722252614019,
          0.5718102955504336
        ],
        [
          0.8467157188471408,
          1.6614082761281617,
          1.2034561220362208,
          0.8525848747885947,
          0.4557963959496596,
          1.0797233287938965,
          0.6920028556682783,
          0.2593835254767677,
          0.7863288229035086,
          0.6233317503818878,
          1.6550794464025098,
          1.2781645129261818,
          0.2834144443595783,
          0.12310275176447738,
          0.5718102955504336,
          0.8077042410819617
        ]
      ],
      "b_vector": [
        0.18860062498004962,
        0.1401046737073572,
        0.04363701949510153,
        0.020134196874449856,
        0.27717110568386105,
        0.21623252840653243,
        0.2664699440314857,
        0.29385512679127795,
        0.20679082020928619,
        0.4448120897608738,
        0.372215553914855,
        0.3336367714774095,
        0.20876464705565181,
        0.18322008749233643,
        0.14347551218177046,
        0.270809640213323
      ]
    }
  ],
  "shots": 2000,
  "backend": "sv1",
  "device_arn": "SV1",
  "aws_region": "eu-west-2",
  "ideal_preprocessing_list": [
    [
      [
        -2.668483814580282,
        -2.3154060747388026,
        -2.058772887026313,
        -1.7780453060416739,
        -1.4700275140776449,
        -0.9802417394688802,
        -0.011446868458836763,
        0.12268611134497771,
        0.46560937872299996,
        0.9294420426656332,
        1.1131392957228636,
        1.6753533923282922,
        1.8330274399058175,
        2.0760969655738752,
        2.4407742909466643,
        15.85189380191319
      ],
      [
        0.20332895815123686,
        0.0071910452803076435,
        0.035233207373538106,
        0.10201772518490582,
        0.09474734377429073,
        0.03373106866711123,
        0.10609067416604329,
        0.002125757461440836,
        0.10555289036143686,
        0.15053041796526184,
        0.07686716586481376,
        0.025896448613837622,
        0.10909450821260833,
        0.22504390153454806,
        0.06474783008929863,
        0.9046896577716677
      ]
    ]
  ],
  "probability_threshold": 0,
  "k_qubits": 7,
  "preprocessing_mode": "ideal",
  "projection_mode": "all_components",
  "projection_subset": null,
  "num_solution_qubits": 4,
  "num_projections": 16,
  "projector_basis_states": [
    0,
    1,
    2,
    3,
    4,
    5,
    6,
    7,
    8,
    9,
    10,
    11,
    12,
    13,
    14,
    15
  ],
  "enhanced_projection_results": [
    {
      "problem_index": 0,
      "projection_tasks": [
        {
          "basis_state": 0,
          "task_id": "arn:aws:braket:eu-west-2:380012739362:quantum-task/96663a17-eba9-4972-89cd-7fa1dd5bae10",
          "status": "DONE",
          "shots": 2000,
          "created_at": "2025-12-22 19:26:25.839000+00:00",
          "ended_at": "2025-12-22 19:26:33.152000+00:00",
          "execution_time_seconds": 7.313,
          "counts": {
            "000100000000": 43,
            "010000000000": 170,
            "010100000000": 119,
            "011000000000": 169,
            "101100000000": 210,
            "011100000000": 164,
            "100100000000": 333,
            "111100000000": 155,
            "000000000000": 48,
            "111000000000": 55,
            "101000000000": 254,
            "110100000000": 85,
            "100000000000": 120,
            "000000000001": 8,
            "110000000000": 40,
            "100000000001": 2,
            "110100000001": 2,
            "010000000001": 3,
            "001100000000": 1,
            "001000000000": 5,
            "100100000001": 6,
            "110000000001": 5,
            "110010000001": 1,
            "111000000001": 1,
            "010100000001": 1
          },
          "component_probability": 0.27586206896551724,
          "success_rate": 0.0145
        },
        {
          "basis_state": 1,
          "task_id": "arn:aws:braket:eu-west-2:380012739362:quantum-task/c07c9cb5-385a-47a4-9c24-764c6711f748",
          "status": "DONE",
          "shots": 2000,
          "created_at": "2025-12-22 19:26:30.272000+00:00",
          "ended_at": "2025-12-22 19:26:38.376000+00:00",
          "execution_time_seconds": 8.104,
          "counts": {
            "110000000000": 69,
            "100100000000": 302,
            "010000000000": 190,
            "010100000000": 119,
            "011000000000": 159,
            "101000000000": 271,
            "111000000000": 48,
            "111100000000": 138,
            "101100000000": 234,
            "110100000000": 105,
            "100000000000": 103,
            "011100000000": 160,
            "001000000000": 5,
            "000000000000": 47,
            "000100000000": 35,
            "100100000001": 3,
            "110000000001": 5,
            "100010111000": 1,
            "000000000001": 2,
            "110100000001": 2,
            "010100000001": 1,
            "100000000001": 1
          },
          "component_probability": 0.0,
          "success_rate": 0.007
        },
        {
          "basis_state": 2,
          "task_id": "arn:aws:braket:eu-west-2:380012739362:quantum-task/4106af88-b0be-4123-96f9-8f85de7a6858",
          "status": "DONE",
          "shots": 2000,
          "created_at": "2025-12-22 19:26:34.623000+00:00",
          "ended_at": "2025-12-22 19:26:42.257000+00:00",
          "execution_time_seconds": 7.634,
          "counts": {
            "101100000000": 220,
            "100100000000": 353,
            "010000000000": 171,
            "111100000000": 158,
            "101000000000": 269,
            "010100000000": 117,
            "011000000000": 156,
            "110100000000": 100,
            "011100000000": 140,
            "100000000000": 100,
            "000100000000": 49,
            "111000000000": 52,
            "110000000000": 59,
            "011100000001": 2,
            "000000000000": 34,
            "010100000001": 2,
            "100000000001": 2,
            "101111111000": 1,
            "110000000001": 5,
            "000000000001": 8,
            "001000000000": 1,
            "010000000001": 1
          },
          "component_probability": 0.0,
          "success_rate": 0.01
        },
        {
          "basis_state": 3,
          "task_id": "arn:aws:braket:eu-west-2:380012739362:quantum-task/b3f9adb5-c405-45c5-9429-1556b6e6f0d0",
          "status": "DONE",
          "shots": 2000,
          "created_at": "2025-12-22 19:26:39.370000+00:00",
          "ended_at": "2025-12-22 19:26:46.733000+00:00",
          "execution_time_seconds": 7.363,
          "counts": {
            "011100000000": 139,
            "101000000000": 258,
            "000000000000": 50,
            "110000000001": 6,
            "010000000000": 175,
            "011000000000": 150,
            "111000000000": 45,
            "101100000000": 222,
            "100100000000": 353,
            "000100000000": 40,
            "010100000000": 116,
            "100000000000": 118,
            "110100000000": 107,
            "111100000000": 158,
            "110000000000": 49,
            "001000000000": 4,
            "010100000001": 2,
            "100100000001": 1,
            "000000000001": 3,
            "011100000001": 1,
            "010000000001": 1,
            "110100000001": 1,
            "111000000001": 1
          },
          "component_probability": 0.0,
          "success_rate": 0.008
        },
        {
          "basis_state": 4,
          "task_id": "arn:aws:braket:eu-west-2:380012739362:quantum-task/0d9c89ee-b69f-43b2-93c2-568c9daf03d5",
          "status": "DONE",
          "shots": 2000,
          "created_at": "2025-12-22 19:26:43.939000+00:00",
          "ended_at": "2025-12-22 19:26:50.737000+00:00",
          "execution_time_seconds": 6.798,
          "counts": {
            "111100000000": 128,
            "101000000000": 289,
            "100100000000": 376,
            "000100000000": 46,
            "011000000000": 158,
            "011100000000": 147,
            "100000000000": 109,
            "110100000000": 93,
            "010100000000": 124,
            "101100000000": 220,
            "111000000000": 44,
            "110000000000": 35,
            "010100000001": 4,
            "000000000000": 36,
            "010000000000": 169,
            "110000000001": 8,
            "001000000000": 3,
            "110100000001": 2,
            "011100000001": 2,
            "100100000001": 4,
            "000000000001": 3
          },
          "component_probability": 0.0,
          "success_rate": 0.0115
        },
        {
          "basis_state": 5,
          "task_id": "arn:aws:braket:eu-west-2:380012739362:quantum-task/d62269be-98ad-48d2-a909-01c9260b58ba",
          "status": "DONE",
          "shots": 2000,
          "created_at": "2025-12-22 19:26:48.452000+00:00",
          "ended_at": "2025-12-22 19:26:58.227000+00:00",
          "execution_time_seconds": 9.775,
          "counts": {
            "011100000000": 163,
            "100100000000": 364,
            "000100000000": 63,
            "101100000000": 209,
            "101000000000": 270,
            "000000000000": 40,
            "100100000001": 3,
            "110000000001": 3,
            "111100000000": 156,
            "001000000000": 4,
            "110100000000": 81,
            "100000000000": 105,
            "111000000000": 44,
            "010100000000": 100,
            "010000000000": 182,
            "110100000001": 1,
            "110000000000": 47,
            "011000000000": 148,
            "001100000000": 1,
            "000000000001": 7,
            "010000000001": 1,
            "100000000001": 2,
            "010100000001": 4,
            "111000000001": 1,
            "111000011001": 1
          },
          "component_probability": 0.17391304347826086,
          "success_rate": 0.0115
        },
        {
          "basis_state": 6,
          "task_id": "arn:aws:braket:eu-west-2:380012739362:quantum-task/f27a41ee-eb9f-4937-820c-8caf8fcebaf4",
          "status": "DONE",
          "shots": 2000,
          "created_at": "2025-12-22 19:26:52.732000+00:00",
          "ended_at": "2025-12-22 19:27:02.012000+00:00",
          "execution_time_seconds": 9.28,
          "counts": {
            "101100000000": 198,
            "100100000000": 355,
            "010100000000": 127,
            "000000000000": 46,
            "110100000000": 87,
            "100000000000": 115,
            "011100000000": 141,
            "101000000000": 305,
            "111100000000": 127,
            "011000000000": 154,
            "010000000000": 177,
            "110000000000": 55,
            "111000000000": 46,
            "000100000000": 42,
            "001000000000": 3,
            "100000000001": 2,
            "110000000001": 7,
            "000000000001": 3,
            "001100000000": 1,
            "111000000001": 1,
            "011100000001": 1,
            "010100000001": 3,
            "110100000001": 1,
            "011000000001": 1,
            "100100000001": 2
          },
          "component_probability": 0.047619047619047616,
          "success_rate": 0.0105
        },
        {
          "basis_state": 7,
          "task_id": "arn:aws:braket:eu-west-2:380012739362:quantum-task/6caa324b-e9fa-4365-82e1-c053fdfdb16f",
          "status": "DONE",
          "shots": 2000,
          "created_at": "2025-12-22 19:26:57.131000+00:00",
          "ended_at": "2025-12-22 19:27:04.383000+00:00",
          "execution_time_seconds": 7.252,
          "counts": {
            "100100000000": 363,
            "100000000000": 103,
            "101000000000": 242,
            "110000000000": 51,
            "111100000000": 171,
            "011000000000": 175,
            "011100000000": 151,
            "010100000000": 93,
            "010000000000": 178,
            "101100000000": 223,
            "000000000000": 36,
            "111000000000": 39,
            "110100000000": 98,
            "000100000000": 53,
            "111001000000": 1,
            "110000000001": 4,
            "001000000000": 6,
            "000000000001": 3,
            "100000000001": 4,
            "010100000001": 1,
            "101000100100": 1,
            "111000000001": 1,
            "100100000001": 2,
            "110100000001": 1
          },
          "component_probability": 0.0,
          "success_rate": 0.008
        },
        {
          "basis_state": 8,
          "task_id": "arn:aws:braket:eu-west-2:380012739362:quantum-task/81c65467-2520-4c39-a817-289ffddee31c",
          "status": "DONE",
          "shots": 2000,
          "created_at": "2025-12-22 19:27:01.695000+00:00",
          "ended_at": "2025-12-22 19:27:09.621000+00:00",
          "execution_time_seconds": 7.926,
          "counts": {
            "000000000000": 43,
            "101000000000": 271,
            "010100000000": 115,
            "101100000000": 217,
            "011000000000": 138,
            "111100000000": 156,
            "100100000000": 352,
            "011100000000": 140,
            "110100000000": 103,
            "010000000000": 172,
            "100000000000": 111,
            "110000000000": 52,
            "000100000000": 45,
            "111000000000": 48,
            "110000000001": 8,
            "110100000001": 5,
            "011000000001": 1,
            "001100000000": 1,
            "001000000000": 9,
            "011100000001": 3,
            "100100000001": 4,
            "100000000001": 2,
            "000000000001": 2,
            "001010001110": 1,
            "111000000001": 1
          },
          "component_probability": 0.07692307692307693,
          "success_rate": 0.013
        },
        {
          "basis_state": 9,
          "task_id": "arn:aws:braket:eu-west-2:380012739362:quantum-task/597ac884-41e4-4d56-bd76-78a987118a26",
          "status": "DONE",
          "shots": 2000,
          "created_at": "2025-12-22 19:27:06.325000+00:00",
          "ended_at": "2025-12-22 19:27:13.729000+00:00",
          "execution_time_seconds": 7.404,
          "counts": {
            "011000000000": 167,
            "101000000000": 269,
            "010000000000": 178,
            "100100000000": 375,
            "110000000001": 8,
            "110000000000": 52,
            "100000000000": 95,
            "010100000000": 88,
            "101100000000": 244,
            "111100000000": 165,
            "000100000000": 40,
            "011100000001": 1,
            "011100000000": 124,
            "000000000001": 9,
            "110100000000": 91,
            "111000000000": 40,
            "000000000000": 39,
            "100000000001": 4,
            "110100000001": 5,
            "001000000000": 3,
            "010100000001": 3
          },
          "component_probability": 0.0,
          "success_rate": 0.015
        },
        {
          "basis_state": 10,
          "task_id": "arn:aws:braket:eu-west-2:380012739362:quantum-task/a0e3891c-45e7-4be9-bc19-ade588b31484",
          "status": "DONE",
          "shots": 2000,
          "created_at": "2025-12-22 19:27:10.656000+00:00",
          "ended_at": "2025-12-22 19:27:18.055000+00:00",
          "execution_time_seconds": 7.399,
          "counts": {
            "101000000000": 287,
            "000000000000": 39,
            "010000000000": 173,
            "010100000000": 117,
            "110100000000": 86,
            "100100000000": 326,
            "110000000000": 56,
            "101100000000": 244,
            "011000000000": 157,
            "011100000000": 157,
            "111100000000": 144,
            "100000000000": 103,
            "110000000001": 8,
            "111000000000": 42,
            "001000000000": 4,
            "000100000000": 38,
            "011100000001": 2,
            "011011010101": 1,
            "000000000001": 4,
            "010100000001": 2,
            "100100000001": 2,
            "110100000001": 4,
            "001100000000": 1,
            "011010111100": 1,
            "001100000001": 1,
            "011000010000": 1
          },
          "component_probability": 0.0,
          "success_rate": 0.012
        },
        {
          "basis_state": 11,
          "task_id": "arn:aws:braket:eu-west-2:380012739362:quantum-task/e094e2f9-aa7b-483e-8dcf-6079dba4da49",
          "status": "DONE",
          "shots": 2000,
          "created_at": "2025-12-22 19:27:15.262000+00:00",
          "ended_at": "2025-12-22 19:27:25.064000+00:00",
          "execution_time_seconds": 9.802,
          "counts": {
            "111100000000": 181,
            "011100000000": 146,
            "101100000000": 239,
            "011000000000": 136,
            "101000000000": 276,
            "000000000000": 39,
            "100100000000": 346,
            "110100000000": 77,
            "010000000000": 175,
            "100000000000": 106,
            "010100000000": 123,
            "110000000000": 44,
            "111000000000": 42,
            "000100000000": 34,
            "001000000000": 7,
            "100000000001": 2,
            "110000000001": 9,
            "011100000001": 2,
            "000000000001": 6,
            "110100000001": 1,
            "001100000000": 3,
            "100100000001": 2,
            "011000000001": 1,
            "010100000001": 2,
            "111000000001": 1
          },
          "component_probability": 0.0,
          "success_rate": 0.013
        },
        {
          "basis_state": 12,
          "task_id": "arn:aws:braket:eu-west-2:380012739362:quantum-task/c6ed4c7d-a1c3-46bd-a0af-1cd8edc372fb",
          "status": "DONE",
          "shots": 2000,
          "created_at": "2025-12-22 19:27:19.520000+00:00",
          "ended_at": "2025-12-22 19:27:27.083000+00:00",
          "execution_time_seconds": 7.563,
          "counts": {
            "101100000000": 218,
            "111000000000": 54,
            "011000000000": 157,
            "100000000000": 115,
            "010100000000": 115,
            "011100000000": 147,
            "100100000000": 372,
            "101000000000": 268,
            "110100000000": 87,
            "010000000000": 183,
            "110000000000": 51,
            "000100000000": 38,
            "111100000000": 131,
            "001000000000": 3,
            "110100000001": 3,
            "000000000000": 36,
            "000000000001": 5,
            "110000000001": 10,
            "100100000001": 2,
            "100000000001": 2,
            "000000100000": 1,
            "100110101011": 1,
            "011100000001": 1
          },
          "component_probability": 0.4166666666666667,
          "success_rate": 0.012
        },
        {
          "basis_state": 13,
          "task_id": "arn:aws:braket:eu-west-2:380012739362:quantum-task/1a47aa3d-a97f-4abb-968b-63384d82ab9e",
          "status": "DONE",
          "shots": 2000,
          "created_at": "2025-12-22 19:27:23.971000+00:00",
          "ended_at": "2025-12-22 19:27:33.657000+00:00",
          "execution_time_seconds": 9.686,
          "counts": {
            "011000000000": 167,
            "100100000000": 361,
            "100000000000": 100,
            "010000000000": 154,
            "011100000000": 161,
            "101000000000": 258,
            "101100000000": 204,
            "110100000000": 89,
            "010100000000": 114,
            "111000000000": 53,
            "111100000000": 153,
            "000000000000": 53,
            "110000000000": 62,
            "001000000000": 3,
            "100100000001": 3,
            "000100000000": 41,
            "110000000001": 7,
            "110100000001": 3,
            "000000000001": 3,
            "100000000001": 5,
            "010000000001": 1,
            "010100000001": 1,
            "011100000001": 3,
            "001100000000": 1
          },
          "component_probability": 0.11538461538461539,
          "success_rate": 0.013
        },
        {
          "basis_state": 14,
          "task_id": "arn:aws:braket:eu-west-2:380012739362:quantum-task/f58ca1d4-46b4-4d98-8145-6710738362f3",
          "status": "DONE",
          "shots": 2000,
          "created_at": "2025-12-22 19:27:28.701000+00:00",
          "ended_at": "2025-12-22 19:27:36.288000+00:00",
          "execution_time_seconds": 7.587,
          "counts": {
            "011000000000": 156,
            "101000000000": 277,
            "010000000000": 154,
            "000100000000": 48,
            "010100000000": 121,
            "101100000000": 220,
            "011100000000": 145,
            "100100000000": 348,
            "000000000000": 45,
            "111100000000": 163,
            "110000000000": 45,
            "111000000000": 57,
            "110100000001": 4,
            "110100000000": 91,
            "100000000000": 99,
            "000000000001": 6,
            "100100000001": 3,
            "110000000001": 5,
            "010100000001": 5,
            "011100000001": 1,
            "001000000000": 2,
            "010110100001": 1,
            "100000000001": 2,
            "001100000000": 1,
            "011000000001": 1
          },
          "component_probability": 0.0,
          "success_rate": 0.014
        },
        {
          "basis_state": 15,
          "task_id": "arn:aws:braket:eu-west-2:380012739362:quantum-task/20c02f6f-8536-4e81-8131-fdf4dff91eaf",
          "status": "DONE",
          "shots": 2000,
          "created_at": "2025-12-22 19:27:33.059000+00:00",
          "ended_at": "2025-12-22 19:27:40.532000+00:00",
          "execution_time_seconds": 7.473,
          "counts": {
            "101000000000": 260,
            "100100000000": 350,
            "110100000000": 86,
            "011000000000": 158,
            "010000000000": 159,
            "101100000000": 242,
            "010100000000": 123,
            "000000000000": 45,
            "111100000000": 150,
            "110000000000": 59,
            "011100000000": 148,
            "100000000000": 100,
            "000100000000": 49,
            "111000000000": 51,
            "001000000000": 4,
            "100000000001": 2,
            "110000000001": 3,
            "110100000001": 3,
            "100100000001": 1,
            "011000000001": 1,
            "011100000001": 2,
            "000000000001": 2,
            "010100000001": 1,
            "111000000001": 1
          },
          "component_probability": 0.0,
          "success_rate": 0.008
        }
      ],
      "depth": 13344,
      "num_projections": 16,
      "ideal_solution": [
        {
          "real": -0.450456000153425,
          "imag": 0.0
        },
        {
          "real": 0.03916386367931203,
          "imag": 0.0
        },
        {
          "real": -0.0005952806309973526,
          "imag": 0.0
        },
        {
          "real": -0.10259334930168305,
          "imag": 0.0
        },
        {
          "real": 0.20425693172061174,
          "imag": 0.0
        },
        {
          "real": 0.2987287275268444,
          "imag": 0.0
        },
        {
          "real": 0.11870166768572304,
          "imag": 0.0
        },
        {
          "real": -0.1987242283097178,
          "imag": 0.0
        },
        {
          "real": 0.2764782880277684,
          "imag": 0.0
        },
        {
          "real": -0.29439735891068075,
          "imag": 0.0
        },
        {
          "real": -0.027528677660946434,
          "imag": 0.0
        },
        {
          "real": 0.0029310519176130984,
          "imag": 0.0
        },
        {
          "real": -0.5438651721702774,
          "imag": 0.0
        },
        {
          "real": 0.3345017372201416,
          "imag": 0.0
        },
        {
          "real": 0.16950127613802535,
          "imag": 0.0
        },
        {
          "real": 0.014170188218819954,
          "imag": 0.0
        }
      ],
      "reconstructed_solution_probabilities": [
        0.24934012873539252,
        0.0,
        0.0,
        0.0,
        0.0,
        0.15719268985492138,
        0.043040855555514186,
        0.0,
        0.06952753589736907,
        0.0,
        0.0,
        0.0,
        0.3766074861107492,
        0.10429130384605362,
        0.0,
        0.0
      ],
      "fidelity": 0.7791292254106492,
      "metadata": {
        "measured_components": [
          0,
          1,
          2,
          3,
          4,
          5,
          6,
          7,
          8,
          9,
          10,
          11,
          12,
          13,
          14,
          15
        ],
        "success_rates": [
          0.0145,
          0.007,
          0.01,
          0.008,
          0.0115,
          0.0115,
          0.0105,
          0.008,
          0.013,
          0.015,
          0.012,
          0.013,
          0.012,
          0.013,
          0.014,
          0.008
        ],
        "raw_probabilities": [
          0.27586206896551724,
          0.0,
          0.0,
          0.0,
          0.0,
          0.17391304347826086,
          0.047619047619047616,
          0.0,
          0.07692307692307693,
          0.0,
          0.0,
          0.0,
          0.4166666666666667,
          0.11538461538461539,
          0.0,
          0.0
        ],
        "average_success_rate": 0.0113125,
        "total_probability": 1.1063685190371848
      },
      "total_problem_time_seconds": 74.693,
      "first_created_at": "2025-12-22 19:26:25.839000+00:00",
      "last_ended_at": "2025-12-22 19:27:40.532000+00:00"
    }
  ]
}