{
  "problem_list": [
    {
      "A_matrix": [
        [
          0.1794746941048322,
          1.7211656380802118,
          0.6973143074036549,
          1.1750854000081878,
          0.9018814951183154,
          1.280271868831405,
          0.9712433970149212,
          1.15243088033801,
          0.7405286768409745,
          0.8013191773737991,
          1.802390845522285,
          0.5685593653121744,
          0.9596051425563458,
          0.9949287828635746,
          0.9153036031938531,
          1.139439963835879
        ],
        [
          1.7211656380802118,
          0.19381748809138855,
          0.7667241755198321,
          0.7577934905646135,
          0.984005531772828,
          1.5117524252823298,
          1.1380879154861223,
          1.594827834638908,
          1.2094338374801934,
          0.7012076930615626,
          0.6553099048586464,
          0.07534996127354887,
          0.892962337356147,
          0.8572860854408033,
          0.9676783740591759,
          1.126062701268606
        ],
        [
          0.6973143074036549,
          0.7667241755198321,
          0.5389722100587928,
          1.2947943784638483,
          1.1715639368613924,
          1.0381911544775788,
          1.7286327263158592,
          1.3487863119897874,
          0.9449464055105923,
          0.5943306485996668,
          1.3600612926602302,
          1.3118929406586974,
          0.2693619208704302,
          0.9654263843067087,
          0.4421128707023063,
          0.046110099143675365
        ],
        [
          1.1750854000081878,
          0.7577934905646135,
          1.2947943784638483,
          0.10048970132489377,
          0.7626442006976639,
          1.0381811400057221,
          1.4402531005680428,
          0.6817300821856962,
          0.5466559739351707,
          1.4109128332256073,
          1.063847603588379,
          0.7089538434326604,
          1.2083173057924728,
          1.2279651463518997,
          1.0634902788560696,
          0.34754497306196763
        ],
        [
          0.9018814951183154,
          0.984005531772828,
          1.1715639368613924,
          0.7626442006976639,
          1.8216726875674032,
          1.0392701212819155,
          0.5637331755040133,
          1.4447305817838516,
          1.0385488802784502,
          0.9897713829637647,
          1.4537298670846597,
          0.7756917760655624,
          1.1855718331769722,
          0.3644610211353414,
          1.3760236718506615,
          0.7255156461522775
        ],
        [
          1.280271868831405,
          1.5117524252823298,
          1.0381911544775788,
          1.0381811400057221,
          1.0392701212819155,
          1.5869385468517503,
          1.069701772861717,
          1.5714031342281598,
          1.196235945092472,
          1.3047829365585195,
          1.0626555010198886,
          1.2149948883766846,
          0.36493321050950656,
          0.920706245453114,
          1.3601953495598647,
          1.4533091970611514
        ],
        [
          0.9712433970149212,
          1.1380879154861223,
          1.7286327263158592,
          1.4402531005680428,
          0.5637331755040133,
          1.069701772861717,
          0.661877924153492,
          1.0290498108720734,
          0.8574862830438501,
          0.8479247499614841,
          1.1960307226486382,
          1.5415780072627874,
          1.5968819298969281,
          0.8166414727321257,
          1.2875287461236882,
          1.1540546595467727
        ],
        [
          1.15243088033801,
          1.594827834638908,
          1.3487863119897874,
          0.6817300821856962,
          1.4447305817838516,
          1.5714031342281598,
          1.0290498108720734,
          0.1868226596571454,
          0.8692449378624311,
          0.946783695452345,
          1.1217192301572267,
          1.276769751974192,
          0.7928815403568856,
          0.5144723098115263,
          1.2787169904816027,
          1.0017860749401282
        ],
        [
          0.7405286768409745,
          1.2094338374801934,
          0.9449464055105923,
          0.5466559739351707,
          1.0385488802784502,
          1.196235945092472,
          0.8574862830438501,
          0.8692449378624311,
          1.1857916239244695,
          0.9057835099029286,
          0.7863322724063094,
          1.4327590744990444,
          0.9664417053249665,
          0.9313237263881221,
          1.4400911450494416,
          1.049580166360841
        ],
        [
          0.8013191773737991,
          0.7012076930615626,
          0.5943306485996668,
          1.4109128332256073,
          0.9897713829637647,
          1.3047829365585195,
          0.8479247499614841,
          0.946783695452345,
          0.9057835099029286,
          0.163747054602831,
          0.6609901843015361,
          0.18532147394292553,
          0.4915813298338363,
          0.3449985496632074,
          0.22724652391299027,
          1.199583754199275
        ],
        [
          1.802390845522285,
          0.6553099048586464,
          1.3600612926602302,
          1.063847603588379,
          1.4537298670846597,
          1.0626555010198886,
          1.1960307226486382,
          1.1217192301572267,
          0.7863322724063094,
          0.6609901843015361,
          1.083083643214868,
          1.0447949779653025,
          0.9090950635314728,
          1.4785470092408504,
          0.5890057785181656,
          0.9433611614692147
        ],
        [
          0.5685593653121744,
          0.07534996127354887,
          1.3118929406586974,
          0.7089538434326604,
          0.7756917760655624,
          1.2149948883766846,
          1.5415780072627874,
          1.276769751974192,
          1.4327590744990444,
          0.18532147394292553,
          1.0447949779653025,
          1.7204290447261026,
          1.522387855260742,
          1.468962231474879,
          1.3392651507270226,
          1.3788903952855187
        ],
        [
          0.9596051425563458,
          0.892962337356147,
          0.2693619208704302,
          1.2083173057924728,
          1.1855718331769722,
          0.36493321050950656,
          1.5968819298969281,
          0.7928815403568856,
          0.9664417053249665,
          0.4915813298338363,
          0.9090950635314728,
          1.522387855260742,
          1.2971155421597098,
          0.7319309998693213,
          0.9193474367519866,
          1.0367170687243776
        ],
        [
          0.9949287828635746,
          0.8572860854408033,
          0.9654263843067087,
          1.2279651463518997,
          0.3644610211353414,
          0.920706245453114,
          0.8166414727321257,
          0.5144723098115263,
          0.9313237263881221,
          0.3449985496632074,
          1.4785470092408504,
          1.468962231474879,
          0.7319309998693213,
          1.5045800493808743,
          0.6437761589529811,
          1.6597146457867011
        ],
        [
          0.9153036031938531,
          0.9676783740591759,
          0.4421128707023063,
          1.0634902788560696,
          1.3760236718506615,
          1.3601953495598647,
          1.2875287461236882,
          1.2787169904816027,
          1.4400911450494416,
          0.22724652391299027,
          0.5890057785181656,
          1.3392651507270226,
          0.9193474367519866,
          0.6437761589529811,
          1.2949875424324648,
          1.0471418491717408
        ],
        [
          1.139439963835879,
          1.126062701268606,
          0.046110099143675365,
          0.34754497306196763,
          0.7255156461522775,
          1.4533091970611514,
          1.1540546595467727,
          1.0017860749401282,
          1.049580166360841,
          1.199583754199275,
          0.9433611614692147,
          1.3788903952855187,
          1.0367170687243776,
          1.6597146457867011,
          1.0471418491717408,
          1.2788142940183804
        ]
      ],
      "b_vector": [
        0.06967806691650337,
        0.4519667995780069,
        0.027441718686102016,
        0.11424099694726222,
        0.05658411547603951,
        0.2928206074993139,
        0.24096690305578464,
        0.14681518395077103,
        0.1751315378688558,
        0.27061089920833126,
        0.3082690907837178,
        0.055207642285353256,
        0.1781443919907923,
        0.3857799332701619,
        0.38119521542117124,
        0.28399138165990423
      ]
    }
  ],
  "shots": 2000,
  "backend": "sv1",
  "device_arn": "SV1",
  "aws_region": "eu-west-2",
  "ideal_preprocessing_list": [
    [
      [
        -2.374335817257349,
        -2.2056535623289775,
        -1.9225517448985283,
        -1.517147081166942,
        -1.054567619386891,
        -0.5765440363792184,
        -0.4586920870802291,
        -0.01610814920951135,
        0.19676209861793745,
        0.3326618706260585,
        0.9094690685760722,
        1.1851380958463456,
        1.8248637329817907,
        1.868336463998409,
        2.3974990768844373,
        16.209484396446005
      ],
      [
        0.2195844701668867,
        0.050204839229343934,
        0.16530242082646024,
        0.20413582247942172,
        0.08569135654870938,
        0.04519246726125903,
        0.05195853305738632,
        0.0821959320658665,
        0.060094063592728564,
        0.1590468043208894,
        0.050908281058910085,
        0.09175669457016156,
        0.11666666481284403,
        0.275075500220735,
        0.023448829282420307,
        0.8553823510697007
      ]
    ]
  ],
  "probability_threshold": 0,
  "k_qubits": 4,
  "preprocessing_mode": "ideal",
  "projection_mode": "all_components",
  "projection_subset": null,
  "num_solution_qubits": 4,
  "num_projections": 16,
  "projector_basis_states": [
    0,
    1,
    2,
    3,
    4,
    5,
    6,
    7,
    8,
    9,
    10,
    11,
    12,
    13,
    14,
    15
  ],
  "enhanced_projection_results": [
    {
      "problem_index": 0,
      "projection_tasks": [
        {
          "basis_state": 0,
          "task_id": "arn:aws:braket:eu-west-2:380012739362:quantum-task/0e4f718e-e870-4945-9e86-a2b6851411c9",
          "status": "DONE",
          "shots": 2000,
          "created_at": "2025-12-22 18:56:17.648000+00:00",
          "ended_at": "2025-12-22 18:56:22.892000+00:00",
          "execution_time_seconds": 5.244,
          "counts": {
            "101000000": 200,
            "000100000": 352,
            "100100000": 180,
            "110100000": 201,
            "111000000": 156,
            "011000000": 95,
            "010100000": 211,
            "011100000": 62,
            "110000000": 108,
            "111100000": 199,
            "011011001": 3,
            "100100110": 1,
            "110100001": 9,
            "100000000": 39,
            "111000001": 24,
            "000111111": 1,
            "010110001": 2,
            "101100000": 26,
            "001101001": 1,
            "001001000": 1,
            "001100000": 11,
            "011001100": 1,
            "111010101": 1,
            "111110001": 6,
            "000000000": 9,
            "101101001": 1,
            "110010110": 2,
            "000100001": 3,
            "000010001": 2,
            "111110100": 1,
            "000001000": 2,
            "111011110": 1,
            "101100001": 9,
            "000010011": 1,
            "110111000": 1,
            "110010000": 1,
            "100100111": 1,
            "010000110": 1,
            "000001001": 2,
            "001100001": 2,
            "100110001": 4,
            "111010111": 1,
            "111100001": 3,
            "001110000": 1,
            "010000000": 5,
            "100110100": 1,
            "111111100": 2,
            "000110101": 1,
            "010100001": 2,
            "110000001": 3,
            "001011000": 2,
            "010101000": 1,
            "100101001": 1,
            "000101100": 3,
            "010101111": 1,
            "110101001": 1,
            "100111001": 1,
            "111010001": 1,
            "111110000": 4,
            "101111101": 1,
            "010111000": 1,
            "100100001": 4,
            "001100110": 1,
            "110011001": 2,
            "011000001": 1,
            "011101100": 1,
            "110110101": 1,
            "011110111": 1,
            "100111000": 1,
            "111111010": 1,
            "000000011": 1,
            "001110001": 1,
            "001000000": 2,
            "001011001": 2,
            "110001100": 1,
            "011110101": 1,
            "101110111": 2,
            "101110110": 1,
            "011010110": 1,
            "001100101": 1,
            "111010000": 1,
            "000011110": 1,
            "000010000": 1,
            "100110000": 1,
            "010001000": 1
          },
          "component_probability": 0.05714285714285714,
          "success_rate": 0.0525
        },
        {
          "basis_state": 1,
          "task_id": "arn:aws:braket:eu-west-2:380012739362:quantum-task/1d400e24-252f-46c1-9e74-593e56f8b803",
          "status": "DONE",
          "shots": 2000,
          "created_at": "2025-12-22 18:56:20.718000+00:00",
          "ended_at": "2025-12-22 18:56:24.588000+00:00",
          "execution_time_seconds": 3.87,
          "counts": {
            "000100000": 354,
            "110100000": 203,
            "110000000": 89,
            "010100000": 227,
            "100000000": 47,
            "100100000": 189,
            "111100000": 183,
            "111000000": 153,
            "101000000": 194,
            "010111000": 1,
            "111110001": 6,
            "011000000": 116,
            "111000001": 31,
            "011100000": 62,
            "000011111": 1,
            "000001000": 2,
            "100100001": 5,
            "001100000": 6,
            "010011001": 1,
            "011101100": 1,
            "101100000": 27,
            "110011001": 2,
            "001011001": 3,
            "010010010": 1,
            "111010001": 1,
            "001110000": 1,
            "110100001": 10,
            "111100001": 6,
            "010100001": 5,
            "001100001": 2,
            "110111110": 1,
            "111001001": 1,
            "000010101": 2,
            "001000000": 3,
            "000110001": 1,
            "000111000": 2,
            "001000111": 1,
            "110111000": 3,
            "010000000": 7,
            "011110100": 1,
            "000000000": 14,
            "111010100": 1,
            "110010001": 1,
            "111110000": 4,
            "011101001": 1,
            "001101100": 1,
            "110000001": 2,
            "000010001": 1,
            "111101111": 1,
            "010110001": 1,
            "101101000": 2,
            "101100001": 5,
            "000100100": 1,
            "011100001": 1,
            "001100111": 1,
            "011010110": 1,
            "101011110": 1,
            "010111011": 1,
            "101001001": 1,
            "100110001": 1,
            "110011000": 1,
            "000111001": 1,
            "110010000": 1,
            "111110100": 1,
            "000100001": 1,
            "100010101": 1,
            "000111111": 1
          },
          "component_probability": 0.04040404040404041,
          "success_rate": 0.0495
        },
        {
          "basis_state": 2,
          "task_id": "arn:aws:braket:eu-west-2:380012739362:quantum-task/89dd3d56-c019-4c91-a08c-81e7e07e5561",
          "status": "DONE",
          "shots": 2000,
          "created_at": "2025-12-22 18:56:23.446000+00:00",
          "ended_at": "2025-12-22 18:56:27.796000+00:00",
          "execution_time_seconds": 4.35,
          "counts": {
            "000100000": 354,
            "110000000": 91,
            "100100000": 189,
            "101000000": 200,
            "110100000": 213,
            "111000000": 138,
            "111000001": 23,
            "010100000": 227,
            "101100000": 34,
            "011000000": 100,
            "011100000": 67,
            "111100000": 197,
            "000000000": 15,
            "100000000": 44,
            "001100000": 8,
            "111110000": 4,
            "010000000": 9,
            "100111001": 2,
            "011100110": 1,
            "010011001": 1,
            "101100001": 10,
            "011110111": 1,
            "000000001": 2,
            "100001000": 3,
            "100101001": 1,
            "100110001": 3,
            "001000000": 2,
            "101101000": 3,
            "110100001": 4,
            "110011001": 1,
            "000100001": 2,
            "011101100": 1,
            "111010000": 1,
            "111100001": 4,
            "000000100": 1,
            "001011001": 2,
            "001100001": 2,
            "010000010": 1,
            "110010001": 2,
            "111110001": 3,
            "101110100": 1,
            "111111101": 1,
            "001110110": 1,
            "010100001": 4,
            "101110111": 1,
            "011000111": 1,
            "010111001": 1,
            "000001000": 1,
            "101010110": 1,
            "111010100": 1,
            "010010000": 1,
            "100100001": 1,
            "010110001": 1,
            "110000001": 1,
            "101111101": 1,
            "011100001": 1,
            "000101100": 1,
            "111001101": 1,
            "010100100": 1,
            "101011100": 1,
            "011101110": 1,
            "011010011": 1,
            "010011101": 1,
            "110111000": 1,
            "001001000": 1,
            "000111001": 1,
            "010111100": 1,
            "000101101": 1,
            "110110101": 1,
            "111111100": 1,
            "111100011": 1
          },
          "component_probability": 0.024096385542168676,
          "success_rate": 0.0415
        },
        {
          "basis_state": 3,
          "task_id": "arn:aws:braket:eu-west-2:380012739362:quantum-task/e7a5cb23-391e-4ad6-a08e-d2c4f13e0557",
          "status": "DONE",
          "shots": 2000,
          "created_at": "2025-12-22 18:56:26.402000+00:00",
          "ended_at": "2025-12-22 18:56:30.386000+00:00",
          "execution_time_seconds": 3.984,
          "counts": {
            "111100000": 198,
            "000100000": 339,
            "010100000": 224,
            "011000000": 116,
            "011100000": 61,
            "100000000": 68,
            "110100000": 184,
            "101000000": 214,
            "111010000": 2,
            "100100000": 179,
            "111000001": 20,
            "111110000": 5,
            "000000000": 7,
            "010001110": 1,
            "111000000": 162,
            "110000000": 99,
            "101100000": 22,
            "001100000": 10,
            "110100001": 5,
            "001100001": 4,
            "000100001": 1,
            "011011101": 2,
            "111010111": 1,
            "111111101": 1,
            "010000000": 9,
            "110000001": 4,
            "010100001": 1,
            "001011001": 2,
            "000110000": 1,
            "110011001": 1,
            "101100001": 5,
            "010111011": 1,
            "001011000": 2,
            "011100110": 1,
            "101111100": 1,
            "011110110": 1,
            "000101010": 1,
            "011011100": 1,
            "111100110": 1,
            "111110001": 5,
            "011100101": 1,
            "111100001": 1,
            "111010001": 1,
            "000111110": 1,
            "000111001": 1,
            "010011100": 1,
            "001010010": 1,
            "100111000": 1,
            "110010001": 1,
            "001001000": 2,
            "011110100": 1,
            "010100010": 1,
            "000010001": 1,
            "001000000": 2,
            "100100001": 1,
            "000000101": 1,
            "010110000": 1,
            "000010000": 1,
            "011011001": 1,
            "000101101": 1,
            "100111001": 1,
            "001100101": 1,
            "010001000": 1,
            "100001100": 1,
            "010111001": 1,
            "010010001": 1,
            "011100001": 1,
            "100110101": 1,
            "100101001": 1,
            "010111000": 1,
            "101101001": 1,
            "000001000": 1,
            "001101100": 1,
            "010000110": 1,
            "011000001": 1,
            "000001001": 1
          },
          "component_probability": 0.0684931506849315,
          "success_rate": 0.0365
        },
        {
          "basis_state": 4,
          "task_id": "arn:aws:braket:eu-west-2:380012739362:quantum-task/1dd4a494-d58e-4878-afaa-95873667dff3",
          "status": "DONE",
          "shots": 2000,
          "created_at": "2025-12-22 18:56:29.172000+00:00",
          "ended_at": "2025-12-22 18:56:34.249000+00:00",
          "execution_time_seconds": 5.077,
          "counts": {
            "111000000": 129,
            "110100000": 209,
            "100100000": 197,
            "110000000": 82,
            "000100000": 361,
            "111100000": 189,
            "010100000": 205,
            "101000000": 228,
            "011000000": 100,
            "110100001": 14,
            "100000000": 52,
            "000000000": 14,
            "101111101": 1,
            "011101100": 2,
            "011100000": 75,
            "001100000": 8,
            "110010001": 2,
            "111000001": 22,
            "101101001": 1,
            "001011001": 2,
            "110011001": 3,
            "010110001": 2,
            "111110000": 8,
            "001010001": 1,
            "010000000": 8,
            "111100001": 4,
            "101100000": 17,
            "111110001": 5,
            "001011000": 2,
            "000001001": 2,
            "101100001": 9,
            "100100001": 2,
            "101111100": 1,
            "101100011": 1,
            "001110001": 1,
            "101110000": 1,
            "010111000": 1,
            "010100101": 1,
            "000111000": 1,
            "111111011": 1,
            "000110001": 1,
            "001101001": 1,
            "111000100": 1,
            "010100110": 1,
            "011100001": 2,
            "110110101": 1,
            "001000000": 3,
            "010100001": 3,
            "110000001": 2,
            "100001001": 1,
            "000100001": 2,
            "011011101": 1,
            "110010000": 1,
            "010101000": 1,
            "000110101": 1,
            "011111101": 1,
            "101110111": 1,
            "111010001": 2,
            "001010000": 1,
            "011011110": 1,
            "011011001": 1,
            "001100001": 2,
            "101010111": 1,
            "110011000": 1,
            "100100101": 1,
            "010001011": 1,
            "000001000": 1
          },
          "component_probability": 0.010101010101010102,
          "success_rate": 0.0495
        },
        {
          "basis_state": 5,
          "task_id": "arn:aws:braket:eu-west-2:380012739362:quantum-task/8a16f148-18b8-430d-ba20-9ab83b79e0e7",
          "status": "DONE",
          "shots": 2000,
          "created_at": "2025-12-22 18:56:31.864000+00:00",
          "ended_at": "2025-12-22 18:56:36.024000+00:00",
          "execution_time_seconds": 4.16,
          "counts": {
            "011000000": 110,
            "010100000": 197,
            "111000001": 18,
            "011000001": 2,
            "110100000": 192,
            "111100000": 201,
            "000100000": 347,
            "011100000": 55,
            "101100000": 29,
            "101000000": 214,
            "110000000": 94,
            "100100000": 219,
            "111000000": 157,
            "000000000": 9,
            "010100100": 1,
            "100111101": 1,
            "111110000": 6,
            "100000000": 47,
            "001000000": 1,
            "101100001": 9,
            "101011101": 1,
            "101011100": 1,
            "001100000": 12,
            "001010111": 1,
            "111110100": 1,
            "100100001": 3,
            "100110101": 1,
            "110100001": 7,
            "110111011": 1,
            "111110001": 7,
            "010000000": 9,
            "111100001": 5,
            "010001000": 1,
            "010011000": 2,
            "001110001": 1,
            "011001001": 1,
            "001011000": 1,
            "011101100": 1,
            "000010000": 2,
            "110001100": 1,
            "001100001": 2,
            "100110100": 2,
            "001000110": 1,
            "001010000": 1,
            "000110000": 1,
            "110010010": 1,
            "000000001": 1,
            "110111000": 2,
            "101111101": 1,
            "110010000": 1,
            "110011001": 2,
            "100101001": 1,
            "101010110": 1,
            "010100001": 1,
            "011100001": 2,
            "110011101": 1,
            "101110110": 1,
            "101101000": 1,
            "110000001": 1,
            "011010110": 1,
            "000101101": 1,
            "000011111": 1,
            "000001001": 1,
            "111010001": 1,
            "010001100": 1,
            "000100001": 2
          },
          "component_probability": 0.013157894736842105,
          "success_rate": 0.038
        },
        {
          "basis_state": 6,
          "task_id": "arn:aws:braket:eu-west-2:380012739362:quantum-task/d8c16a25-5b9d-47e2-93c7-7fc761fc67f1",
          "status": "DONE",
          "shots": 2000,
          "created_at": "2025-12-22 18:56:35.081000+00:00",
          "ended_at": "2025-12-22 18:56:39.936000+00:00",
          "execution_time_seconds": 4.855,
          "counts": {
            "101100000": 28,
            "100000000": 59,
            "000100000": 352,
            "010100000": 224,
            "111100000": 197,
            "011100000": 55,
            "010011001": 1,
            "101000000": 216,
            "101100001": 10,
            "111000000": 144,
            "011000000": 97,
            "110100000": 210,
            "111000001": 35,
            "100100000": 180,
            "110000000": 86,
            "111110001": 11,
            "010000000": 6,
            "000010001": 2,
            "001100000": 7,
            "110100001": 12,
            "001000000": 4,
            "000001000": 1,
            "001101000": 2,
            "000000000": 6,
            "010001000": 1,
            "000000100": 1,
            "100000100": 1,
            "111110000": 3,
            "110011001": 2,
            "000111110": 1,
            "001011001": 1,
            "101110111": 1,
            "100010111": 1,
            "010110101": 1,
            "111100001": 2,
            "000101100": 1,
            "000010000": 1,
            "000010101": 1,
            "010100001": 2,
            "010111101": 1,
            "001110001": 1,
            "100100001": 2,
            "010110000": 1,
            "000100001": 1,
            "011100001": 1,
            "101111101": 1,
            "001001000": 1,
            "001111001": 1,
            "010110110": 1,
            "010011101": 1,
            "011110100": 1,
            "011010111": 1,
            "100110101": 1,
            "100011111": 1,
            "110010001": 1,
            "010010011": 1,
            "100111111": 1,
            "111010001": 1,
            "010011100": 1,
            "100110100": 1,
            "000110100": 1,
            "110000001": 2,
            "111010100": 1,
            "010010000": 1,
            "100111001": 1,
            "001110000": 3,
            "001100001": 1,
            "111010110": 1,
            "110110101": 1,
            "000010111": 1
          },
          "component_probability": 0.009615384615384616,
          "success_rate": 0.052
        },
        {
          "basis_state": 7,
          "task_id": "arn:aws:braket:eu-west-2:380012739362:quantum-task/9313816c-2b6d-4abe-950a-784294ff92b1",
          "status": "DONE",
          "shots": 2000,
          "created_at": "2025-12-22 18:56:37.833000+00:00",
          "ended_at": "2025-12-22 18:56:41.711000+00:00",
          "execution_time_seconds": 3.878,
          "counts": {
            "110100000": 209,
            "010010001": 2,
            "111100000": 218,
            "100100000": 185,
            "010100000": 227,
            "111000000": 157,
            "101000000": 203,
            "011000000": 110,
            "101100000": 32,
            "000100000": 313,
            "011000001": 1,
            "110000000": 77,
            "001100000": 6,
            "100000000": 56,
            "111000001": 28,
            "011100000": 54,
            "000000000": 8,
            "100100011": 1,
            "011011000": 1,
            "010101000": 1,
            "101100001": 9,
            "011010111": 1,
            "010100001": 1,
            "110100001": 14,
            "111111010": 1,
            "111110000": 6,
            "100101000": 1,
            "110100101": 1,
            "001011001": 1,
            "000110000": 1,
            "001010110": 1,
            "000110110": 1,
            "100100001": 1,
            "110111000": 1,
            "111001000": 1,
            "000001001": 1,
            "010100111": 1,
            "001111000": 2,
            "001000000": 4,
            "111100001": 7,
            "100001001": 2,
            "010000000": 7,
            "101001001": 1,
            "110111001": 2,
            "000000001": 2,
            "001100001": 4,
            "000110101": 2,
            "100110001": 1,
            "100010111": 1,
            "010110110": 1,
            "000101101": 1,
            "010001000": 3,
            "010111000": 1,
            "111010001": 1,
            "110010001": 1,
            "000001000": 1,
            "101101000": 1,
            "010001001": 1,
            "110101000": 2,
            "100111000": 1,
            "100101001": 1,
            "000000101": 1,
            "000010001": 1,
            "101110110": 1,
            "010111001": 1,
            "001011101": 1,
            "101111101": 1,
            "011011100": 1,
            "111010000": 2,
            "100101101": 1,
            "111110111": 1,
            "011100001": 1,
            "001110000": 1,
            "111110001": 3,
            "010110001": 1,
            "110110100": 1
          },
          "component_probability": 0.009900990099009901,
          "success_rate": 0.0505
        },
        {
          "basis_state": 8,
          "task_id": "arn:aws:braket:eu-west-2:380012739362:quantum-task/74cc0b22-26ec-443c-a70e-821ff8b36f63",
          "status": "DONE",
          "shots": 2000,
          "created_at": "2025-12-22 18:56:40.670000+00:00",
          "ended_at": "2025-12-22 18:56:45.842000+00:00",
          "execution_time_seconds": 5.172,
          "counts": {
            "011000000": 116,
            "111100000": 193,
            "100100000": 203,
            "010100000": 229,
            "111000001": 26,
            "000100000": 304,
            "111000000": 137,
            "110100000": 205,
            "110000000": 104,
            "101000000": 204,
            "101100000": 23,
            "010111001": 1,
            "111010001": 1,
            "011100000": 72,
            "010000000": 8,
            "001011001": 3,
            "100000000": 62,
            "000000000": 6,
            "110100001": 9,
            "111100001": 5,
            "111110000": 3,
            "011000001": 1,
            "101110111": 1,
            "001100000": 11,
            "111110001": 7,
            "001101111": 1,
            "000100001": 1,
            "100010011": 1,
            "010011010": 1,
            "010101000": 1,
            "101100101": 1,
            "010110001": 1,
            "001000000": 3,
            "010110100": 1,
            "000001001": 1,
            "010111000": 1,
            "111111100": 1,
            "001100001": 3,
            "111010000": 2,
            "000000101": 1,
            "010011101": 1,
            "111010111": 1,
            "110011001": 1,
            "001010001": 1,
            "110010001": 3,
            "101101001": 1,
            "001011000": 2,
            "100100101": 1,
            "010010001": 1,
            "101010101": 1,
            "001001000": 1,
            "101111101": 1,
            "011100001": 3,
            "001111000": 1,
            "101100001": 4,
            "000010001": 1,
            "100111001": 1,
            "000111000": 1,
            "100100001": 4,
            "010111111": 1,
            "000101101": 2,
            "001110001": 1,
            "110111111": 1,
            "110010110": 1,
            "010110000": 1,
            "000001000": 1,
            "011110111": 1,
            "010001000": 1,
            "100110001": 1,
            "101010100": 1,
            "010111011": 1,
            "010011001": 1,
            "001101101": 1,
            "101010111": 1
          },
          "component_probability": 0.01,
          "success_rate": 0.05
        },
        {
          "basis_state": 9,
          "task_id": "arn:aws:braket:eu-west-2:380012739362:quantum-task/a25931e3-672a-4bd4-a91a-c5f5eedbdd16",
          "status": "DONE",
          "shots": 2000,
          "created_at": "2025-12-22 18:56:43.415000+00:00",
          "ended_at": "2025-12-22 18:56:47.234000+00:00",
          "execution_time_seconds": 3.819,
          "counts": {
            "101000000": 230,
            "111000000": 153,
            "010100000": 211,
            "000100000": 344,
            "101100000": 31,
            "100100000": 194,
            "110011001": 1,
            "011100000": 57,
            "110100000": 195,
            "001100000": 15,
            "111000001": 28,
            "100000000": 52,
            "111100000": 190,
            "110000001": 2,
            "011101001": 1,
            "011000000": 103,
            "111100001": 2,
            "110100001": 9,
            "110000000": 90,
            "010100001": 3,
            "100100001": 1,
            "100110001": 1,
            "000000101": 1,
            "101110001": 2,
            "111010000": 3,
            "000001000": 2,
            "110111000": 1,
            "010000000": 10,
            "000000000": 3,
            "111110011": 1,
            "111010001": 6,
            "001011001": 2,
            "110010110": 1,
            "101110101": 1,
            "101100001": 8,
            "010001001": 1,
            "101011111": 1,
            "001000000": 2,
            "110011000": 2,
            "001100001": 2,
            "001111001": 1,
            "010111100": 1,
            "110010001": 2,
            "010110100": 1,
            "111110000": 2,
            "111110001": 6,
            "001101100": 1,
            "011000001": 1,
            "111111011": 1,
            "010010001": 1,
            "111010101": 1,
            "001111000": 1,
            "010110000": 1,
            "110111101": 1,
            "000111001": 1,
            "011100001": 4,
            "010111101": 1,
            "101010111": 1,
            "100101000": 1,
            "100110000": 1,
            "101111111": 1,
            "010010111": 1,
            "000001001": 1,
            "001001101": 1,
            "011011001": 1,
            "010110001": 1,
            "000010000": 1,
            "010001000": 1
          },
          "component_probability": 0.02,
          "success_rate": 0.05
        },
        {
          "basis_state": 10,
          "task_id": "arn:aws:braket:eu-west-2:380012739362:quantum-task/892bbe8d-9385-4e6c-8786-49e19178e0f9",
          "status": "DONE",
          "shots": 2000,
          "created_at": "2025-12-22 18:56:46.293000+00:00",
          "ended_at": "2025-12-22 18:56:51.793000+00:00",
          "execution_time_seconds": 5.5,
          "counts": {
            "101000000": 205,
            "011100000": 57,
            "111000000": 146,
            "100100000": 199,
            "010100000": 230,
            "000100000": 368,
            "111110000": 6,
            "011000000": 99,
            "110100000": 181,
            "011010111": 1,
            "111100000": 188,
            "010000000": 10,
            "000000000": 12,
            "000101101": 1,
            "101100000": 26,
            "001100000": 14,
            "010110000": 1,
            "110000000": 82,
            "111000001": 22,
            "110100001": 16,
            "100000000": 52,
            "101010110": 1,
            "010011001": 2,
            "001110111": 1,
            "001000000": 2,
            "010111011": 1,
            "010100001": 2,
            "011100001": 5,
            "100010101": 1,
            "100001001": 1,
            "101100001": 6,
            "101011110": 1,
            "101111101": 1,
            "001110001": 3,
            "000110000": 2,
            "111111100": 1,
            "000001001": 1,
            "011000110": 1,
            "101111100": 1,
            "000010110": 1,
            "110011001": 1,
            "111100001": 4,
            "011010010": 1,
            "000110100": 1,
            "001100001": 5,
            "010010000": 2,
            "010100100": 1,
            "011001000": 1,
            "110010001": 1,
            "100111001": 1,
            "100111100": 1,
            "111110001": 2,
            "000100001": 1,
            "100101001": 1,
            "001011000": 2,
            "110111110": 1,
            "010001000": 1,
            "000001000": 1,
            "000010001": 2,
            "110000001": 2,
            "101110101": 1,
            "100101101": 2,
            "011101101": 1,
            "100010001": 1,
            "110011000": 2,
            "010110101": 1,
            "011101001": 1,
            "100100001": 1,
            "100100010": 1,
            "011100110": 1,
            "100101000": 1,
            "111001001": 1,
            "110010111": 1,
            "110110100": 1,
            "010010001": 1,
            "011011000": 1
          },
          "component_probability": 0.0,
          "success_rate": 0.0475
        },
        {
          "basis_state": 11,
          "task_id": "arn:aws:braket:eu-west-2:380012739362:quantum-task/19ed829f-fae1-4b15-9cea-c14374af85b0",
          "status": "DONE",
          "shots": 2000,
          "created_at": "2025-12-22 18:56:49.016000+00:00",
          "ended_at": "2025-12-22 18:56:52.839000+00:00",
          "execution_time_seconds": 3.823,
          "counts": {
            "110100000": 217,
            "101000000": 215,
            "111100000": 158,
            "110000000": 80,
            "100100000": 177,
            "111000000": 157,
            "000100000": 376,
            "011100000": 60,
            "010100000": 208,
            "100000000": 48,
            "111110000": 10,
            "100101100": 1,
            "010011000": 1,
            "001100000": 14,
            "110100001": 12,
            "011000000": 92,
            "101100000": 29,
            "111000001": 27,
            "010111001": 2,
            "101100001": 5,
            "000000000": 12,
            "001011000": 3,
            "001100001": 4,
            "100010111": 1,
            "111111101": 3,
            "000001001": 2,
            "011011001": 1,
            "010010111": 1,
            "110000001": 2,
            "010000000": 11,
            "110010001": 1,
            "101111101": 1,
            "011000001": 1,
            "111100001": 3,
            "111111100": 1,
            "111110001": 4,
            "000011000": 1,
            "101100110": 1,
            "101111111": 1,
            "000001000": 1,
            "001101001": 1,
            "111110100": 1,
            "100010101": 2,
            "100101000": 1,
            "001000000": 2,
            "000101101": 1,
            "001010000": 1,
            "100000001": 1,
            "100010001": 1,
            "000110000": 1,
            "011100001": 1,
            "010111010": 1,
            "011111111": 1,
            "011110111": 2,
            "000110101": 1,
