{
  "problem_list": [
    {
      "A_matrix": [
        [
          0.17196195874246878,
          1.5109970882582018,
          0.5025080898845715,
          0.7380476319542113,
          1.447476661515537,
          1.1678050749320814,
          0.26967079376782066,
          0.8235533773111138,
          0.07029952323576472,
          1.4084719263823118,
          0.5781121523375542,
          0.7103196696740313,
          0.9229069008082873,
          0.5353688648007082,
          0.3198547593066231,
          1.824289101863572
        ],
        [
          1.5109970882582018,
          0.018854844523778835,
          0.6284286374878677,
          0.8892805969747395,
          1.194339510948962,
          1.1570644939221084,
          0.961051504632384,
          1.6125176855134087,
          1.040212856626903,
          0.6534803277279315,
          0.07899717905786308,
          1.3127929656022006,
          0.8376665501601853,
          0.7851966740288867,
          1.7516294310830633,
          0.8924750845262003
        ],
        [
          0.5025080898845715,
          0.6284286374878677,
          1.7134171358225143,
          0.02897619615881275,
          1.425973854945798,
          0.8995412597557706,
          1.4024920648560961,
          0.7011889716204075,
          1.2859848849481246,
          0.3202002366187855,
          0.5519228335780842,
          1.6857536220738973,
          1.4315837060308323,
          0.7408761682565028,
          1.7201311513434603,
          0.5582754577607453
        ],
        [
          0.7380476319542113,
          0.8892805969747395,
          0.02897619615881275,
          1.8881438969794313,
          0.7914402789561118,
          1.4053306113223176,
          1.2041478058852009,
          0.5808929061189788,
          0.7031853983989199,
          1.8867747530407892,
          1.2511086351740244,
          1.036433432899026,
          1.3863943302993804,
          0.16340496857258924,
          0.7361361502931907,
          1.9477247538495162
        ],
        [
          1.447476661515537,
          1.194339510948962,
          1.425973854945798,
          0.7914402789561118,
          1.6021978619762693,
          0.8888024839439194,
          0.6623249084699546,
          1.5438213498953317,
          1.4402641619831464,
          0.9598748521805963,
          0.21957185256736578,
          1.8915888082162653,
          1.4681664079745804,
          1.1008207185479413,
          1.1576235266205939,
          0.6882969592624367
        ],
        [
          1.1678050749320814,
          1.1570644939221084,
          0.8995412597557706,
          1.4053306113223176,
          0.8888024839439194,
          0.4170631594041849,
          1.4341636831364202,
          0.9821359960264108,
          0.8909854307867521,
          0.5282180457026603,
          1.3496025589427751,
          0.8227011542214915,
          0.789959667065983,
          0.47472970820203486,
          1.2442539264506398,
          1.8037533006067212
        ],
        [
          0.26967079376782066,
          0.961051504632384,
          1.4024920648560961,
          1.2041478058852009,
          0.6623249084699546,
          1.4341636831364202,
          0.4047666538009955,
          0.6741811800543359,
          0.6867484937446384,
          0.964043125501113,
          0.4788004011238318,
          0.6278554142408326,
          1.7186027921256253,
          1.3673629436713952,
          0.9434977138804567,
          0.9336124748338563
        ],
        [
          0.8235533773111138,
          1.6125176855134087,
          0.7011889716204075,
          0.5808929061189788,
          1.5438213498953317,
          0.9821359960264108,
          0.6741811800543359,
          1.782112224405322,
          1.081467206091346,
          1.2164103339783434,
          1.203738953166171,
          1.6186903623387536,
          1.1142026771006248,
          0.9216502928100307,
          0.7094745566943267,
          1.639861071253958
        ],
        [
          0.07029952323576472,
          1.040212856626903,
          1.2859848849481246,
          0.7031853983989199,
          1.4402641619831464,
          0.8909854307867521,
          0.6867484937446384,
          1.081467206091346,
          0.6077830202535224,
          0.569748530326467,
          1.3988446465077693,
          1.2624874207369763,
          0.2404292338667673,
          1.7700122515434435,
          1.1479377653293326,
          0.7019595734091905
        ],
        [
          1.4084719263823118,
          0.6534803277279315,
          0.3202002366187855,
          1.8867747530407892,
          0.9598748521805963,
          0.5282180457026603,
          0.964043125501113,
          1.2164103339783434,
          0.569748530326467,
          0.6656872991890592,
          0.8238217325663421,
          0.9171487093020303,
          1.537895046996287,
          1.09437143535941,
          0.8865072904212226,
          0.9349080020700338
        ],
        [
          0.5781121523375542,
          0.07899717905786308,
          0.5519228335780842,
          1.2511086351740244,
          0.21957185256736578,
          1.3496025589427751,
          0.4788004011238318,
          1.203738953166171,
          1.3988446465077693,
          0.8238217325663421,
          0.45623298576019344,
          0.9945225578139731,
          0.781213851157703,
          0.7078505975884128,
          0.7314058603465735,
          1.7316621337049902
        ],
        [
          0.7103196696740313,
          1.3127929656022006,
          1.6857536220738973,
          1.036433432899026,
          1.8915888082162653,
          0.8227011542214915,
          0.6278554142408326,
          1.6186903623387536,
          1.2624874207369763,
          0.9171487093020303,
          0.9945225578139731,
          1.3284474088092224,
          0.7224635243964032,
          1.0352042782204212,
          0.948370378445209,
          0.3257878766860586
        ],
        [
          0.9229069008082873,
          0.8376665501601853,
          1.4315837060308323,
          1.3863943302993804,
          1.4681664079745804,
          0.789959667065983,
          1.7186027921256253,
          1.1142026771006248,
          0.2404292338667673,
          1.537895046996287,
          0.781213851157703,
          0.7224635243964032,
          0.368891587313793,
          1.2269713042821806,
          1.7551575826490495,
          0.6883837279118109
        ],
        [
          0.5353688648007082,
          0.7851966740288867,
          0.7408761682565028,
          0.16340496857258924,
          1.1008207185479413,
          0.47472970820203486,
          1.3673629436713952,
          0.9216502928100307,
          1.7700122515434435,
          1.09437143535941,
          0.7078505975884128,
          1.0352042782204212,
          1.2269713042821806,
          1.462443513281793,
          0.5816849146778845,
          1.7084573009595572
        ],
        [
          0.3198547593066231,
          1.7516294310830633,
          1.7201311513434603,
          0.7361361502931907,
          1.1576235266205939,
          1.2442539264506398,
          0.9434977138804567,
          0.7094745566943267,
          1.1479377653293326,
          0.8865072904212226,
          0.7314058603465735,
          0.948370378445209,
          1.7551575826490495,
          0.5816849146778845,
          0.5583438901380011,
          0.6848776075855945
        ],
        [
          1.824289101863572,
          0.8924750845262003,
          0.5582754577607453,
          1.9477247538495162,
          0.6882969592624367,
          1.8037533006067212,
          0.9336124748338563,
          1.639861071253958,
          0.7019595734091905,
          0.9349080020700338,
          1.7316621337049902,
          0.3257878766860586,
          0.6883837279118109,
          1.7084573009595572,
          0.6848776075855945,
          0.38988322323960634
        ]
      ],
      "b_vector": [
        0.26965859631716865,
        0.16324547201101985,
        0.27079820287989514,
        0.23570838738246605,
        0.2871332074215414,
        0.3667803061555839,
        0.014264424110351252,
        0.3399768909211844,
        0.3188250111605083,
        0.31361231837288844,
        0.2257809203918176,
        0.10552792110495651,
        0.17021513163519944,
        0.2072998810429278,
        0.06004426093646049,
        0.3183033610873393
      ]
    }
  ],
  "shots": 2000,
  "backend": "sv1",
  "device_arn": "SV1",
  "aws_region": "eu-west-2",
  "ideal_preprocessing_list": [
    [
      [
        -3.081469589066953,
        -2.6568216286949093,
        -2.167331111985442,
        -1.7024998709252557,
        -1.1508250987572115,
        -1.0232390116930319,
        -0.4789820437167571,
        -0.24983776706222743,
        0.1408694746850519,
        0.36666017174020815,
        0.9218683069374103,
        1.305920684062711,
        1.8170032888150942,
        2.084020877026158,
        3.6312335630012735,
        16.07966041927403
      ],
      [
        0.03173389305299294,
        0.05548051531225336,
        0.15941052050675092,
        0.07967584497004107,
        0.12208044927856168,
        0.13902912148668267,
        0.07038945823739276,
        0.1094503852631871,
        0.11799723444866161,
        0.08306391715065903,
        0.05547967450802304,
        0.050649817304732496,
        0.029583201017764054,
        0.16783117666824213,
        0.11691416362223134,
        0.9185915150400552
      ]
    ]
  ],
  "probability_threshold": 0,
  "k_qubits": 5,
  "preprocessing_mode": "ideal",
  "projection_mode": "all_components",
  "projection_subset": null,
  "num_solution_qubits": 4,
  "num_projections": 16,
  "projector_basis_states": [
    0,
    1,
    2,
    3,
    4,
    5,
    6,
    7,
    8,
    9,
    10,
    11,
    12,
    13,
    14,
    15
  ],
  "enhanced_projection_results": [
    {
      "problem_index": 0,
      "projection_tasks": [
        {
          "basis_state": 0,
          "task_id": "arn:aws:braket:eu-west-2:380012739362:quantum-task/12920133-678d-46fd-af29-f845eda49ab9",
          "shots": 2000,
          "projector_index": 0
        },
        {
          "basis_state": 1,
          "task_id": "arn:aws:braket:eu-west-2:380012739362:quantum-task/c2116799-1eaf-4af2-b414-93cd323e8024",
          "shots": 2000,
          "projector_index": 1
        },
        {
          "basis_state": 2,
          "task_id": "arn:aws:braket:eu-west-2:380012739362:quantum-task/62aa9f17-59c4-4188-8ea3-f1ac3a9dcdcf",
          "shots": 2000,
          "projector_index": 2
        },
        {
          "basis_state": 3,
          "task_id": "arn:aws:braket:eu-west-2:380012739362:quantum-task/88038fe1-2fe6-4518-982a-e7ca477b57a5",
          "shots": 2000,
          "projector_index": 3
        },
        {
          "basis_state": 4,
          "task_id": "arn:aws:braket:eu-west-2:380012739362:quantum-task/8dbfd5a4-5b0d-4927-a538-0469cdde9bce",
          "shots": 2000,
          "projector_index": 4
        },
        {
          "basis_state": 5,
          "task_id": "arn:aws:braket:eu-west-2:380012739362:quantum-task/00f0babf-4185-40db-b6c6-e2b700107713",
          "shots": 2000,
          "projector_index": 5
        },
        {
          "basis_state": 6,
          "task_id": "arn:aws:braket:eu-west-2:380012739362:quantum-task/f9adb2a4-305d-4fd6-83a1-1bf4b7519434",
          "shots": 2000,
          "projector_index": 6
        },
        {
          "basis_state": 7,
          "task_id": "arn:aws:braket:eu-west-2:380012739362:quantum-task/1d6fe860-c6f9-4444-aace-4e7fb293c7c4",
          "shots": 2000,
          "projector_index": 7
        },
        {
          "basis_state": 8,
          "task_id": "arn:aws:braket:eu-west-2:380012739362:quantum-task/6c74fdb2-98ab-459d-b03c-f32b603b1a6f",
          "shots": 2000,
          "projector_index": 8
        },
        {
          "basis_state": 9,
          "task_id": "arn:aws:braket:eu-west-2:380012739362:quantum-task/3757881f-4fba-4375-82ce-96f9ad591d04",
          "shots": 2000,
          "projector_index": 9
        },
        {
          "basis_state": 10,
          "task_id": "arn:aws:braket:eu-west-2:380012739362:quantum-task/3e2f832f-b8f9-4ee3-bb86-8e88a45c4acd",
          "shots": 2000,
          "projector_index": 10
        },
        {
          "basis_state": 11,
          "task_id": "arn:aws:braket:eu-west-2:380012739362:quantum-task/a6744605-cb45-4fbe-94e7-5a830fad5e1d",
          "shots": 2000,
          "projector_index": 11
        },
        {
          "basis_state": 12,
          "task_id": "arn:aws:braket:eu-west-2:380012739362:quantum-task/177e45df-9b48-4b2a-b9a8-103d5b330e47",
          "shots": 2000,
          "projector_index": 12
        },
        {
          "basis_state": 13,
          "task_id": "arn:aws:braket:eu-west-2:380012739362:quantum-task/2feda295-633d-417e-809d-213e7e2775e8",
          "shots": 2000,
          "projector_index": 13
        },
        {
          "basis_state": 14,
          "task_id": "arn:aws:braket:eu-west-2:380012739362:quantum-task/4ccd7bde-981e-4ee1-ad79-93f4046f7271",
          "shots": 2000,
          "projector_index": 14
        },
        {
          "basis_state": 15,
          "task_id": "arn:aws:braket:eu-west-2:380012739362:quantum-task/6e78c834-f5c7-41e8-959a-a6fae5de7afb",
          "shots": 2000,
          "projector_index": 15
        }
      ],
      "depth": 7219,
      "num_projections": 16,
      "ideal_solution": [
        {
          "real": 0.3056550108376828,
          "imag": 0.0
        },
        {
          "real": -0.3160659056431138,
          "imag": 0.0
        },
        {
          "real": 0.34723274632393053,
          "imag": 0.0
        },
        {
          "real": -0.06273443315860605,
          "imag": 0.0
        },
        {
          "real": 0.03773901200541459,
          "imag": 0.0
        },
        {
          "real": 0.05665365122587184,
          "imag": 0.0
        },
        {
          "real": 0.13726882072819116,
          "imag": 0.0
        },
        {
          "real": -0.0662799732771377,
          "imag": 0.0
        },
        {
          "real": -0.40122049369615026,
          "imag": 0.0
        },
        {
          "real": -0.1341471573599625,
          "imag": 0.0
        },
        {
          "real": 0.15123988686488776,
          "imag": 0.0
        },
        {
          "real": 0.3811782585989764,
          "imag": 0.0
        },
        {
          "real": -0.038904745541212385,
          "imag": 0.0
        },
        {
          "real": 0.05637968222691511,
          "imag": 0.0
        },
        {
          "real": -0.48302792440921605,
          "imag": 0.0
        },
        {
          "real": 0.26296311346009454,
          "imag": 0.0
        }
      ]
    }
  ]
}