{
  "problem_list": [
    {
      "A_matrix": [
        [
          1.523360063049384,
          0.9042097327069637,
          0.8578696781739089,
          1.0450922026826,
          0.9337921759264064,
          1.08847855290903,
          0.8242934786924618,
          0.19776118039249213
        ],
        [
          0.9042097327069637,
          1.2257674122352633,
          1.4307617292520427,
          1.41034993080262,
          1.6907787594531052,
          0.8765699073344333,
          1.1406931361233406,
          0.7014286287535115
        ],
        [
          0.8578696781739089,
          1.4307617292520427,
          1.2737489410185696,
          1.4177350071444144,
          0.7474184078056864,
          0.9266087588653752,
          0.49635351754748,
          0.44912319044875926
        ],
        [
          1.0450922026826,
          1.41034993080262,
          1.4177350071444144,
          0.9893140632509829,
          0.7213965473885089,
          1.397923255106106,
          1.7647301904473822,
          0.8616828999161796
        ],
        [
          0.9337921759264064,
          1.6907787594531052,
          0.7474184078056864,
          0.7213965473885089,
          0.5164784975358911,
          1.789203386167133,
          1.067241836451025,
          0.7516128663469779
        ],
        [
          1.08847855290903,
          0.8765699073344333,
          0.9266087588653752,
          1.397923255106106,
          1.789203386167133,
          0.07438820655984424,
          0.8754348897682785,
          1.4068562619249114
        ],
        [
          0.8242934786924618,
          1.1406931361233406,
          0.49635351754748,
          1.7647301904473822,
          1.067241836451025,
          0.8754348897682785,
          0.6668573300486016,
          1.527049147667971
        ],
        [
          0.19776118039249213,
          0.7014286287535115,
          0.44912319044875926,
          0.8616828999161796,
          0.7516128663469779,
          1.4068562619249114,
          1.527049147667971,
          1.7264464305936054
        ]
      ],
      "b_vector": [
        0.13950792290189687,
        0.1664414783384858,
        0.18267873521212843,
        0.22516545988396053,
        0.4906728989537638,
        0.38754753843380657,
        0.32172109090511325,
        0.6118057865578505
      ]
    }
  ],
  "shots": 2000,
  "backend": "sv1",
  "device_arn": "SV1",
  "aws_region": "eu-west-2",
  "ideal_preprocessing_list": [
    [
      [
        -2.0368194878405212,
        -1.0941141210402419,
        -0.47353000334954565,
        0.11344784139887651,
        0.4719120131716649,
        0.7916045179118685,
        1.8286503354173116,
        8.395209848622727
      ],
      [
        0.09843002281783923,
        0.07656726565385463,
        0.07020259983054014,
        0.16634306010218214,
        0.15463441766301136,
        0.07158453058089777,
        0.3875484843031163,
        0.878988390106
      ]
    ]
  ],
  "probability_threshold": 0,
  "k_qubits": 6,
  "preprocessing_mode": "ideal",
  "projection_mode": "all_components",
  "projection_subset": null,
  "num_solution_qubits": 3,
  "num_projections": 8,
  "projector_basis_states": [
    0,
    1,
    2,
    3,
    4,
    5,
    6,
    7
  ],
  "enhanced_projection_results": [
    {
      "problem_index": 0,
      "projection_tasks": [
        {
          "basis_state": 0,
          "task_id": "arn:aws:braket:eu-west-2:380012739362:quantum-task/62aa37f7-ba7e-418b-99d7-391fb5c7bbc5",
          "shots": 2000,
          "projector_index": 0
        },
        {
          "basis_state": 1,
          "task_id": "arn:aws:braket:eu-west-2:380012739362:quantum-task/619383ae-f3e2-4cf2-9488-ef550d2de20e",
          "shots": 2000,
          "projector_index": 1
        },
        {
          "basis_state": 2,
          "task_id": "arn:aws:braket:eu-west-2:380012739362:quantum-task/8c73b416-0537-46c0-a68e-a2b0aeef4d2b",
          "shots": 2000,
          "projector_index": 2
        },
        {
          "basis_state": 3,
          "task_id": "arn:aws:braket:eu-west-2:380012739362:quantum-task/f988f053-d272-4770-b0fc-0d9619c281e7",
          "shots": 2000,
          "projector_index": 3
        },
        {
          "basis_state": 4,
          "task_id": "arn:aws:braket:eu-west-2:380012739362:quantum-task/693e26e1-8db8-4937-b3a5-7798bbbf2ce2",
          "shots": 2000,
          "projector_index": 4
        },
        {
          "basis_state": 5,
          "task_id": "arn:aws:braket:eu-west-2:380012739362:quantum-task/a9cb67b9-b811-49ba-a99c-3ce99ed92368",
          "shots": 2000,
          "projector_index": 5
        },
        {
          "basis_state": 6,
          "task_id": "arn:aws:braket:eu-west-2:380012739362:quantum-task/2b7eae88-ca20-4d57-9127-d5169682a94b",
          "shots": 2000,
          "projector_index": 6
        },
        {
          "basis_state": 7,
          "task_id": "arn:aws:braket:eu-west-2:380012739362:quantum-task/2ad49df9-b6dc-426b-8512-9e2fa1ee5c94",
          "shots": 2000,
          "projector_index": 7
        }
      ],
      "depth": 2752,
      "num_projections": 8,
      "ideal_solution": [
        {
          "real": 0.15074973707226774,
          "imag": 0.0
        },
        {
          "real": -0.18354347847436717,
          "imag": 0.0
        },
        {
          "real": 0.38752000910826045,
          "imag": 0.0
        },
        {
          "real": -0.4221057650514834,
          "imag": 0.0
        },
        {
          "real": 0.0785355927300093,
          "imag": 0.0
        },
        {
          "real": 0.32559704172557785,
          "imag": 0.0
        },
        {
          "real": -0.4793408882022358,
          "imag": 0.0
        },
        {
          "real": 0.5227736737105237,
          "imag": 0.0
        }
      ]
    }
  ]
}