{
  "problem_list": [
    {
      "A_matrix": [
        [
          0.5079690713776799,
          1.7881000804928795,
          1.4040734271175326,
          1.3991993906540399,
          1.7991739233731225,
          1.0462827402361965,
          0.22071989785704316,
          1.250648708603797
        ],
        [
          1.7881000804928795,
          0.1305249391284573,
          1.611975709850412,
          0.5872485825439577,
          1.6514448430320359,
          1.1123318635694999,
          0.426795252514802,
          0.5087310333255199
        ],
        [
          1.4040734271175326,
          1.611975709850412,
          0.9399131926928119,
          0.9358152402895658,
          0.3171853507649257,
          1.720830235274533,
          0.5770672683723946,
          1.4632712264198804
        ],
        [
          1.3991993906540399,
          0.5872485825439577,
          0.9358152402895658,
          0.8387660637854244,
          0.26182567547500735,
          1.5164229302896184,
          1.1271179125008943,
          1.679529435993643
        ],
        [
          1.7991739233731225,
          1.6514448430320359,
          0.3171853507649257,
          0.26182567547500735,
          0.028657680595844948,
          0.4231366235724533,
          0.7978530264032525,
          0.3876243682026622
        ],
        [
          1.0462827402361965,
          1.1123318635694999,
          1.720830235274533,
          1.5164229302896184,
          0.4231366235724533,
          1.6483064263452454,
          0.5549442441655925,
          1.207262151563873
        ],
        [
          0.22071989785704316,
          0.426795252514802,
          0.5770672683723946,
          1.1271179125008943,
          0.7978530264032525,
          0.5549442441655925,
          0.8318703640035905,
          0.31485486864860657
        ],
        [
          1.250648708603797,
          0.5087310333255199,
          1.4632712264198804,
          1.679529435993643,
          0.3876243682026622,
          1.207262151563873,
          0.31485486864860657,
          0.13455711872916698
        ]
      ],
      "b_vector": [
        0.0030330252406426577,
        0.09205694722745404,
        0.3313462170214119,
        0.5450223568234693,
        0.5236368922761373,
        0.45923447946883156,
        0.3117062457219612,
        0.049233611948977886
      ]
    }
  ],
  "shots": 2000,
  "backend": "sv1",
  "device_arn": "SV1",
  "aws_region": "eu-west-2",
  "ideal_preprocessing_list": [
    [
      [
        -2.2122750743578568,
        -1.8133371816029584,
        -1.3260231551838366,
        -0.3198976126179606,
        0.1889448804468477,
        0.9419392658999075,
        1.6009883331741093,
        8.000225400899973
      ],
      [
        0.4751976610195987,
        0.05862952353120085,
        0.03152060193677872,
        0.1810947104257534,
        0.16207646770011294,
        0.29716495286611366,
        0.10806762628690172,
        0.7814771378588194
      ]
    ]
  ],
  "probability_threshold": 0,
  "k_qubits": 5,
  "preprocessing_mode": "ideal",
  "projection_mode": "all_components",
  "projection_subset": null,
  "num_solution_qubits": 3,
  "num_projections": 8,
  "projector_basis_states": [
    0,
    1,
    2,
    3,
    4,
    5,
    6,
    7
  ],
  "enhanced_projection_results": [
    {
      "problem_index": 0,
      "projection_tasks": [
        {
          "basis_state": 0,
          "task_id": "arn:aws:braket:eu-west-2:380012739362:quantum-task/05a9ddef-5174-46e5-a19c-68276ce689e2",
          "shots": 2000,
          "projector_index": 0
        },
        {
          "basis_state": 1,
          "task_id": "arn:aws:braket:eu-west-2:380012739362:quantum-task/eb3e5216-b357-46c3-95b9-523fd90230d1",
          "shots": 2000,
          "projector_index": 1
        },
        {
          "basis_state": 2,
          "task_id": "arn:aws:braket:eu-west-2:380012739362:quantum-task/d6c278f2-7678-4f63-96f7-152f3dedfd55",
          "shots": 2000,
          "projector_index": 2
        },
        {
          "basis_state": 3,
          "task_id": "arn:aws:braket:eu-west-2:380012739362:quantum-task/17231c2a-05e0-456b-879d-c44dafd5a2fe",
          "shots": 2000,
          "projector_index": 3
        },
        {
          "basis_state": 4,
          "task_id": "arn:aws:braket:eu-west-2:380012739362:quantum-task/48c2cd89-b8f7-4d5c-aff7-0419e620a98c",
          "shots": 2000,
          "projector_index": 4
        },
        {
          "basis_state": 5,
          "task_id": "arn:aws:braket:eu-west-2:380012739362:quantum-task/af89c72f-a4eb-4704-9d69-0700d4cd5854",
          "shots": 2000,
          "projector_index": 5
        },
        {
          "basis_state": 6,
          "task_id": "arn:aws:braket:eu-west-2:380012739362:quantum-task/7c8d2c9b-0a0e-471b-bea2-5b03946ca7c8",
          "shots": 2000,
          "projector_index": 6
        },
        {
          "basis_state": 7,
          "task_id": "arn:aws:braket:eu-west-2:380012739362:quantum-task/3b051c14-4950-4553-b34d-26f8dc2d725c",
          "shots": 2000,
          "projector_index": 7
        }
      ],
      "depth": 2029,
      "num_projections": 8,
      "ideal_solution": [
        {
          "real": -0.2296701909035341,
          "imag": 0.0
        },
        {
          "real": 0.1902264564727635,
          "imag": 0.0
        },
        {
          "real": 0.44940838682281825,
          "imag": 0.0
        },
        {
          "real": -0.3755632437003084,
          "imag": 0.0
        },
        {
          "real": -0.20502419478031397,
          "imag": 0.0
        },
        {
          "real": 0.07087241291104014,
          "imag": 0.0
        },
        {
          "real": 0.7060785286546065,
          "imag": 0.0
        },
        {
          "real": -0.1498170301353005,
          "imag": 0.0
        }
      ]
    }
  ]
}