{
  "problem_list": [
    {
      "A_matrix": [
        [
          0.37054057305548205,
          0.353082455399403,
          1.2552201052267864,
          1.1710372427178601,
          1.2889182373247738,
          1.062150508328621,
          1.6215664083900996,
          1.6964141631038592
        ],
        [
          0.353082455399403,
          1.2711064143703212,
          1.289857174692391,
          1.301441807767589,
          0.7579955599872655,
          1.0258542377340376,
          1.0428654205051546,
          1.7596916610801396
        ],
        [
          1.2552201052267864,
          1.289857174692391,
          0.7038281850457311,
          0.8176523504698519,
          0.8509550061749558,
          1.4730580559169417,
          1.6850312317390328,
          1.6172817913020872
        ],
        [
          1.1710372427178601,
          1.301441807767589,
          0.8176523504698519,
          0.9568266424061356,
          1.5327982109133749,
          1.462794180337391,
          0.6941657378285057,
          1.3753237426539444
        ],
        [
          1.2889182373247738,
          0.7579955599872655,
          0.8509550061749558,
          1.5327982109133749,
          1.3013682004504117,
          1.1080385927136622,
          1.242959305825479,
          1.3410873074919847
        ],
        [
          1.062150508328621,
          1.0258542377340376,
          1.4730580559169417,
          1.462794180337391,
          1.1080385927136622,
          0.14378225477565376,
          0.9868265602934766,
          1.7250028808573006
        ],
        [
          1.6215664083900996,
          1.0428654205051546,
          1.6850312317390328,
          0.6941657378285057,
          1.242959305825479,
          0.9868265602934766,
          1.5511031773638229,
          1.6840364267965269
        ],
        [
          1.6964141631038592,
          1.7596916610801396,
          1.6172817913020872,
          1.3753237426539444,
          1.3410873074919847,
          1.7250028808573006,
          1.6840364267965269,
          0.002261842448078921
        ]
      ],
      "b_vector": [
        0.5173489532619524,
        0.6055638160058509,
        0.47803396289189704,
        0.2268736586203983,
        0.28878969820701594,
        0.00907433896448122,
        0.009552870783749648,
        0.04562135345323264
      ]
    }
  ],
  "shots": 2000,
  "backend": "sv1",
  "device_arn": "SV1",
  "aws_region": "eu-west-2",
  "ideal_preprocessing_list": [
    [
      [
        -2.112354378797387,
        -1.2641950760401848,
        -1.0746576085832835,
        -0.6787674987742798,
        -0.19189277246375458,
        0.9160943710040751,
        1.0542323147969384,
        9.652357938773514
      ],
      [
        0.3087736821153119,
        0.43403156087049544,
        0.33345463217710564,
        0.08132700932330761,
        0.05184614051910855,
        0.14557309235752897,
        0.15949480494190005,
        0.7410473688818519
      ]
    ]
  ],
  "probability_threshold": 0,
  "k_qubits": 6,
  "preprocessing_mode": "ideal",
  "projection_mode": "all_components",
  "projection_subset": null,
  "num_solution_qubits": 3,
  "num_projections": 8,
  "projector_basis_states": [
    0,
    1,
    2,
    3,
    4,
    5,
    6,
    7
  ],
  "enhanced_projection_results": [
    {
      "problem_index": 0,
      "projection_tasks": [
        {
          "basis_state": 0,
          "task_id": "arn:aws:braket:eu-west-2:380012739362:quantum-task/8c6b97b6-dbf5-498e-bbfb-bde53a4b1772",
          "status": "DONE",
          "shots": 2000,
          "created_at": "2025-12-22 19:12:55.169000+00:00",
          "ended_at": "2025-12-22 19:12:58.410000+00:00",
          "execution_time_seconds": 3.241,
          "counts": {
            "0010000000": 666,
            "0000000000": 567,
            "0110000001": 4,
            "0100000000": 470,
            "0110000000": 110,
            "1000000000": 127,
            "0000110000": 1,
            "1110000000": 7,
            "1010000001": 13,
            "0000000001": 8,
            "0000110101": 1,
            "1111011000": 1,
            "0101100001": 1,
            "1010000000": 1,
            "0110101000": 1,
            "1000000001": 7,
            "0000110001": 1,
            "0100000001": 2,
            "1011000001": 1,
            "0000111000": 1,
            "1101110000": 1,
            "1111010000": 1,
            "1110000001": 2,
            "0001011001": 1,
            "1111101000": 1,
            "0000010010": 1,
            "1100000001": 1,
            "0000100000": 1,
            "1100110000": 1
          },
          "component_probability": 0.2619047619047619,
          "success_rate": 0.021
        },
        {
          "basis_state": 1,
          "task_id": "arn:aws:braket:eu-west-2:380012739362:quantum-task/48c40581-6586-4e1a-9300-c496badc8610",
          "status": "DONE",
          "shots": 2000,
          "created_at": "2025-12-22 19:12:57.097000+00:00",
          "ended_at": "2025-12-22 19:12:59.516000+00:00",
          "execution_time_seconds": 2.419,
          "counts": {
            "0000000000": 553,
            "0010000000": 647,
            "0110000000": 125,
            "0100000000": 483,
            "1000000000": 145,
            "1101100000": 1,
            "1000000001": 7,
            "0010001101": 1,
            "1110000000": 3,
            "0110000001": 3,
            "1010000001": 8,
            "0100000001": 1,
            "1100110001": 1,
            "0111011001": 2,
            "0000000001": 5,
            "1100010001": 1,
            "1100000001": 2,
            "1010000000": 4,
            "0000110000": 1,
            "1101010001": 1,
            "0000111000": 1,
            "0001011001": 1,
            "1010011001": 1,
            "1100100000": 1,
            "1110000001": 1,
            "0001100000": 1
          },
          "component_probability": 0.02857142857142857,
          "success_rate": 0.0175
        },
        {
          "basis_state": 2,
          "task_id": "arn:aws:braket:eu-west-2:380012739362:quantum-task/62163d19-f632-401f-9d62-b15d5740c1e6",
          "status": "DONE",
          "shots": 2000,
          "created_at": "2025-12-22 19:12:59.161000+00:00",
          "ended_at": "2025-12-22 19:13:02.061000+00:00",
          "execution_time_seconds": 2.9,
          "counts": {
            "1000000000": 156,
            "0010000000": 687,
            "0000000000": 544,
            "0100000000": 456,
            "0110000000": 111,
            "0110111001": 1,
            "0000000001": 5,
            "1000000001": 6,
            "1011111001": 1,
            "1101110001": 1,
            "0010011001": 1,
            "0110011001": 1,
            "1010000001": 10,
            "0001101001": 1,
            "0100000001": 2,
            "1110000001": 4,
            "0110110011": 1,
            "1110000000": 5,
            "0110000001": 1,
            "1100110001": 1,
            "0111010101": 1,
            "0000110000": 1,
            "1100000001": 1,
            "1011010000": 1,
            "0011101000": 1
          },
          "component_probability": 0.05263157894736842,
          "success_rate": 0.019
        },
        {
          "basis_state": 3,
          "task_id": "arn:aws:braket:eu-west-2:380012739362:quantum-task/64283367-9608-47bc-8197-19ef69dace69",
          "status": "DONE",
          "shots": 2000,
          "created_at": "2025-12-22 19:13:01.311000+00:00",
          "ended_at": "2025-12-22 19:13:03.897000+00:00",
          "execution_time_seconds": 2.586,
          "counts": {
            "0100000000": 503,
            "0000000000": 536,
            "0010000000": 675,
            "0110000000": 107,
            "1000000000": 142,
            "1010000001": 8,
            "0110000001": 2,
            "1000000001": 6,
            "1110000000": 5,
            "0000011001": 1,
            "1110000001": 3,
            "0000000001": 3,
            "1010010010": 1,
            "0110111101": 1,
            "1011010001": 1,
            "1100000001": 1,
            "1110011000": 1,
            "1010000000": 1,
            "0010110001": 1,
            "0011101001": 1,
            "1111101000": 1
          },
          "component_probability": 0.10714285714285714,
          "success_rate": 0.014
        },
        {
          "basis_state": 4,
          "task_id": "arn:aws:braket:eu-west-2:380012739362:quantum-task/722619db-edc0-414e-84b4-53ec4749b55c",
          "status": "DONE",
          "shots": 2000,
          "created_at": "2025-12-22 19:13:03.108000+00:00",
          "ended_at": "2025-12-22 19:13:05.711000+00:00",
          "execution_time_seconds": 2.603,
          "counts": {
            "0100000000": 469,
            "0010000000": 650,
            "1000000000": 154,
            "0000000000": 567,
            "0110000000": 111,
            "1111111011": 1,
            "1110000001": 2,
            "1101010000": 2,
            "0000000001": 5,
            "1010000001": 12,
            "0000100000": 2,
            "1000000001": 4,
            "1011000001": 1,
            "1100111000": 1,
            "1110000000": 5,
            "1010011011": 1,
            "1011010001": 1,
            "0110110101": 1,
            "0000010000": 1,
            "1100011000": 1,
            "0000010001": 1,
            "0110000001": 1,
            "1101010001": 1,
            "0010110001": 1,
            "1111101000": 1,
            "0100011000": 1,
            "0100000001": 2,
            "1001100001": 1
          },
          "component_probability": 0.14285714285714285,
          "success_rate": 0.0175
        },
        {
          "basis_state": 5,
          "task_id": "arn:aws:braket:eu-west-2:380012739362:quantum-task/8df45a72-2f6b-4063-91c3-532b99a14798",
          "status": "DONE",
          "shots": 2000,
          "created_at": "2025-12-22 19:13:04.942000+00:00",
          "ended_at": "2025-12-22 19:13:08.511000+00:00",
          "execution_time_seconds": 3.569,
          "counts": {
            "0010000000": 678,
            "0100000000": 467,
            "0000000000": 548,
            "1000000000": 135,
            "0001101000": 1,
            "0001011001": 2,
            "0110000000": 128,
            "1010000001": 11,
            "1111101000": 1,
            "1000000001": 5,
            "1100000001": 2,
            "0110110000": 1,
            "1111101100": 1,
            "0000000001": 3,
            "0000011001": 1,
            "0111011000": 1,
            "0100000001": 1,
            "1110000000": 6,
            "0000100001": 1,
            "0000110000": 1,
            "0110000001": 1,
            "1010011001": 2,
            "1010000000": 1,
            "1100110000": 1,
            "0001001001": 1
          },
          "component_probability": 0.43333333333333335,
          "success_rate": 0.015
        },
        {
          "basis_state": 6,
          "task_id": "arn:aws:braket:eu-west-2:380012739362:quantum-task/1e49e316-72bc-4fb1-a58a-8b6b5c285757",
          "status": "DONE",
          "shots": 2000,
          "created_at": "2025-12-22 19:13:06.851000+00:00",
          "ended_at": "2025-12-22 19:13:09.188000+00:00",
          "execution_time_seconds": 2.337,
          "counts": {
            "0010000000": 667,
            "0000000000": 578,
            "0110000000": 117,
            "0100000000": 447,
            "1000000000": 135,
            "1101010000": 1,
            "0010000001": 1,
            "1110000000": 7,
            "1000000001": 5,
            "1010000001": 15,
            "1110001001": 1,
            "1010000000": 1,
            "0000000001": 6,
            "1101100001": 1,
            "0100000001": 1,
            "1110000001": 2,
            "0001011000": 1,
            "0000110100": 1,
            "0000110000": 1,
            "1100100000": 1,
            "1100000000": 1,
            "0001100000": 1,
            "0000010001": 1,
            "0110000001": 4,
            "0111010100": 1,
            "0000111011": 1,
            "0010110001": 1,
            "1111101101": 1
          },
          "component_probability": 0.025,
          "success_rate": 0.02
        },
        {
          "basis_state": 7,
          "task_id": "arn:aws:braket:eu-west-2:380012739362:quantum-task/b2073533-7b83-45c8-9700-16c45f6d0a40",
          "status": "DONE",
          "shots": 2000,
          "created_at": "2025-12-22 19:13:08.629000+00:00",
          "ended_at": "2025-12-22 19:13:11.869000+00:00",
          "execution_time_seconds": 3.24,
          "counts": {
            "0100000000": 491,
            "0000000000": 556,
            "1000000000": 155,
            "0010000000": 639,
            "0110000000": 115,
            "1010110000": 1,
            "1010000001": 14,
            "0001101001": 2,
            "1110000001": 2,
            "1110000000": 4,
            "1101100001": 1,
            "0000000001": 9,
            "1000000001": 4,
            "0000110000": 1,
            "1101100000": 1,
            "1100010001": 1,
            "0010110001": 1,
            "1010000000": 1,
            "1100000001": 1,
            "0000111000": 1
          },
          "component_probability": 0.05714285714285714,
          "success_rate": 0.0175
        }
      ],
      "depth": 2653,
      "num_projections": 8,
      "ideal_solution": [
        {
          "real": -0.41845197466002,
          "imag": 0.0
        },
        {
          "real": -0.08122798378506414,
          "imag": 0.0
        },
        {
          "real": -0.12086271625846651,
          "imag": 0.0
        },
        {
          "real": 0.33019236415498104,
          "imag": 0.0
        },
        {
          "real": -0.43652319227151054,
          "imag": 0.0
        },
        {
          "real": 0.6313925646101937,
          "imag": 0.0
        },
        {
          "real": 0.09739889654602259,
          "imag": 0.0
        },
        {
          "real": 0.30978953007063115,
          "imag": 0.0
        }
      ],
      "reconstructed_solution_probabilities": [
        0.23625162493641555,
        0.02577290453851806,
        0.04747640309727011,
        0.09664839201944271,
        0.1288645226925903,
        0.3908890521675239,
        0.022551291471203303,
        0.05154580907703612
      ],
      "fidelity": 0.9639974752833703,
      "metadata": {
        "measured_components": [
          0,
          1,
          2,
          3,
          4,
          5,
          6,
          7
        ],
        "success_rates": [
          0.021,
          0.0175,
          0.019,
          0.014,
          0.0175,
          0.015,
          0.02,
          0.0175
        ],
        "raw_probabilities": [
          0.2619047619047619,
          0.02857142857142857,
          0.05263157894736842,
          0.10714285714285714,
          0.14285714285714285,
          0.43333333333333335,
          0.025,
          0.05714285714285714
        ],
        "average_success_rate": 0.017687500000000002,
        "total_probability": 1.1085839598997493
      },
      "total_problem_time_seconds": 16.7,
      "first_created_at": "2025-12-22 19:12:55.169000+00:00",
      "last_ended_at": "2025-12-22 19:13:11.869000+00:00"
    }
  ]
}