{
  "problem_list": [
    {
      "A_matrix": [
        [
          0.792250586870002,
          0.9674860958090178,
          0.742448251354439,
          0.9462449964551063,
          1.057957862253852,
          0.8620740581431249,
          1.2126620671449602,
          1.3444885078991724
        ],
        [
          0.9674860958090178,
          0.1662808617079703,
          1.0348949191681494,
          1.2868748690304952,
          1.4050882755961405,
          1.0839990666965358,
          1.0579180442196399,
          0.9332625755789019
        ],
        [
          0.742448251354439,
          1.0348949191681494,
          1.1040925306677534,
          1.2185506721187231,
          0.7244893155972816,
          1.735370256399131,
          1.0636989065543871,
          0.42857050751557957
        ],
        [
          0.9462449964551063,
          1.2868748690304952,
          1.2185506721187231,
          0.07086022404081671,
          0.5021817818062019,
          1.046752579606098,
          1.812633845543444,
          1.5240284346726445
        ],
        [
          1.057957862253852,
          1.4050882755961405,
          0.7244893155972816,
          0.5021817818062019,
          1.3624237353968753,
          1.5118457134656302,
          0.42606863215461055,
          0.27168206496364355
        ],
        [
          0.8620740581431249,
          1.0839990666965358,
          1.735370256399131,
          1.046752579606098,
          1.5118457134656302,
          0.5566442075212199,
          1.4095940348225793,
          1.055017645135332
        ],
        [
          1.2126620671449602,
          1.0579180442196399,
          1.0636989065543871,
          1.812633845543444,
          0.42606863215461055,
          1.4095940348225793,
          0.2858685004531485,
          0.16486754044092156
        ],
        [
          1.3444885078991724,
          0.9332625755789019,
          0.42857050751557957,
          1.5240284346726445,
          0.27168206496364355,
          1.055017645135332,
          0.16486754044092156,
          0.09322398508525764
        ]
      ],
      "b_vector": [
        0.36917099895456484,
        0.048992369773021655,
        0.5459798828154848,
        0.34955743456599675,
        0.46650564092264324,
        0.14512158286060514,
        0.1983581607722186,
        0.4037255775471623
      ]
    }
  ],
  "shots": 2000,
  "backend": "sv1",
  "device_arn": "SV1",
  "aws_region": "eu-west-2",
  "ideal_preprocessing_list": [
    [
      [
        -2.4822193494486884,
        -1.4255329947418305,
        -0.8366630403155892,
        -0.4332062711370162,
        -0.190221040179488,
        0.7826769760876143,
        1.1576115259183515,
        7.859198825559688
      ],
      [
        0.1417526363282463,
        0.3669134458370336,
        0.09835796730495044,
        0.18273248852660046,
        0.18909602623451777,
        0.04432085401776516,
        0.03966747353401115,
        0.8734529795972872
      ]
    ]
  ],
  "probability_threshold": 0,
  "k_qubits": 7,
  "preprocessing_mode": "ideal",
  "projection_mode": "all_components",
  "projection_subset": null,
  "num_solution_qubits": 3,
  "num_projections": 8,
  "projector_basis_states": [
    0,
    1,
    2,
    3,
    4,
    5,
    6,
    7
  ],
  "enhanced_projection_results": [
    {
      "problem_index": 0,
      "projection_tasks": [
        {
          "basis_state": 0,
          "task_id": "arn:aws:braket:eu-west-2:380012739362:quantum-task/bea09ed0-9cf5-41c8-ae33-90692b17f9e8",
          "shots": 2000,
          "projector_index": 0
        },
        {
          "basis_state": 1,
          "task_id": "arn:aws:braket:eu-west-2:380012739362:quantum-task/9b108032-55a0-47da-941d-9a502d596e44",
          "shots": 2000,
          "projector_index": 1
        },
        {
          "basis_state": 2,
          "task_id": "arn:aws:braket:eu-west-2:380012739362:quantum-task/7f79bf97-5cef-4011-a015-77c0b8ecd96d",
          "shots": 2000,
          "projector_index": 2
        },
        {
          "basis_state": 3,
          "task_id": "arn:aws:braket:eu-west-2:380012739362:quantum-task/1d823954-9e78-41dc-ad23-d55febcb139f",
          "shots": 2000,
          "projector_index": 3
        },
        {
          "basis_state": 4,
          "task_id": "arn:aws:braket:eu-west-2:380012739362:quantum-task/6ea1947b-4fdc-4825-9f3f-03857040fc92",
          "shots": 2000,
          "projector_index": 4
        },
        {
          "basis_state": 5,
          "task_id": "arn:aws:braket:eu-west-2:380012739362:quantum-task/4735a21d-122f-4826-8315-64be136b8b1c",
          "shots": 2000,
          "projector_index": 5
        },
        {
          "basis_state": 6,
          "task_id": "arn:aws:braket:eu-west-2:380012739362:quantum-task/adc44982-21ca-4671-9e42-676bcb5e89c6",
          "shots": 2000,
          "projector_index": 6
        },
        {
          "basis_state": 7,
          "task_id": "arn:aws:braket:eu-west-2:380012739362:quantum-task/99845fab-a943-43fd-97ee-6577e523fa62",
          "shots": 2000,
          "projector_index": 7
        }
      ],
      "depth": 4716,
      "num_projections": 8,
      "ideal_solution": [
        {
          "real": -0.04595363326834452,
          "imag": 0.0
        },
        {
          "real": 0.3489378699559424,
          "imag": 0.0
        },
        {
          "real": -0.5307000600337196,
          "imag": 0.0
        },
        {
          "real": 0.14367320995656965,
          "imag": 0.0
        },
        {
          "real": 0.07950349514728401,
          "imag": 0.0
        },
        {
          "real": 0.017652101968306032,
          "imag": 0.0
        },
        {
          "real": 0.62272053639225,
          "imag": 0.0
        },
        {
          "real": -0.42359510458909316,
          "imag": 0.0
        }
      ]
    }
  ]
}