{
  "problem_list": [
    {
      "A_matrix": [
        [
          1.610917261199712,
          1.1294282526834265,
          1.1584180321560773,
          0.9243556758301034,
          1.3802612570765769,
          0.7896024234684248,
          1.767478530015183,
          1.541462045722867,
          1.1757235168792697,
          1.5102430953625228,
          1.0654092376524738,
          1.065876005966739,
          0.8106581440467818,
          1.7240708947102812,
          1.4893349659510298,
          0.5723816405276746
        ],
        [
          1.1294282526834265,
          1.9782819795563207,
          0.8649936906470224,
          1.5929973776549575,
          0.48845289427111616,
          1.29192491740052,
          1.1382452095151565,
          1.1749310373566235,
          0.8006874506979945,
          0.3876952835318399,
          1.126624613211991,
          1.0745594526552869,
          1.2467375250754515,
          1.430685053486397,
          1.4777024067777202,
          0.6247884924899837
        ],
        [
          1.1584180321560773,
          0.8649936906470224,
          0.46137654871854905,
          1.0194668142909593,
          0.740436991938207,
          1.7777535080925202,
          0.9063325897710359,
          1.3678658799577748,
          1.8006656806461685,
          1.2002159342470002,
          1.2201445015046706,
          0.9608420722628107,
          1.4990569240684222,
          0.5590615399866391,
          1.6188019511007714,
          0.9973948377354571
        ],
        [
          0.9243556758301034,
          1.5929973776549575,
          1.0194668142909593,
          0.0475804082849578,
          0.7381354134126862,
          1.2663425632690677,
          1.0283458035198099,
          0.4497860612561281,
          0.8987525060224254,
          0.45977272258215207,
          0.9715260532878753,
          1.1827437188996166,
          0.8718775273660688,
          1.5695513828018073,
          1.044827647587439,
          0.7065234404816594
        ],
        [
          1.3802612570765769,
          0.48845289427111616,
          0.740436991938207,
          0.7381354134126862,
          0.6479333646353678,
          1.3375975681194805,
          0.9642280603314576,
          0.7402734621056065,
          0.8345282977365137,
          0.601142976426731,
          1.2680690131468315,
          1.0517255912542698,
          1.1702256840239302,
          0.9403517372041489,
          1.1381963593070055,
          0.7894856037180207
        ],
        [
          0.7896024234684248,
          1.29192491740052,
          1.7777535080925202,
          1.2663425632690677,
          1.3375975681194805,
          1.4049092144803388,
          0.7616855337795375,
          0.6149666662459106,
          0.9606473402884652,
          0.5606079251155541,
          1.2409934415216382,
          0.6989115503796782,
          1.4052691304481524,
          1.5588427965399894,
          0.6011693337948243,
          0.21034414451039896
        ],
        [
          1.767478530015183,
          1.1382452095151565,
          0.9063325897710359,
          1.0283458035198099,
          0.9642280603314576,
          0.7616855337795375,
          1.0405042192143086,
          1.1496710744904215,
          0.593332529933234,
          1.2230547113702428,
          1.3467046706746961,
          1.5613155586556617,
          1.6447476029435022,
          1.176023007129768,
          0.6308089287661015,
          0.19753646574202
        ],
        [
          1.541462045722867,
          1.1749310373566235,
          1.3678658799577748,
          0.4497860612561281,
          0.7402734621056065,
          0.6149666662459106,
          1.1496710744904215,
          1.899755041539234,
          0.7627343537783687,
          1.0497749656697382,
          1.0312547641004728,
          1.1857959106856488,
          1.101790038967041,
          1.6118438151984473,
          1.2980931471388413,
          0.9869101122265465
        ],
        [
          1.1757235168792697,
          0.8006874506979945,
          1.8006656806461685,
          0.8987525060224254,
          0.8345282977365137,
          0.9606473402884652,
          0.593332529933234,
          0.7627343537783687,
          0.07952344652525678,
          1.1053229710683368,
          1.3017373534998034,
          0.46494650793917114,
          1.120215665699787,
          1.6129924628831946,
          1.1312414810446096,
          0.7597809224324532
        ],
        [
          1.5102430953625228,
          0.3876952835318399,
          1.2002159342470002,
          0.45977272258215207,
          0.601142976426731,
          0.5606079251155541,
          1.2230547113702428,
          1.0497749656697382,
          1.1053229710683368,
          0.7109745891968906,
          0.7132793690475514,
          1.0147015142473201,
          0.9507765262218496,
          0.6996791419158332,
          0.8046945658645087,
          1.533297564859167
        ],
        [
          1.0654092376524738,
          1.126624613211991,
          1.2201445015046706,
          0.9715260532878753,
          1.2680690131468315,
          1.2409934415216382,
          1.3467046706746961,
          1.0312547641004728,
          1.3017373534998034,
          0.7132793690475514,
          1.65678196006268,
          1.638242640273018,
          0.6293324162561318,
          0.6223952632517461,
          1.278490493510888,
          0.42009843865523977
        ],
        [
          1.065876005966739,
          1.0745594526552869,
          0.9608420722628107,
          1.1827437188996166,
          1.0517255912542698,
          0.6989115503796782,
          1.5613155586556617,
          1.1857959106856488,
          0.46494650793917114,
          1.0147015142473201,
          1.638242640273018,
          0.37484014628571316,
          1.0699421985878819,
          1.4984738151598718,
          1.3050203436329206,
          0.6998134783099075
        ],
        [
          0.8106581440467818,
          1.2467375250754515,
          1.4990569240684222,
          0.8718775273660688,
          1.1702256840239302,
          1.4052691304481524,
          1.6447476029435022,
          1.101790038967041,
          1.120215665699787,
          0.9507765262218496,
          0.6293324162561318,
          1.0699421985878819,
          0.6982750283105963,
          1.3256062341840744,
          0.7609605326020749,
          0.8350943919189687
        ],
        [
          1.7240708947102812,
          1.430685053486397,
          0.5590615399866391,
          1.5695513828018073,
          0.9403517372041489,
          1.5588427965399894,
          1.176023007129768,
          1.6118438151984473,
          1.6129924628831946,
          0.6996791419158332,
          0.6223952632517461,
          1.4984738151598718,
          1.3256062341840744,
          0.44462328225271075,
          1.0036681406578931,
          1.238749031358388
        ],
        [
          1.4893349659510298,
          1.4777024067777202,
          1.6188019511007714,
          1.044827647587439,
          1.1381963593070055,
          0.6011693337948243,
          0.6308089287661015,
          1.2980931471388413,
          1.1312414810446096,
          0.8046945658645087,
          1.278490493510888,
          1.3050203436329206,
          0.7609605326020749,
          1.0036681406578931,
          0.06036411464879965,
          1.001219819500304
        ],
        [
          0.5723816405276746,
          0.6247884924899837,
          0.9973948377354571,
          0.7065234404816594,
          0.7894856037180207,
          0.21034414451039896,
          0.19753646574202,
          0.9869101122265465,
          0.7597809224324532,
          1.533297564859167,
          0.42009843865523977,
          0.6998134783099075,
          0.8350943919189687,
          1.238749031358388,
          1.001219819500304,
          0.057545650078756116
        ]
      ],
      "b_vector": [
        0.06010494563465057,
        0.2525338085978799,
        0.058959791761342285,
        0.16890043119609863,
        0.17239856495050274,
        0.21788357250152265,
        0.39518192358473786,
        0.3462280256626279,
        0.07821855497926113,
        0.4588518604995943,
        0.3617657364565932,
        0.1332759739963924,
        0.24078952699389425,
        0.3137969476680413,
        0.15045240327603707,
        0.0546735000181358
      ]
    }
  ],
  "shots": 2000,
  "backend": "sv1",
  "device_arn": "SV1",
  "aws_region": "eu-west-2",
  "ideal_preprocessing_list": [
    [
      [
        -2.8199368459391327,
        -1.989553223898474,
        -1.7570705552133308,
        -1.612694736738859,
        -1.3379479058977701,
        -0.7256363888479685,
        -0.5338378897621978,
        -0.26698065651160424,
        0.18880924460016127,
        0.453836341856056,
        0.5384520803502919,
        1.0054776459426318,
        1.433179089715077,
        1.5620591795058012,
        2.2104673157747574,
        16.825563560054746
      ],
      [
        0.1262272711445243,
        0.21064643815369605,
        0.032122689452378325,
        0.14528244767464682,
        0.05203967643027533,
        0.17795352673382425,
        0.19700197752093893,
        0.09507908433533746,
        0.027518923596496894,
        0.17117855111663496,
        0.1564647832005918,
        0.07273677645923349,
        0.11060602416698931,
        0.06932710570259291,
        0.05547310755284289,
        0.8691271713211546
      ]
    ]
  ],
  "probability_threshold": 0,
  "k_qubits": 5,
  "preprocessing_mode": "ideal",
  "projection_mode": "all_components",
  "projection_subset": null,
  "num_solution_qubits": 4,
  "num_projections": 16,
  "projector_basis_states": [
    0,
    1,
    2,
    3,
    4,
    5,
    6,
    7,
    8,
    9,
    10,
    11,
    12,
    13,
    14,
    15
  ],
  "enhanced_projection_results": [
    {
      "problem_index": 0,
      "projection_tasks": [
        {
          "basis_state": 0,
          "task_id": "arn:aws:braket:eu-west-2:380012739362:quantum-task/c0d95c3d-21ae-448e-b44c-509325948434",
          "shots": 2000,
          "projector_index": 0
        },
        {
          "basis_state": 1,
          "task_id": "arn:aws:braket:eu-west-2:380012739362:quantum-task/6b6169a0-7d76-483f-a773-d14675083d0c",
          "shots": 2000,
          "projector_index": 1
        },
        {
          "basis_state": 2,
          "task_id": "arn:aws:braket:eu-west-2:380012739362:quantum-task/b3c3f10b-20f7-4c61-9f1d-430bbcd8b4f5",
          "shots": 2000,
          "projector_index": 2
        },
        {
          "basis_state": 3,
          "task_id": "arn:aws:braket:eu-west-2:380012739362:quantum-task/ae650a2e-6199-405d-98c9-06b19fc62f3b",
          "shots": 2000,
          "projector_index": 3
        },
        {
          "basis_state": 4,
          "task_id": "arn:aws:braket:eu-west-2:380012739362:quantum-task/086de77a-7e53-4d24-b61f-2eaf0d42192c",
          "shots": 2000,
          "projector_index": 4
        },
        {
          "basis_state": 5,
          "task_id": "arn:aws:braket:eu-west-2:380012739362:quantum-task/05573284-18b5-440d-887a-3d478be56f80",
          "shots": 2000,
          "projector_index": 5
        },
        {
          "basis_state": 6,
          "task_id": "arn:aws:braket:eu-west-2:380012739362:quantum-task/d4c73aa3-1541-4296-bccd-18ff58e0cb49",
          "shots": 2000,
          "projector_index": 6
        },
        {
          "basis_state": 7,
          "task_id": "arn:aws:braket:eu-west-2:380012739362:quantum-task/b9e2a43e-034f-4c45-9824-6e01a2a9b294",
          "shots": 2000,
          "projector_index": 7
        },
        {
          "basis_state": 8,
          "task_id": "arn:aws:braket:eu-west-2:380012739362:quantum-task/326fa368-fb09-4196-acd8-f5854803f53a",
          "shots": 2000,
          "projector_index": 8
        },
        {
          "basis_state": 9,
          "task_id": "arn:aws:braket:eu-west-2:380012739362:quantum-task/9fe11633-584b-4e7f-956c-d947d546ac87",
          "shots": 2000,
          "projector_index": 9
        },
        {
          "basis_state": 10,
          "task_id": "arn:aws:braket:eu-west-2:380012739362:quantum-task/2aa5563a-4002-45b1-a499-515f686bdc57",
          "shots": 2000,
          "projector_index": 10
        },
        {
          "basis_state": 11,
          "task_id": "arn:aws:braket:eu-west-2:380012739362:quantum-task/1429d83f-982b-4658-9b6d-91f42811fc96",
          "shots": 2000,
          "projector_index": 11
        },
        {
          "basis_state": 12,
          "task_id": "arn:aws:braket:eu-west-2:380012739362:quantum-task/84f54791-0462-461b-a9e5-53f22d059822",
          "shots": 2000,
          "projector_index": 12
        },
        {
          "basis_state": 13,
          "task_id": "arn:aws:braket:eu-west-2:380012739362:quantum-task/b38d943d-fef9-425d-bc32-80d6cf5aef46",
          "shots": 2000,
          "projector_index": 13
        },
        {
          "basis_state": 14,
          "task_id": "arn:aws:braket:eu-west-2:380012739362:quantum-task/be75be48-7be8-4d9e-a7fc-43678921de7d",
          "shots": 2000,
          "projector_index": 14
        },
        {
          "basis_state": 15,
          "task_id": "arn:aws:braket:eu-west-2:380012739362:quantum-task/dfb9b146-0e16-4409-8c06-fe719732e815",
          "shots": 2000,
          "projector_index": 15
        }
      ],
      "depth": 7193,
      "num_projections": 16,
      "ideal_solution": [
        {
          "real": -0.2628033544577364,
          "imag": 0.0
        },
        {
          "real": -0.03227420070193431,
          "imag": 0.0
        },
        {
          "real": 0.26826594041857615,
          "imag": 0.0
        },
        {
          "real": -0.05162770277591571,
          "imag": 0.0
        },
        {
          "real": 0.09034819246045316,
          "imag": 0.0
        },
        {
          "real": -0.3130767629208649,
          "imag": 0.0
        },
        {
          "real": 0.2764711969767679,
          "imag": 0.0
        },
        {
          "real": 0.032311541403466405,
          "imag": 0.0
        },
        {
          "real": -0.1581366484945917,
          "imag": 0.0
        },
        {
          "real": -0.2745573165749666,
          "imag": 0.0
        },
        {
          "real": -0.14299048731592523,
          "imag": 0.0
        },
        {
          "real": 0.38806656512061805,
          "imag": 0.0
        },
        {
          "real": 0.5426201995072811,
          "imag": 0.0
        },
        {
          "real": -0.28524690150404075,
          "imag": 0.0
        },
        {
          "real": 0.14362008510001423,
          "imag": 0.0
        },
        {
          "real": 0.06115931540081168,
          "imag": 0.0
        }
      ]
    }
  ]
}