{
  "problem_list": [
    {
      "A_matrix": [
        [
          1.6216157964320064,
          1.0185217983405637,
          0.36908236817792184,
          1.082707552545193,
          0.514451016804067,
          0.6805544839795676,
          1.8852617622472168,
          1.2895721007705148
        ],
        [
          1.0185217983405637,
          0.08989223917906042,
          0.8383892380145647,
          1.2991765391091468,
          1.0905664145742948,
          0.7147826025838449,
          1.2032117339338404,
          1.1941245999662986
        ],
        [
          0.36908236817792184,
          0.8383892380145647,
          0.6702626076706868,
          1.152562148722204,
          1.6441278354284816,
          0.7080867542122583,
          0.20869566220477476,
          0.8671637966693353
        ],
        [
          1.082707552545193,
          1.2991765391091468,
          1.152562148722204,
          1.911933674660216,
          0.39400507467873525,
          1.35507180035012,
          1.1287233393772667,
          0.6417155452121887
        ],
        [
          0.514451016804067,
          1.0905664145742948,
          1.6441278354284816,
          0.39400507467873525,
          1.308771057654719,
          0.7054006098578265,
          0.5940484688279918,
          0.6255911128242572
        ],
        [
          0.6805544839795676,
          0.7147826025838449,
          0.7080867542122583,
          1.35507180035012,
          0.7054006098578265,
          0.2226771079341865,
          1.1278563005093774,
          1.1735501867290294
        ],
        [
          1.8852617622472168,
          1.2032117339338404,
          0.20869566220477476,
          1.1287233393772667,
          0.5940484688279918,
          1.1278563005093774,
          1.3034812055140081,
          1.533970774556126
        ],
        [
          1.2895721007705148,
          1.1941245999662986,
          0.8671637966693353,
          0.6417155452121887,
          0.6255911128242572,
          1.1735501867290294,
          1.533970774556126,
          1.5566249513135562
        ]
      ],
      "b_vector": [
        0.3698315051473388,
        0.3131983177617063,
        0.2930300544677241,
        0.5645725513299914,
        0.5382586928970503,
        0.04275734738919449,
        0.10724602409315545,
        0.23972978975564746
      ]
    }
  ],
  "shots": 2000,
  "backend": "sv1",
  "device_arn": "SV1",
  "aws_region": "eu-west-2",
  "ideal_preprocessing_list": [
    [
      [
        -1.3017894561085368,
        -0.9691453035580357,
        -0.6523316791968898,
        -0.26103776942544277,
        0.42295890500242195,
        1.2961447198937803,
        2.14814363985067,
        8.00231558390047
      ],
      [
        0.21468224811696923,
        0.12317079760413613,
        0.12077773779293688,
        0.1627882827605522,
        0.2195967753813038,
        0.10288353730268546,
        0.31943560098639245,
        0.8583742370476755
      ]
    ]
  ],
  "probability_threshold": 0,
  "k_qubits": 6,
  "preprocessing_mode": "ideal",
  "projection_mode": "all_components",
  "projection_subset": null,
  "num_solution_qubits": 3,
  "num_projections": 8,
  "projector_basis_states": [
    0,
    1,
    2,
    3,
    4,
    5,
    6,
    7
  ],
  "enhanced_projection_results": [
    {
      "problem_index": 0,
      "projection_tasks": [
        {
          "basis_state": 0,
          "task_id": "arn:aws:braket:eu-west-2:380012739362:quantum-task/d32524d9-7da0-4ee2-8f82-a8e07eb27f73",
          "shots": 2000,
          "projector_index": 0
        },
        {
          "basis_state": 1,
          "task_id": "arn:aws:braket:eu-west-2:380012739362:quantum-task/f578d344-b5fb-489d-927d-134cff7b5144",
          "shots": 2000,
          "projector_index": 1
        },
        {
          "basis_state": 2,
          "task_id": "arn:aws:braket:eu-west-2:380012739362:quantum-task/fa9af6ad-3957-4cd9-acda-c4ddf49e6a7a",
          "shots": 2000,
          "projector_index": 2
        },
        {
          "basis_state": 3,
          "task_id": "arn:aws:braket:eu-west-2:380012739362:quantum-task/da0d6e89-8267-4893-b30a-af758364f798",
          "shots": 2000,
          "projector_index": 3
        },
        {
          "basis_state": 4,
          "task_id": "arn:aws:braket:eu-west-2:380012739362:quantum-task/4c9aacf0-8114-4475-b435-8a745bf5f525",
          "shots": 2000,
          "projector_index": 4
        },
        {
          "basis_state": 5,
          "task_id": "arn:aws:braket:eu-west-2:380012739362:quantum-task/399bf47c-9b8e-4381-83fb-b91c228088b8",
          "shots": 2000,
          "projector_index": 5
        },
        {
          "basis_state": 6,
          "task_id": "arn:aws:braket:eu-west-2:380012739362:quantum-task/e4552b11-8ab3-4f3e-b0c6-ae10108861b0",
          "shots": 2000,
          "projector_index": 6
        },
        {
          "basis_state": 7,
          "task_id": "arn:aws:braket:eu-west-2:380012739362:quantum-task/ece0b512-7776-423a-907b-c5bb6ed71f3c",
          "shots": 2000,
          "projector_index": 7
        }
      ],
      "depth": 2668,
      "num_projections": 8,
      "ideal_solution": [
        {
          "real": 0.0005914883642155381,
          "imag": 0.0
        },
        {
          "real": 0.028056622968273482,
          "imag": 0.0
        },
        {
          "real": 0.011525838852113463,
          "imag": 0.0
        },
        {
          "real": -0.038236915002996516,
          "imag": 0.0
        },
        {
          "real": 0.39403484823574353,
          "imag": 0.0
        },
        {
          "real": 0.29665720662347583,
          "imag": 0.0
        },
        {
          "real": 0.4985759458716183,
          "imag": 0.0
        },
        {
          "real": -0.71117553090032,
          "imag": 0.0
        }
      ]
    }
  ]
}