{
  "problem_list": [
    {
      "A_matrix": [
        [
          0.18860092959233765,
          1.0530640139873189,
          1.410671186966807,
          0.7514446900392757,
          1.2935445116073794,
          1.478765304728698,
          0.7557040155926474,
          0.6097514068527385,
          0.8684729935321127,
          0.8086973028907485,
          1.4066082734623278,
          1.6801513699035868,
          1.6394146943324177,
          1.557360218606035,
          1.0437256399602504,
          1.335533804558311
        ],
        [
          1.0530640139873189,
          1.3085140138000892,
          1.5311336698065174,
          0.3697923450835865,
          0.849548321909457,
          0.8450504620348814,
          0.789063965322296,
          0.5794632456618161,
          1.5273283874851895,
          0.8039556763363896,
          0.5352651245370438,
          0.3292469133777829,
          0.30202966366333284,
          1.0501458383738416,
          1.159523861154423,
          1.1675189549334832
        ],
        [
          1.410671186966807,
          1.5311336698065174,
          0.9819103092314154,
          0.5685977604590019,
          0.8964121900173303,
          0.7018211075851155,
          1.0520871693136304,
          0.4544789301884612,
          1.7814811833473825,
          1.4148405873236278,
          0.19670634533669273,
          0.35070237141528826,
          1.0163785945396508,
          1.4582904437945312,
          0.9369541589347097,
          1.1434269546745996
        ],
        [
          0.7514446900392757,
          0.3697923450835865,
          0.5685977604590019,
          0.5276981216362948,
          0.4182573234297834,
          0.917299288762143,
          1.2057214284833417,
          0.5136052764827704,
          1.2488220919059307,
          0.6895443872517424,
          0.7293706563019444,
          0.6343990486414105,
          0.26303964371899935,
          0.5615161169074189,
          0.40443466713640797,
          0.7391458161375316
        ],
        [
          1.2935445116073794,
          0.849548321909457,
          0.8964121900173303,
          0.4182573234297834,
          1.6350511767440026,
          0.29972458163540583,
          0.9746685161330518,
          0.7513052369402518,
          1.139849517636749,
          0.2547633714923446,
          1.0322881753567121,
          1.2347714390632265,
          1.2340319230977892,
          1.5175980680860293,
          1.1280021124700332,
          1.056453306568055
        ],
        [
          1.478765304728698,
          0.8450504620348814,
          0.7018211075851155,
          0.917299288762143,
          0.29972458163540583,
          1.5312313526403585,
          1.314465077398352,
          0.12405100366356436,
          0.632590939731894,
          1.157439655581547,
          0.7719439953413981,
          1.734262857177186,
          1.0937415262155432,
          1.6115143193328392,
          0.5709022275463034,
          0.8054378801994931
        ],
        [
          0.7557040155926474,
          0.789063965322296,
          1.0520871693136304,
          1.2057214284833417,
          0.9746685161330518,
          1.314465077398352,
          0.2127762889157443,
          1.489624838888476,
          0.6667738618248432,
          1.682399879437678,
          0.08594339249913885,
          0.9653633998646072,
          0.7937621340130441,
          0.5744037791876472,
          0.9042508626943316,
          0.6257869778051436
        ],
        [
          0.6097514068527385,
          0.5794632456618161,
          0.4544789301884612,
          0.5136052764827704,
          0.7513052369402518,
          0.12405100366356436,
          1.489624838888476,
          1.7479414666211903,
          0.6801544708002695,
          0.8646177286322143,
          0.6067412737824008,
          1.205244313799082,
          1.3264130762396271,
          1.540507372965428,
          0.8929873540805179,
          0.929965397010585
        ],
        [
          0.8684729935321127,
          1.5273283874851895,
          1.7814811833473825,
          1.2488220919059307,
          1.139849517636749,
          0.632590939731894,
          0.6667738618248432,
          0.6801544708002695,
          1.8811305490976147,
          0.9373157690708576,
          1.680900550500923,
          0.23367392258830277,
          0.20930405343687164,
          0.9878644639422175,
          1.0361719852165119,
          1.2241660337693387
        ],
        [
          0.8086973028907485,
          0.8039556763363896,
          1.4148405873236278,
          0.6895443872517424,
          0.2547633714923446,
          1.157439655581547,
          1.682399879437678,
          0.8646177286322143,
          0.9373157690708576,
          1.566718750955496,
          1.8027343270408613,
          1.0297664695332183,
          0.8510569192215521,
          0.717970036303905,
          1.31802144853691,
          0.6633377588141767
        ],
        [
          1.4066082734623278,
          0.5352651245370438,
          0.19670634533669273,
          0.7293706563019444,
          1.0322881753567121,
          0.7719439953413981,
          0.08594339249913885,
          0.6067412737824008,
          1.680900550500923,
          1.8027343270408613,
          0.17768213822551848,
          1.8378043823160308,
          0.7084782023877358,
          0.9260400362449378,
          1.2376756648156306,
          1.7603253798425995
        ],
        [
          1.6801513699035868,
          0.3292469133777829,
          0.35070237141528826,
          0.6343990486414105,
          1.2347714390632265,
          1.734262857177186,
          0.9653633998646072,
          1.205244313799082,
          0.23367392258830277,
          1.0297664695332183,
          1.8378043823160308,
          0.8132745642600501,
          0.40371365352623234,
          1.8457906717002017,
          1.6112495489582086,
          0.9772702786312889
        ],
        [
          1.6394146943324177,
          0.30202966366333284,
          1.0163785945396508,
          0.26303964371899935,
          1.2340319230977892,
          1.0937415262155432,
          0.7937621340130441,
          1.3264130762396271,
          0.20930405343687164,
          0.8510569192215521,
          0.7084782023877358,
          0.40371365352623234,
          1.453821039325057,
          1.5973898038900236,
          0.8595192675472364,
          1.2738049724568543
        ],
        [
          1.557360218606035,
          1.0501458383738416,
          1.4582904437945312,
          0.5615161169074189,
          1.5175980680860293,
          1.6115143193328392,
          0.5744037791876472,
          1.540507372965428,
          0.9878644639422175,
          0.717970036303905,
          0.9260400362449378,
          1.8457906717002017,
          1.5973898038900236,
          0.9971912971048962,
          0.5252022770824488,
          1.5647950095949184
        ],
        [
          1.0437256399602504,
          1.159523861154423,
          0.9369541589347097,
          0.40443466713640797,
          1.1280021124700332,
          0.5709022275463034,
          0.9042508626943316,
          0.8929873540805179,
          1.0361719852165119,
          1.31802144853691,
          1.2376756648156306,
          1.6112495489582086,
          0.8595192675472364,
          0.5252022770824488,
          0.7905029430463175,
          0.8313871740540462
        ],
        [
          1.335533804558311,
          1.1675189549334832,
          1.1434269546745996,
          0.7391458161375316,
          1.056453306568055,
          0.8054378801994931,
          0.6257869778051436,
          0.929965397010585,
          1.2241660337693387,
          0.6633377588141767,
          1.7603253798425995,
          0.9772702786312889,
          1.2738049724568543,
          1.5647950095949184,
          0.8313871740540462,
          0.09432618450293306
        ]
      ],
      "b_vector": [
        0.3241628462133386,
        0.038398789127844314,
        0.18882166918238827,
        0.23156211824633965,
        0.3505903298036551,
        0.13410687248358785,
        0.24105575220815126,
        0.12190570080912994,
        0.4257910725957259,
        0.28891798513721295,
        0.04558207977465582,
        0.42878325486162755,
        0.025047391084601918,
        0.12622748452441096,
        0.35024651265515866,
        0.01908984144445864
      ]
    }
  ],
  "shots": 2000,
  "backend": "sv1",
  "device_arn": "SV1",
  "aws_region": "eu-west-2",
  "ideal_preprocessing_list": [
    [
      [
        -2.7757037045160455,
        -2.215851532549075,
        -2.031337062020681,
        -1.3817930970416428,
        -1.3126625868155581,
        -0.6186225533462171,
        -0.543505870506348,
        -0.1896036744282387,
        0.50894156098099,
        0.7180897947420937,
        0.9600871277387879,
        1.7214707904844695,
        1.856342539085826,
        2.3350629864189316,
        3.0721665079804437,
        15.805289899491573
      ],
      [
        0.19629716674750247,
        0.029262595933136876,
        0.07237755505983044,
        0.13450303016998383,
        0.021014320545580306,
        0.12162578552271575,
        0.19741750087816937,
        0.10505526935350233,
        0.2692912453070766,
        0.15150195740799868,
        0.06132126886799774,
        0.20476301760865498,
        0.01383264905015914,
        0.129432647227535,
        0.10234259338379637,
        0.8387251435953338
      ]
    ]
  ],
  "probability_threshold": 0,
  "k_qubits": 7,
  "preprocessing_mode": "ideal",
  "projection_mode": "all_components",
  "projection_subset": null,
  "num_solution_qubits": 4,
  "num_projections": 16,
  "projector_basis_states": [
    0,
    1,
    2,
    3,
    4,
    5,
    6,
    7,
    8,
    9,
    10,
    11,
    12,
    13,
    14,
    15
  ],
  "enhanced_projection_results": [
    {
      "problem_index": 0,
      "projection_tasks": [
        {
          "basis_state": 0,
          "task_id": "arn:aws:braket:eu-west-2:380012739362:quantum-task/47c1064f-c045-4b03-aec4-c98bc3f58418",
          "status": "DONE",
          "shots": 2000,
          "created_at": "2025-12-22 19:32:02.751000+00:00",
          "ended_at": "2025-12-22 19:32:10.347000+00:00",
          "execution_time_seconds": 7.596,
          "counts": {
            "001000000001": 6,
            "101100000000": 328,
            "001100000000": 122,
            "111000000000": 299,
            "100000000000": 351,
            "010000000000": 212,
            "111100100001": 1,
            "011100000000": 39,
            "000000000000": 204,
            "100100000000": 159,
            "001100000001": 5,
            "110000000001": 4,
            "011000000000": 121,
            "001000000000": 44,
            "010100000000": 35,
            "000100100001": 1,
            "110100000001": 10,
            "110100000000": 15,
            "101000000000": 3,
            "000100000000": 18,
            "110000000000": 3,
            "111100000001": 1,
            "011011101001": 1,
            "000111000001": 1,
            "101100000001": 1,
            "111000111001": 1,
            "111100000000": 3,
            "010001000001": 1,
            "010011110001": 1,
            "010100000001": 3,
            "011000000001": 1,
            "100100000001": 2,
            "010100100100": 1,
            "101011100001": 1,
            "010000000001": 1,
            "000100000001": 1
          },
          "component_probability": 0.0,
          "success_rate": 0.0215
        },
        {
          "basis_state": 1,
          "task_id": "arn:aws:braket:eu-west-2:380012739362:quantum-task/ac9cf49b-340a-4aea-aa4d-da652c6ce6e5",
          "status": "DONE",
          "shots": 2000,
          "created_at": "2025-12-22 19:32:07.257000+00:00",
          "ended_at": "2025-12-22 19:32:14.847000+00:00",
          "execution_time_seconds": 7.59,
          "counts": {
            "011000000000": 112,
            "001100000000": 121,
            "111000000000": 280,
            "100000000000": 347,
            "100100000000": 144,
            "010000000000": 194,
            "000000000000": 245,
            "001000000000": 49,
            "101100000000": 339,
            "011010110000": 1,
            "010100000000": 47,
            "110100000000": 17,
            "011100000000": 31,
            "001000000001": 4,
            "110000000000": 3,
            "001010000001": 2,
            "011100000001": 2,
            "011000000001": 2,
            "101000000000": 10,
            "000100000000": 11,
            "110100000001": 11,
            "101100000001": 2,
            "111010100001": 1,
            "010000000001": 6,
            "110000000001": 3,
            "001100000001": 4,
            "001010110000": 1,
            "111100000000": 3,
            "111001100000": 1,
            "010001000001": 1,
            "111000000001": 2,
            "101110100111": 1,
            "011010100001": 1,
            "010001110000": 1,
            "010100000001": 1
          },
          "component_probability": 0.0,
          "success_rate": 0.0215
        },
        {
          "basis_state": 2,
          "task_id": "arn:aws:braket:eu-west-2:380012739362:quantum-task/d72ebcfb-4e26-4533-ae4b-1ac046c28889",
          "status": "DONE",
          "shots": 2000,
          "created_at": "2025-12-22 19:32:11.706000+00:00",
          "ended_at": "2025-12-22 19:32:19.297000+00:00",
          "execution_time_seconds": 7.591,
          "counts": {
            "101100000000": 337,
            "100100000000": 155,
            "000000000000": 244,
            "010000000000": 198,
            "001100000000": 106,
            "001000000000": 39,
            "001000000001": 5,
            "100000000000": 312,
            "011100000000": 42,
            "010100000000": 39,
            "111000000000": 315,
            "011000000000": 127,
            "110000000000": 6,
            "001000111001": 1,
            "101111100001": 1,
            "110100000000": 16,
            "011010110001": 1,
            "011011100001": 1,
            "000111000001": 1,
            "001100000001": 7,
            "000100000000": 12,
            "010100000001": 2,
            "000100000001": 1,
            "001001100000": 1,
            "110100000001": 4,
            "111100000000": 4,
            "110010000001": 1,
            "101000000000": 4,
            "000110000000": 1,
            "001011001000": 1,
            "100100000001": 1,
            "001001010000": 1,
            "000111010001": 1,
            "111000000001": 1,
            "110000000001": 3,
            "101100000001": 2,
            "010000110001": 1,
            "011000000001": 1,
            "101000100000": 1,
            "000111100000": 1,
            "010000000001": 1,
            "000101000001": 1,
            "010010110001": 1
          },
          "component_probability": 0.15789473684210525,
          "success_rate": 0.019
        },
        {
          "basis_state": 3,
          "task_id": "arn:aws:braket:eu-west-2:380012739362:quantum-task/e5ce05b7-10d3-4b6d-8431-fb8f7d9635a6",
          "status": "DONE",
          "shots": 2000,
          "created_at": "2025-12-22 19:32:16.246000+00:00",
          "ended_at": "2025-12-22 19:32:24.035000+00:00",
          "execution_time_seconds": 7.789,
          "counts": {
            "010000000000": 239,
            "101100000000": 349,
            "010000000001": 3,
            "110000000000": 7,
            "011100000000": 29,
            "100000000000": 362,
            "111000000000": 263,
            "001100000000": 146,
            "000000000000": 225,
            "000100000000": 8,
            "011000000000": 96,
            "010100000000": 29,
            "100100000000": 136,
            "110100000001": 5,
            "001000000000": 39,
            "101100000001": 3,
            "001110100001": 1,
            "101000000000": 6,
            "001100000001": 2,
            "110000000001": 7,
            "100010100001": 1,
            "110100000000": 17,
            "001000000001": 5,
            "101100111000": 1,
            "111100000000": 2,
            "111111100001": 1,
            "000111100001": 2,
            "100101000000": 1,
            "001111100001": 1,
            "110101110100": 1,
            "111000000001": 5,
            "010011100001": 1,
            "111001000000": 1,
            "011000000001": 1,
            "111001100000": 1,
            "101100100001": 1,
            "000100000001": 1,
            "101110000001": 1,
            "010100000001": 1
          },
          "component_probability": 0.09523809523809523,
          "success_rate": 0.021
        },
        {
          "basis_state": 4,
          "task_id": "arn:aws:braket:eu-west-2:380012739362:quantum-task/8aa6f437-153d-4874-8397-b21d98831603",
          "status": "DONE",
          "shots": 2000,
          "created_at": "2025-12-22 19:32:20.673000+00:00",
          "ended_at": "2025-12-22 19:32:27.690000+00:00",
          "execution_time_seconds": 7.017,
          "counts": {
            "000000000000": 242,
            "100000000000": 331,
            "111000000000": 304,
            "010000000000": 205,
            "101100000000": 335,
            "011100000000": 31,
            "011000000000": 118,
            "000100000000": 12,
            "001000000000": 46,
            "100100000000": 119,
            "001100000000": 138,
            "010100000000": 46,
            "001011101001": 1,
            "110011000000": 1,
            "010000110001": 1,
            "001000000001": 5,
            "110100000000": 16,
            "110000000000": 8,
            "011000000001": 2,
            "110111010000": 1,
            "101000000000": 7,
            "000110000000": 1,
            "100110000001": 1,
            "001100000001": 3,
            "110100000001": 3,
            "101010000001": 2,
            "100101000000": 1,
            "010000000001": 2,
            "111100000000": 3,
            "110110101110": 1,
            "111000000001": 1,
            "000100000001": 2,
            "001010100001": 1,
            "001001000001": 1,
            "011100000001": 2,
            "101100000001": 1,
            "010001110001": 1,
            "010100000001": 1,
            "111010000001": 1,
            "001000001000": 1,
            "110000000001": 2
          },
          "component_probability": 0.12121212121212122,
          "success_rate": 0.0165
        },
        {
          "basis_state": 5,
          "task_id": "arn:aws:braket:eu-west-2:380012739362:quantum-task/4034c50f-aa18-47d1-a2f2-2365c3e54fa7",
          "status": "DONE",
          "shots": 2000,
          "created_at": "2025-12-22 19:32:25.242000+00:00",
          "ended_at": "2025-12-22 19:32:32.876000+00:00",
          "execution_time_seconds": 7.634,
          "counts": {
            "010100000000": 29,
            "101100000001": 3,
            "001000000000": 37,
            "000000000000": 224,
            "001100000000": 160,
            "100000000000": 351,
            "111000000000": 294,
            "100100000000": 128,
            "110000000000": 13,
            "010000000000": 221,
            "101100000000": 348,
            "000100000000": 19,
            "001100000001": 2,
            "011000000000": 98,
            "111001100001": 1,
            "110100000001": 7,
            "111100100001": 1,
            "011000000001": 2,
            "011100000000": 24,
            "010000000001": 3,
            "001110100001": 1,
            "111100000000": 2,
            "000100000001": 3,
            "101000000000": 1,
            "010010110000": 1,
            "110100000000": 13,
            "001000000001": 2,
            "000110100001": 1,
            "111010000001": 1,
            "010010110001": 1,
            "110000000001": 3,
            "000110000001": 1,
            "111000000001": 1,
            "111100000001": 1,
            "100000000001": 1,
            "100100000001": 1,
            "110101000001": 1
          },
          "component_probability": 0.0,
          "success_rate": 0.0185
        },
        {
          "basis_state": 6,
          "task_id": "arn:aws:braket:eu-west-2:380012739362:quantum-task/5b84638a-e4a0-4cb2-8b28-656139b738a2",
          "status": "DONE",
          "shots": 2000,
          "created_at": "2025-12-22 19:32:29.539000+00:00",
          "ended_at": "2025-12-22 19:32:37.363000+00:00",
          "execution_time_seconds": 7.824,
          "counts": {
            "100100000000": 128,
            "001000000000": 45,
            "111000000000": 301,
            "100000000000": 358,
            "101100000000": 340,
            "001100000000": 112,
            "010000000000": 242,
            "010100000000": 42,
            "000000000000": 205,
            "110100000000": 21,
            "011000000000": 117,
            "000100000000": 7,
            "111100000000": 6,
            "010000000001": 3,
            "101100000001": 2,
            "011100000000": 32,
            "110100000001": 5,
            "011000000001": 2,
            "110000000001": 2,
            "110000000000": 7,
            "001000000001": 5,
            "101000000000": 2,
            "001100000001": 4,
            "101110000001": 2,
            "010010110001": 1,
            "101000100001": 1,
            "100100000001": 2,
            "111010000001": 1,
            "010100000001": 1,
            "111110000001": 2,
            "000100000001": 1,
            "011110100100": 1
          },
          "component_probability": 0.058823529411764705,
          "success_rate": 0.017
        },
        {
          "basis_state": 7,
          "task_id": "arn:aws:braket:eu-west-2:380012739362:quantum-task/6f079dfc-a9d3-4604-88bc-78a43fe1b495",
          "status": "DONE",
          "shots": 2000,
          "created_at": "2025-12-22 19:32:33.884000+00:00",
          "ended_at": "2025-12-22 19:32:43.576000+00:00",
          "execution_time_seconds": 9.692,
          "counts": {
            "101100000000": 382,
            "000000000000": 199,
            "100100000000": 143,
            "111000000000": 269,
            "100000000000": 359,
            "001100000000": 115,
            "010000000000": 225,
            "011000000000": 108,
            "010100000000": 37,
            "011100000000": 40,
            "110100000000": 14,
            "001000000000": 31,
            "010000000001": 4,
            "101000000000": 8,
            "110000000000": 10,
            "000100000000": 14,
            "001100000001": 4,
            "110100000001": 8,
            "001000000001": 7,
            "100100000001": 1,
            "111100000000": 4,
            "100101000000": 1,
            "110000000001": 2,
            "000101110001": 1,
            "010010100000": 1,
            "011100000001": 2,
            "001011000000": 1,
            "001100000011": 1,
            "011000000001": 3,
            "010110101000": 1,
            "010011110001": 1,
            "110110110000": 1,
            "111010000001": 1,
            "000100000001": 1,
            "110101010001": 1
          },
          "component_probability": 0.05405405405405406,
          "success_rate": 0.0185
        },
        {
          "basis_state": 8,
          "task_id": "arn:aws:braket:eu-west-2:380012739362:quantum-task/f4c45849-5c12-4ab4-b3a8-2fbdd7b47afa",
          "status": "DONE",
          "shots": 2000,
          "created_at": "2025-12-22 19:32:38.298000+00:00",
          "ended_at": "2025-12-22 19:32:47.592000+00:00",
          "execution_time_seconds": 9.294,
          "counts": {
            "001100000000": 143,
            "111000000000": 281,
            "100000000000": 336,
            "001000000000": 46,
            "000000000000": 222,
            "011100000000": 27,
            "100100000000": 143,
            "101100000000": 334,
            "010000000000": 221,
            "011000000000": 119,
            "001000000001": 6,
            "000100000000": 15,
            "110100000000": 25,
            "101000000000": 5,
            "010100000000": 38,
            "010011100001": 1,
            "001100000001": 3,
            "111000000001": 1,
            "110000000000": 7,
            "111100000000": 3,
            "110100000001": 5,
            "110000000001": 2,
            "111010000001": 1,
            "011100000001": 2,
            "010100100001": 1,
            "111100000001": 3,
            "111001000000": 1,
            "111110100001": 1,
            "101110100101": 1,
            "111101000001": 1,
            "000100000001": 2,
            "001000100001": 1,
            "001010000001": 1,
            "100110110100": 1,
            "001101101000": 1
          },
          "component_probability": 0.0,
          "success_rate": 0.016
        },
        {
          "basis_state": 9,
          "task_id": "arn:aws:braket:eu-west-2:380012739362:quantum-task/fc32e444-0c42-4dcc-b4db-b422d70a8cb7",
          "status": "DONE",
          "shots": 2000,
          "created_at": "2025-12-22 19:32:42.682000+00:00",
          "ended_at": "2025-12-22 19:32:50.913000+00:00",
          "execution_time_seconds": 8.231,
          "counts": {
            "100100000000": 131,
            "001100000000": 131,
            "100000000000": 354,
            "101100000000": 307,
            "000000000000": 227,
            "111000000000": 297,
            "010000000000": 218,
            "011000000000": 116,
            "001000000000": 46,
            "011100000000": 31,
            "010100000000": 51,
            "101100000001": 3,
            "101110000001": 1,
            "110100000000": 16,
            "000100000000": 10,
            "011000000001": 3,
            "110000000000": 7,
            "101000000000": 5,
            "010111100001": 1,
            "111100000000": 6,
            "001000000001": 3,
            "010000000001": 5,
            "010100000001": 1,
            "000111100001": 2,
            "110100000001": 6,
            "001100000001": 3,
            "110110000000": 1,
            "001010000001": 2,
            "110000000001": 4,
            "101101110000": 1,
            "001011000001": 1,
            "111001100000": 1,
            "010010100001": 1,
            "111000101000": 1,
            "000100000001": 1,
            "001001000001": 1,
            "001011011001": 1,
            "100101100001": 1,
            "111010000001": 1,
            "110010000001": 1,
            "100100000001": 1
          },
          "component_probability": 0.046511627906976744,
          "success_rate": 0.0215
        },
        {
          "basis_state": 10,
          "task_id": "arn:aws:braket:eu-west-2:380012739362:quantum-task/21a760ff-6c5e-472d-ba9e-02abdf5a5f6c",
          "status": "DONE",
          "shots": 2000,
          "created_at": "2025-12-22 19:32:47.145000+00:00",
          "ended_at": "2025-12-22 19:32:56.645000+00:00",
          "execution_time_seconds": 9.5,
          "counts": {
            "100100000000": 140,
            "010000000000": 195,
            "001100000000": 134,
            "101100000000": 362,
            "011000000000": 107,
            "011100000000": 34,
            "100000000000": 352,
            "010100000000": 41,
            "111000000000": 290,
            "011000000001": 2,
            "000000000000": 230,
            "001000000000": 35,
            "000010110101": 1,
            "101100010001": 1,
            "110000000000": 7,
            "110100000000": 15,
            "110100000001": 4,
            "001000000001": 5,
            "101000000000": 8,
            "010001110000": 1,
            "110111000000": 1,
            "111001100000": 1,
            "100101000000": 1,
            "000100000000": 10,
            "111100000000": 4,
            "010000000001": 3,
            "000110000001": 1,
            "001100000001": 1,
            "101000110101": 1,
            "010001000001": 1,
            "000100000001": 3,
            "011100000001": 2,
            "111000000001": 1,
            "100100000001": 1,
            "010100000001": 1,
            "101100000001": 1,
            "001000110001": 1,
            "010000110001": 1,
            "110000000001": 1
          },
          "component_probability": 0.03125,
          "success_rate": 0.016
        },
        {
          "basis_state": 11,
          "task_id": "arn:aws:braket:eu-west-2:380012739362:quantum-task/8cd201d0-24de-4b0a-aae3-094d169cfd4b",
          "status": "DONE",
          "shots": 2000,
          "created_at": "2025-12-22 19:32:51.564000+00:00",
          "ended_at": "2025-12-22 19:32:58.614000+00:00",
          "execution_time_seconds": 7.05,
          "counts": {
            "101100000000": 327,
            "100100000000": 114,
            "100000000000": 373,
            "110000000001": 5,
            "000000000000": 199,
            "001100000000": 143,
            "111000000000": 301,
            "001000000000": 57,
            "110100000000": 13,
            "010000000001": 5,
            "011100000000": 25,
            "010000000000": 228,
            "011000000000": 114,
            "001000110001": 1,
            "110100000001": 4,
            "010100000000": 26,
            "101000000000": 7,
            "110000000000": 8,
            "001000001001": 1,
            "001010100110": 1,
            "111100000000": 5,
            "000100000000": 11,
            "011100000001": 1,
            "011000000001": 5,
            "101000100000": 1,
            "001000000001": 4,
            "001100000001": 4,
            "100100000001": 1,
            "000101000001": 1,
            "000100000001": 2,
            "001011000000": 1,
            "001101100001": 1,
            "101010000001": 1,
            "001111101001": 1,
            "111010000001": 1,
            "010000110001": 1,
            "000110111000": 1,
            "101110000000": 1,
            "101100000001": 2,
            "010100000001": 1,
            "001010000000": 1,
            "111001100000": 1
          },
          "component_probability": 0.047619047619047616,
          "success_rate": 0.021
        },
        {
          "basis_state": 12,
          "task_id": "arn:aws:braket:eu-west-2:380012739362:quantum-task/9c0d2c97-4560-4df3-a0c9-7cc2a978e67d",
          "status": "DONE",
          "shots": 2000,
          "created_at": "2025-12-22 19:32:56.094000+00:00",
          "ended_at": "2025-12-22 19:33:03.029000+00:00",
          "execution_time_seconds": 6.935,
          "counts": {
            "001100000000": 123,
            "100000000000": 326,
            "010000000000": 212,
            "000000000000": 211,
            "111000000000": 316,
            "101100000000": 376,
            "100100000000": 125,
            "010100000000": 41,
            "001000000000": 42,
            "011100000000": 38,
            "001110100000": 1,
            "011000000000": 110,
            "110110000000": 1,
            "011000000001": 3,
            "001110000000": 1,
            "110100000001": 3,
            "101000000000": 8,
            "110100000000": 12,
            "000100000000": 13,
            "111100000000": 3,
            "010000000001": 2,
            "101010000001": 1,
            "001000000001": 5,
            "101100000001": 4,
            "100100000001": 1,
            "111000000001": 2,
            "000100100100": 1,
            "001100000001": 4,
            "001101000000": 1,
            "110000000000": 3,
            "111010000001": 1,
            "111000100001": 1,
            "011100000001": 1,
            "010010000001": 1,
            "000100000001": 2,
            "001000100101": 1,
            "110000000001": 2,
            "001000110001": 1,
            "111100100001": 1
          },
          "component_probability": 0.05555555555555555,
          "success_rate": 0.018
        },
        {
          "basis_state": 13,
          "task_id": "arn:aws:braket:eu-west-2:380012739362:quantum-task/4b5f3566-28a4-4e78-a3e9-dddcbab5917b",
          "status": "DONE",
          "shots": 2000,
          "created_at": "2025-12-22 19:33:00.584000+00:00",
          "ended_at": "2025-12-22 19:33:10.156000+00:00",
          "execution_time_seconds": 9.572,
          "counts": {
            "100100000000": 144,
            "101100000000": 346,
            "001100000000": 133,
            "111000000000": 276,
            "100000000000": 359,
            "010000000000": 215,
            "000000000000": 231,
            "110000000000": 10,
            "010100000000": 44,
            "011000000000": 107,
            "110111000001": 1,
            "011100000000": 25,
            "110100000000": 18,
            "001000000001": 9,
            "001000000000": 39,
            "011100000001": 1,
            "000100000000": 10,
            "101100000001": 2,
            "001100000001": 1,
            "111100000000": 3,
            "010000000001": 3,
            "100010111000": 1,
            "101110111001": 1,
            "001010000001": 2,
            "111100001101": 1,
            "101000100000": 1,
            "110100000001": 3,
            "000100000001": 1,
            "110000000001": 1,
            "101000000000": 5,
            "111110000001": 1,
            "010011100001": 1,
            "001000100001": 1,
            "111010100000": 1,
            "110010110101": 1,
            "000110000000": 1,
            "010010110001": 1
          },
          "component_probability": 0.12903225806451613,
          "success_rate": 0.0155
        },
        {
          "basis_state": 14,
          "task_id": "arn:aws:braket:eu-west-2:380012739362:quantum-task/b02c1195-74bb-4b04-a425-4f2a61659953",
          "status": "DONE",
          "shots": 2000,
          "created_at": "2025-12-22 19:33:05.182000+00:00",
          "ended_at": "2025-12-22 19:33:13.110000+00:00",
          "execution_time_seconds": 7.928,
          "counts": {
            "100000000000": 342,
            "011000000000": 108,
            "010000000000": 244,
            "111000000000": 290,
            "011011010000": 1,
            "101100000000": 334,
            "000000000000": 250,
            "100100000000": 127,
            "001100000000": 130,
            "101000000000": 4,
            "001000000000": 47,
            "000100000000": 8,
            "110100000001": 10,
            "010100000000": 26,
            "001000000001": 5,
            "101100000001": 2,
            "101110000001": 1,
            "000110000000": 1,
            "011100000000": 23,
            "111100000000": 2,
            "110100000000": 16,
            "011001000001": 1,
            "011010100000": 1,
            "001100000001": 5,
            "011000000001": 2,
            "010100000001": 1,
            "011111110000": 1,
            "010010101001": 1,
            "010000000001": 2,
            "110101001000": 1,
            "110000000001": 2,
            "100111110111": 1,
            "110000000000": 2,
            "110110000001": 1,
            "000111010000": 1,
            "010011100001": 1,
            "001000100000": 1,
            "011010110000": 1,
            "111000000001": 1,
            "100100000001": 1,
            "011100000001": 1,
            "010011000001": 1
          },
          "component_probability": 0.02564102564102564,
          "success_rate": 0.0195
        },
        {
          "basis_state": 15,
          "task_id": "arn:aws:braket:eu-west-2:380012739362:quantum-task/6a2887e6-c6c6-4f1a-a48d-4e4f2b9bb70f",
          "status": "DONE",
          "shots": 2000,
          "created_at": "2025-12-22 19:33:09.559000+00:00",
          "ended_at": "2025-12-22 19:33:17.469000+00:00",
          "execution_time_seconds": 7.91,
          "counts": {
            "101100000000": 323,
            "100100000000": 111,
            "010000000000": 215,
            "100000000000": 377,
            "000000000000": 227,
            "111000000000": 289,
            "110100000000": 23,
            "111100000000": 10,
            "001000000000": 49,
            "011000000000": 125,
            "001100000000": 125,
            "010100000000": 39,
            "001010000000": 1,
            "011100000000": 32,
            "010001000001": 1,
            "100100000001": 3,
            "101100100001": 1,
            "000100000000": 13,
            "010000000001": 4,
            "011000000001": 2,
            "110100000001": 7,
            "000100000001": 2,
            "001000000001": 5,
            "110000000000": 5,
            "111000100001": 1,
            "110000000001": 1,
            "101000000000": 4,
            "001001000001": 1,
            "000001100001": 1,
            "011001110001": 1,
            "111001110000": 1,
            "100000000001": 1
          },
          "component_probability": 0.0,
          "success_rate": 0.0155
        }
      ],
      "depth": 13186,
      "num_projections": 16,
      "ideal_solution": [
        {
          "real": -0.06610132346064118,
          "imag": 0.0
        },
        {
          "real": 0.2736191867546088,
          "imag": 0.0
        },
        {
          "real": -0.36490301542385617,
          "imag": 0.0
        },
        {
          "real": 0.41848445492557623,
          "imag": 0.0
        },
        {
          "real": 0.4226783557900171,
          "imag": 0.0
        },
        {
          "real": 0.07661098287913386,
          "imag": 0.0
        },
        {
          "real": 0.3482644952245738,
          "imag": 0.0
        },
        {
          "real": -0.16273588632595612,
          "imag": 0.0
        },
        {
          "real": -0.19352409470664372,
          "imag": 0.0
        },
        {
          "real": -0.09416552775922335,
          "imag": 0.0
        },
        {
          "real": 0.07785859381869181,
          "imag": 0.0
        },
        {
          "real": -0.15188780306704877,
          "imag": 0.0
        },
        {
          "real": 0.08382578295903864,
          "imag": 0.0
        },
        {
          "real": -0.3969330393507022,
          "imag": 0.0
        },
        {
          "real": 0.1648128226198836,
          "imag": 0.0
        },
        {
          "real": 0.1139556501204073,
          "imag": 0.0
        }
      ],
      "reconstructed_solution_probabilities": [
        0.0,
        0.0,
        0.19189181625288185,
        0.11574427012078588,
        0.1473108892446366,
        0.0,
        0.07148910801577951,
        0.06569269385233793,
        0.0,
        0.05652627145433729,
        0.03797858863338287,
        0.05787213506039294,
        0.06751749090379176,
        0.15681481758300023,
        0.03116191887867312,
        0.0
      ],
      "fidelity": 0.7769317403571815,
      "metadata": {
        "measured_components": [
          0,
          1,
          2,
          3,
          4,
          5,
          6,
          7,
          8,
          9,
          10,
          11,
          12,
          13,
          14,
          15
        ],
        "success_rates": [
          0.0215,
          0.0215,
          0.019,
          0.021,
          0.0165,
          0.0185,
          0.017,
          0.0185,
          0.016,
          0.0215,
          0.016,
          0.021,
          0.018,
          0.0155,
          0.0195,
          0.0155
        ],
        "raw_probabilities": [
          0.0,
          0.0,
          0.15789473684210525,
          0.09523809523809523,
          0.12121212121212122,
          0.0,
          0.058823529411764705,
          0.05405405405405406,
          0.0,
          0.046511627906976744,
          0.03125,
          0.047619047619047616,
          0.05555555555555555,
          0.12903225806451613,
          0.02564102564102564,
          0.0
        ],
        "average_success_rate": 0.01853125,
