{
  "problem_list": [
    {
      "A_matrix": [
        [
          1.3101115798471579,
          0.7718509179573768,
          0.41113054350426903,
          0.43582012923115954,
          1.20865281696374,
          0.4061580939906356,
          0.8463894021702641,
          1.3093601555156245
        ],
        [
          0.7718509179573768,
          0.9020366868194423,
          1.3645234911146886,
          0.17356867916337826,
          1.0000277224760636,
          0.512130333275591,
          1.3277588576204347,
          1.126955790753792
        ],
        [
          0.41113054350426903,
          1.3645234911146886,
          1.9000116750940577,
          1.4411978168587367,
          0.31302613136435564,
          1.1844059650068137,
          0.15690644006025334,
          0.6207198513042802
        ],
        [
          0.43582012923115954,
          0.17356867916337826,
          1.4411978168587367,
          0.6941875699205666,
          1.011725608999848,
          0.9344196542071496,
          0.4035096922460506,
          0.2823817606950867
        ],
        [
          1.20865281696374,
          1.0000277224760636,
          0.31302613136435564,
          1.011725608999848,
          0.47699120947227547,
          0.42470024611590484,
          1.312769536035871,
          1.1219157667027213
        ],
        [
          0.4061580939906356,
          0.512130333275591,
          1.1844059650068137,
          0.9344196542071496,
          0.42470024611590484,
          0.27274614466445124,
          0.8820254511060872,
          1.2439299674499322
        ],
        [
          0.8463894021702641,
          1.3277588576204347,
          0.15690644006025334,
          0.4035096922460506,
          1.312769536035871,
          0.8820254511060872,
          1.0439733342137516,
          0.9260567792712395
        ],
        [
          1.3093601555156245,
          1.126955790753792,
          0.6207198513042802,
          0.2823817606950867,
          1.1219157667027213,
          1.2439299674499322,
          0.9260567792712395,
          0.08822196894064493
        ]
      ],
      "b_vector": [
        0.21318515902531937,
        0.32573934610169286,
        0.4104139309283496,
        0.5717210474881007,
        0.47343644101796095,
        0.3401900463728336,
        0.03951648481687707,
        0.10820596852509266
      ]
    }
  ],
  "shots": 2000,
  "backend": "sv1",
  "device_arn": "SV1",
  "aws_region": "eu-west-2",
  "ideal_preprocessing_list": [
    [
      [
        -1.6202226325209623,
        -1.2309013282996553,
        -0.6837154800962213,
        0.029982842450145843,
        0.47284196905049414,
        0.7373099909866618,
        2.295938205569573,
        6.687046601832308
      ],
      [
        0.18071382596153884,
        0.10192073503357496,
        0.1728185602326355,
        0.1876256257035153,
        0.09878872008840607,
        0.24198742374723226,
        0.3097380139924917,
        0.8530124764119817
      ]
    ]
  ],
  "probability_threshold": 0,
  "k_qubits": 4,
  "preprocessing_mode": "ideal",
  "projection_mode": "all_components",
  "projection_subset": null,
  "num_solution_qubits": 3,
  "num_projections": 8,
  "projector_basis_states": [
    0,
    1,
    2,
    3,
    4,
    5,
    6,
    7
  ],
  "enhanced_projection_results": [
    {
      "problem_index": 0,
      "projection_tasks": [
        {
          "basis_state": 0,
          "task_id": "arn:aws:braket:eu-west-2:380012739362:quantum-task/1a6abc7b-cecb-4f2b-8c4e-52a34075aac3",
          "shots": 2000,
          "projector_index": 0
        },
        {
          "basis_state": 1,
          "task_id": "arn:aws:braket:eu-west-2:380012739362:quantum-task/3c19987a-2966-46a8-9b8c-a0f4608fcb1e",
          "shots": 2000,
          "projector_index": 1
        },
        {
          "basis_state": 2,
          "task_id": "arn:aws:braket:eu-west-2:380012739362:quantum-task/d85fa3aa-5d7c-47a4-a6cc-3be1805e950a",
          "shots": 2000,
          "projector_index": 2
        },
        {
          "basis_state": 3,
          "task_id": "arn:aws:braket:eu-west-2:380012739362:quantum-task/efbb270c-7e81-4b8c-aaf9-60316739f989",
          "shots": 2000,
          "projector_index": 3
        },
        {
          "basis_state": 4,
          "task_id": "arn:aws:braket:eu-west-2:380012739362:quantum-task/25280022-e3da-4a0b-a3aa-4b58fe1604ab",
          "shots": 2000,
          "projector_index": 4
        },
        {
          "basis_state": 5,
          "task_id": "arn:aws:braket:eu-west-2:380012739362:quantum-task/ce347c1f-36d9-49f6-aa44-04eb0814fffc",
          "shots": 2000,
          "projector_index": 5
        },
        {
          "basis_state": 6,
          "task_id": "arn:aws:braket:eu-west-2:380012739362:quantum-task/0fdbee10-f36c-4a86-90af-b43f3af26cc3",
          "shots": 2000,
          "projector_index": 6
        },
        {
          "basis_state": 7,
          "task_id": "arn:aws:braket:eu-west-2:380012739362:quantum-task/6ed85fd0-6d07-4ecb-afb4-112a98506d4e",
          "shots": 2000,
          "projector_index": 7
        }
      ],
      "depth": 1438,
      "num_projections": 8,
      "ideal_solution": [
        {
          "real": 0.0036488079979153905,
          "imag": 0.0
        },
        {
          "real": 0.23169867746750888,
          "imag": 0.0
        },
        {
          "real": 0.1282403918676261,
          "imag": 0.0
        },
        {
          "real": 0.32547445477123754,
          "imag": 0.0
        },
        {
          "real": 0.38391057511741866,
          "imag": 0.0
        },
        {
          "real": -0.6941719339232446,
          "imag": 0.0
        },
        {
          "real": 0.05532470886682319,
          "imag": 0.0
        },
        {
          "real": -0.43772178755469976,
          "imag": 0.0
        }
      ]
    }
  ]
}