{
  "problem_list": [
    {
      "A_matrix": [
        [
          1.683559652006788,
          0.9498284158584249,
          1.4474411839190373,
          1.4621520686891185,
          0.8748997803509531,
          0.5195236490594561,
          1.393110211766405,
          1.1075116728680832,
          1.1242391830140397,
          1.6305578073363933,
          0.9028073864483898,
          0.3658467438249269,
          0.7696457643335437,
          0.7717542817396702,
          1.0348654386302858,
          1.207114096421204
        ],
        [
          0.9498284158584249,
          0.41419622963850244,
          0.7392562367336474,
          1.45781242893155,
          1.530446284851994,
          0.9002494526208076,
          1.5969647589101565,
          0.8516871855661687,
          0.4611237342842469,
          0.7642580161466723,
          1.0447642645216522,
          1.0086151734961333,
          1.7017963178317226,
          1.3262400535190797,
          0.9557028974262848,
          1.1091294043566826
        ],
        [
          1.4474411839190373,
          0.7392562367336474,
          1.9174748352275166,
          0.5907723016671119,
          0.9012578312276556,
          1.0656104024998236,
          1.465903865318018,
          1.8927106641559472,
          0.9355016460888756,
          1.1007933163148684,
          1.0039602550518787,
          1.8621567063101583,
          0.5604100971060507,
          1.0090700695787582,
          0.599168256352318,
          1.1885907138155145
        ],
        [
          1.4621520686891185,
          1.45781242893155,
          0.5907723016671119,
          1.297769544328347,
          1.048646420763795,
          0.696054086170564,
          1.1648256431998445,
          1.016654307389236,
          1.3562310460111355,
          1.057092710263897,
          1.0608670285463166,
          0.9983912736266125,
          0.6032389158858165,
          0.6425337681863871,
          1.3613902757669163,
          1.0873518940869011
        ],
        [
          0.8748997803509531,
          1.530446284851994,
          0.9012578312276556,
          1.048646420763795,
          0.6162600298822205,
          1.0510758806650906,
          0.6855416528722619,
          1.3344596862036933,
          1.3442245240859176,
          1.2150905385176332,
          1.4230813445068815,
          0.5969077995565247,
          0.92194094373033,
          0.770468919286985,
          1.7040218087749408,
          1.0030099350708184
        ],
        [
          0.5195236490594561,
          0.9002494526208076,
          1.0656104024998236,
          0.696054086170564,
          1.0510758806650906,
          0.29222217747757506,
          0.9770735952486521,
          0.7904502161845935,
          0.30079223842934,
          0.7698607602386427,
          1.8383476372994534,
          1.3738738205881469,
          1.2919203938277146,
          1.5441174872666508,
          1.2032979108419548,
          1.5204307033378281
        ],
        [
          1.393110211766405,
          1.5969647589101565,
          1.465903865318018,
          1.1648256431998445,
          0.6855416528722619,
          0.9770735952486521,
          0.3974649132055659,
          0.838001408090807,
          0.7566168150418651,
          1.0875432355213008,
          0.4942763642518436,
          0.9894102352850229,
          0.8657225660034237,
          0.957253885183396,
          0.8221610751729899,
          1.2019924359440244
        ],
        [
          1.1075116728680832,
          0.8516871855661687,
          1.8927106641559472,
          1.016654307389236,
          1.3344596862036933,
          0.7904502161845935,
          0.838001408090807,
          1.3537364655346515,
          0.6409161789517384,
          0.8438799595041668,
          0.8326186663913171,
          1.4877078262956547,
          1.043965443125328,
          0.46728867238617333,
          1.22530024603086,
          1.3157685724654349
        ],
        [
          1.1242391830140397,
          0.4611237342842469,
          0.9355016460888756,
          1.3562310460111355,
          1.3442245240859176,
          0.30079223842934,
          0.7566168150418651,
          0.6409161789517384,
          1.0913050508330437,
          0.593720403638031,
          0.46833179290696825,
          1.1739633548555561,
          0.6695840321201203,
          1.3863080521633477,
          0.9664158378722597,
          0.5810818988060097
        ],
        [
          1.6305578073363933,
          0.7642580161466723,
          1.1007933163148684,
          1.057092710263897,
          1.2150905385176332,
          0.7698607602386427,
          1.0875432355213008,
          0.8438799595041668,
          0.593720403638031,
          0.8514019133700459,
          1.4316675046207696,
          0.8509103387719475,
          1.2563791375533002,
          1.4055806265206559,
          0.7049486672763658,
          1.0949893820814203
        ],
        [
          0.9028073864483898,
          1.0447642645216522,
          1.0039602550518787,
          1.0608670285463166,
          1.4230813445068815,
          1.8383476372994534,
          0.4942763642518436,
          0.8326186663913171,
          0.46833179290696825,
          1.4316675046207696,
          1.8422157749042196,
          1.1988809235311173,
          1.0008678893200602,
          0.7429827617768361,
          1.0647101675683548,
          0.45945197068497945
        ],
        [
          0.3658467438249269,
          1.0086151734961333,
          1.8621567063101583,
          0.9983912736266125,
          0.5969077995565247,
          1.3738738205881469,
          0.9894102352850229,
          1.4877078262956547,
          1.1739633548555561,
          0.8509103387719475,
          1.1988809235311173,
          0.8434109324742478,
          0.6669561315180136,
          1.794637738855093,
          1.0752927614868633,
          0.657741574860496
        ],
        [
          0.7696457643335437,
          1.7017963178317226,
          0.5604100971060507,
          0.6032389158858165,
          0.92194094373033,
          1.2919203938277146,
          0.8657225660034237,
          1.043965443125328,
          0.6695840321201203,
          1.2563791375533002,
          1.0008678893200602,
          0.6669561315180136,
          1.082041517790166,
          1.132608736202438,
          1.3572557145904853,
          1.3766937509757655
        ],
        [
          0.7717542817396702,
          1.3262400535190797,
          1.0090700695787582,
          0.6425337681863871,
          0.770468919286985,
          1.5441174872666508,
          0.957253885183396,
          0.46728867238617333,
          1.3863080521633477,
          1.4055806265206559,
          0.7429827617768361,
          1.794637738855093,
          1.132608736202438,
          1.7944987120906815,
          1.6465993030619486,
          0.9673849710091501
        ],
        [
          1.0348654386302858,
          0.9557028974262848,
          0.599168256352318,
          1.3613902757669163,
          1.7040218087749408,
          1.2032979108419548,
          0.8221610751729899,
          1.22530024603086,
          0.9664158378722597,
          0.7049486672763658,
          1.0647101675683548,
          1.0752927614868633,
          1.3572557145904853,
          1.6465993030619486,
          1.4209323036482964,
          0.9711859241600126
        ],
        [
          1.207114096421204,
          1.1091294043566826,
          1.1885907138155145,
          1.0873518940869011,
          1.0030099350708184,
          1.5204307033378281,
          1.2019924359440244,
          1.3157685724654349,
          0.5810818988060097,
          1.0949893820814203,
          0.45945197068497945,
          0.657741574860496,
          1.3766937509757655,
          0.9673849710091501,
          0.9711859241600126,
          1.0686953225116822
        ]
      ],
      "b_vector": [
        0.07344587943549519,
        0.24826833294992592,
        0.18098563238647847,
        0.16176868570338643,
        0.27778138629688415,
        0.2196062849687892,
        0.32558521461657786,
        0.023512336260270966,
        0.19875578076540212,
        0.23630445568331673,
        0.35689690056962753,
        0.34457061443834053,
        0.2403029240823676,
        0.3623960026366431,
        0.13784014802848746,
        0.30425552311729914
      ]
    }
  ],
  "shots": 2000,
  "backend": "sv1",
  "device_arn": "SV1",
  "aws_region": "eu-west-2",
  "ideal_preprocessing_list": [
    [
      [
        -2.437882638016468,
        -1.6417028309445425,
        -1.508001070500974,
        -1.1746819468342926,
        -0.9170911265917294,
        -0.48330889959996964,
        -0.2769432036881777,
        -0.11430206284382984,
        0.05094300364959043,
        0.479520785539657,
        1.191042544620165,
        1.4732029969459395,
        1.8178523144598084,
        2.1674121098287142,
        2.4665120486062193,
        16.874613350293455
      ],
      [
        0.1174048298685383,
        0.10878323289198429,
        0.04742986209239301,
        0.07106111194209123,
        0.03294348808223235,
        0.0656024278443122,
        0.05998223148429885,
        0.1101593127354524,
        0.09190299235634959,
        0.13200692615813814,
        0.15414819395744297,
        0.03761661455593626,
        0.01890112075340744,
        0.10904829473286178,
        0.1906820695535629,
        0.9199478506667698
      ]
    ]
  ],
  "probability_threshold": 0,
  "k_qubits": 3,
  "preprocessing_mode": "ideal",
  "projection_mode": "all_components",
  "projection_subset": null,
  "num_solution_qubits": 4,
  "num_projections": 16,
  "projector_basis_states": [
    0,
    1,
    2,
    3,
    4,
    5,
    6,
    7,
    8,
    9,
    10,
    11,
    12,
    13,
    14,
    15
  ],
  "enhanced_projection_results": [
    {
      "problem_index": 0,
      "projection_tasks": [
        {
          "basis_state": 0,
          "task_id": "arn:aws:braket:eu-west-2:380012739362:quantum-task/62fb9960-7a80-4148-98d4-a282edcb9dd2",
          "shots": 2000,
          "projector_index": 0
        },
        {
          "basis_state": 1,
          "task_id": "arn:aws:braket:eu-west-2:380012739362:quantum-task/89309263-f768-4d01-b3d5-81958a1618f5",
          "shots": 2000,
          "projector_index": 1
        },
        {
          "basis_state": 2,
          "task_id": "arn:aws:braket:eu-west-2:380012739362:quantum-task/321ea085-e48e-4c06-8388-647e384f6ff1",
          "shots": 2000,
          "projector_index": 2
        },
        {
          "basis_state": 3,
          "task_id": "arn:aws:braket:eu-west-2:380012739362:quantum-task/688006ee-cd73-4e1b-bad2-c7a4a2633c34",
          "shots": 2000,
          "projector_index": 3
        },
        {
          "basis_state": 4,
          "task_id": "arn:aws:braket:eu-west-2:380012739362:quantum-task/3011eae9-b452-4592-a20f-b01c68a5948f",
          "shots": 2000,
          "projector_index": 4
        },
        {
          "basis_state": 5,
          "task_id": "arn:aws:braket:eu-west-2:380012739362:quantum-task/e47da07b-ff4b-4bbb-8238-bca2d9dda590",
          "shots": 2000,
          "projector_index": 5
        },
        {
          "basis_state": 6,
          "task_id": "arn:aws:braket:eu-west-2:380012739362:quantum-task/c5afe1d9-1fc2-4c88-aa0b-a787d3d1601a",
          "shots": 2000,
          "projector_index": 6
        },
        {
          "basis_state": 7,
          "task_id": "arn:aws:braket:eu-west-2:380012739362:quantum-task/3452b220-ef76-4888-b7e1-82dea5cde5ff",
          "shots": 2000,
          "projector_index": 7
        },
        {
          "basis_state": 8,
          "task_id": "arn:aws:braket:eu-west-2:380012739362:quantum-task/0519c165-9d7a-448c-b71e-52d6f32570ac",
          "shots": 2000,
          "projector_index": 8
        },
        {
          "basis_state": 9,
          "task_id": "arn:aws:braket:eu-west-2:380012739362:quantum-task/0562d534-0a30-4a8c-8e22-e8c34c3dff89",
          "shots": 2000,
          "projector_index": 9
        },
        {
          "basis_state": 10,
          "task_id": "arn:aws:braket:eu-west-2:380012739362:quantum-task/67030770-2ef3-4149-977e-ccecc363bee5",
          "shots": 2000,
          "projector_index": 10
        },
        {
          "basis_state": 11,
          "task_id": "arn:aws:braket:eu-west-2:380012739362:quantum-task/8b76854a-2a87-421a-bf3e-529bfaa5cf9d",
          "shots": 2000,
          "projector_index": 11
        },
        {
          "basis_state": 12,
          "task_id": "arn:aws:braket:eu-west-2:380012739362:quantum-task/9cb24407-6d06-40e4-88e5-acc6d113de3e",
          "shots": 2000,
          "projector_index": 12
        },
        {
          "basis_state": 13,
          "task_id": "arn:aws:braket:eu-west-2:380012739362:quantum-task/5edb6b5f-01c1-45e6-bcff-958ea8b20d40",
          "shots": 2000,
          "projector_index": 13
        },
        {
          "basis_state": 14,
          "task_id": "arn:aws:braket:eu-west-2:380012739362:quantum-task/c8fdb555-0af4-448f-83d7-fed6c119332b",
          "shots": 2000,
          "projector_index": 14
        },
        {
          "basis_state": 15,
          "task_id": "arn:aws:braket:eu-west-2:380012739362:quantum-task/8909eea5-036e-4abb-bc6c-3019775ac764",
          "shots": 2000,
          "projector_index": 15
        }
      ],
      "depth": 4309,
      "num_projections": 16,
      "ideal_solution": [
        {
          "real": -0.14121978955070988,
          "imag": 0.0
        },
        {
          "real": 0.4486840646718946,
          "imag": 0.0
        },
        {
          "real": 0.06349622105939318,
          "imag": 0.0
        },
        {
          "real": -0.13644039292811047,
          "imag": 0.0
        },
        {
          "real": 0.11249645897024965,
          "imag": 0.0
        },
        {
          "real": -0.31147375416781786,
          "imag": 0.0
        },
        {
          "real": 0.09496415441451583,
          "imag": 0.0
        },
        {
          "real": 0.0871048045719648,
          "imag": 0.0
        },
        {
          "real": 0.14408798213739174,
          "imag": 0.0
        },
        {
          "real": 0.14605977839298612,
          "imag": 0.0
        },
        {
          "real": -0.010766059138161558,
          "imag": 0.0
        },
        {
          "real": 0.07485696762134599,
          "imag": 0.0
        },
        {
          "real": 0.4544413387937343,
          "imag": 0.0
        },
        {
          "real": -0.02184664606741851,
          "imag": 0.0
        },
        {
          "real": -0.3212054209363582,
          "imag": 0.0
        },
        {
          "real": -0.5213766699217885,
          "imag": 0.0
        }
      ]
    }
  ]
}