{
  "problem_list": [
    {
      "A_matrix": [
        [
          0.2975143942134679,
          1.0306456850656056,
          0.8105575344572916,
          0.8954204079039478,
          0.86726813865389,
          1.7529847877785552,
          0.559277776746342,
          1.084975327965163,
          0.4095304402373495,
          1.1667969704469772,
          0.6713065808679934,
          1.3907764242244154,
          1.261423755862845,
          1.6906672773958475,
          1.3258777708230571,
          1.8594930785518076
        ],
        [
          1.0306456850656056,
          0.1784155020189655,
          1.3890910677368509,
          0.5292107945678779,
          0.45258012794267877,
          0.8898758565107578,
          0.8101174821889983,
          1.0439542433997737,
          0.9505719374030949,
          0.5572448831847892,
          1.3458652997619156,
          1.374947620390874,
          1.0192266319166594,
          0.7685460153084166,
          1.6514105869743196,
          0.5772686609425476
        ],
        [
          0.8105575344572916,
          1.3890910677368509,
          0.9341103845146868,
          1.0138744203663563,
          1.0367349775013928,
          1.4586537517371732,
          0.5088793425650829,
          1.4245423064150642,
          0.8303514513410879,
          0.8945624277135924,
          0.7767185819917491,
          1.7114567476918014,
          1.5282242988852262,
          0.49461138713828845,
          1.2942143961121417,
          0.26002409112973823
        ],
        [
          0.8954204079039478,
          0.5292107945678779,
          1.0138744203663563,
          1.6805015805175152,
          0.8749218107109209,
          0.4094824304855095,
          0.45348962824333083,
          1.8335175488397528,
          1.0340105319881268,
          0.30765332063192974,
          1.0019508285906111,
          0.7333180024681054,
          0.48549255078968634,
          0.2336919665272641,
          0.588947905634782,
          0.25347487661507895
        ],
        [
          0.86726813865389,
          0.45258012794267877,
          1.0367349775013928,
          0.8749218107109209,
          0.25206148150167484,
          0.6380765573478766,
          0.9618621028221374,
          1.6492579475213176,
          1.2404401669320464,
          1.352149934348966,
          1.0849685005958531,
          1.366260548270262,
          1.0812388738093293,
          1.3380362851458274,
          0.37660398077434476,
          0.5949493729270318
        ],
        [
          1.7529847877785552,
          0.8898758565107578,
          1.4586537517371732,
          0.4094824304855095,
          0.6380765573478766,
          1.3145439653112108,
          1.2639886466543964,
          1.1789156200700566,
          1.1689314559350916,
          0.46707992824268696,
          0.7592937648505572,
          1.1488069348881784,
          0.8563513218988048,
          1.0583246554724521,
          0.49418056191968684,
          1.1452982166665575
        ],
        [
          0.559277776746342,
          0.8101174821889983,
          0.5088793425650829,
          0.45348962824333083,
          0.9618621028221374,
          1.2639886466543964,
          0.3730502073058275,
          0.4972154988078622,
          0.8665215041503039,
          0.5016694468559831,
          0.14408271458325328,
          1.6358787523312568,
          0.5499744144923867,
          0.9410140397409522,
          0.4441022712533813,
          1.3148644818978303
        ],
        [
          1.084975327965163,
          1.0439542433997737,
          1.4245423064150642,
          1.8335175488397528,
          1.6492579475213176,
          1.1789156200700566,
          0.4972154988078622,
          1.105617027719192,
          1.882085917941854,
          1.6980480164254987,
          1.2086909099411052,
          0.9923774649728664,
          0.8512221198505854,
          1.3866535425085402,
          1.3926686037433402,
          1.382418691235462
        ],
        [
          0.4095304402373495,
          0.9505719374030949,
          0.8303514513410879,
          1.0340105319881268,
          1.2404401669320464,
          1.1689314559350916,
          0.8665215041503039,
          1.882085917941854,
          0.3316436794944939,
          1.2062402224618824,
          1.2983351817912578,
          1.1021609074428986,
          0.8395067036337042,
          1.8174839474251403,
          0.8353773045721572,
          0.7546982300299614
        ],
        [
          1.1667969704469772,
          0.5572448831847892,
          0.8945624277135924,
          0.30765332063192974,
          1.352149934348966,
          0.46707992824268696,
          0.5016694468559831,
          1.6980480164254987,
          1.2062402224618824,
          1.2342716472985302,
          0.5382640977239439,
          0.8221338932251913,
          0.9240485532657329,
          0.7490631323451982,
          1.4710106040846767,
          0.6866272643912359
        ],
        [
          0.6713065808679934,
          1.3458652997619156,
          0.7767185819917491,
          1.0019508285906111,
          1.0849685005958531,
          0.7592937648505572,
          0.14408271458325328,
          1.2086909099411052,
          1.2983351817912578,
          0.5382640977239439,
          1.6945763188319631,
          0.7430137903798051,
          0.3701624186245739,
          1.5404673491155019,
          1.3104964750919654,
          1.465836718192299
        ],
        [
          1.3907764242244154,
          1.374947620390874,
          1.7114567476918014,
          0.7333180024681054,
          1.366260548270262,
          1.1488069348881784,
          1.6358787523312568,
          0.9923774649728664,
          1.1021609074428986,
          0.8221338932251913,
          0.7430137903798051,
          0.8756636217080922,
          0.8705298946658777,
          1.3064433491381073,
          1.3868185258128434,
          0.716276825656236
        ],
        [
          1.261423755862845,
          1.0192266319166594,
          1.5282242988852262,
          0.48549255078968634,
          1.0812388738093293,
          0.8563513218988048,
          0.5499744144923867,
          0.8512221198505854,
          0.8395067036337042,
          0.9240485532657329,
          0.3701624186245739,
          0.8705298946658777,
          0.694242415097374,
          1.7027429949233175,
          0.8902324782861892,
          0.9098103877445335
        ],
        [
          1.6906672773958475,
          0.7685460153084166,
          0.49461138713828845,
          0.2336919665272641,
          1.3380362851458274,
          1.0583246554724521,
          0.9410140397409522,
          1.3866535425085402,
          1.8174839474251403,
          0.7490631323451982,
          1.5404673491155019,
          1.3064433491381073,
          1.7027429949233175,
          1.5217025976287244,
          0.31286529455662493,
          1.1632232062742407
        ],
        [
          1.3258777708230571,
          1.6514105869743196,
          1.2942143961121417,
          0.588947905634782,
          0.37660398077434476,
          0.49418056191968684,
          0.4441022712533813,
          1.3926686037433402,
          0.8353773045721572,
          1.4710106040846767,
          1.3104964750919654,
          1.3868185258128434,
          0.8902324782861892,
          0.31286529455662493,
          1.4766246467284483,
          1.122065979105773
        ],
        [
          1.8594930785518076,
          0.5772686609425476,
          0.26002409112973823,
          0.25347487661507895,
          0.5949493729270318,
          1.1452982166665575,
          1.3148644818978303,
          1.382418691235462,
          0.7546982300299614,
          0.6866272643912359,
          1.465836718192299,
          0.716276825656236,
          0.9098103877445335,
          1.1632232062742407,
          1.122065979105773,
          1.5307716751186895
        ]
      ],
      "b_vector": [
        0.4255426687601557,
        0.19169650945195463,
        0.2511979823726142,
        0.24192810413330026,
        0.14419526360457355,
        0.32625446448158163,
        0.3604216546225261,
        0.3312458447322501,
        0.38961144822514515,
        0.10750721505248217,
        0.12842090460758754,
        0.2207052278443522,
        0.22760947791760988,
        0.10048983180471793,
        0.005977904768470226,
        0.056363097000216904
      ]
    }
  ],
  "shots": 2000,
  "backend": "sv1",
  "device_arn": "SV1",
  "aws_region": "eu-west-2",
  "ideal_preprocessing_list": [
    [
      [
        -2.6239101194220416,
        -2.045161864911257,
        -1.701293736023084,
        -1.412631092924391,
        -1.2982381047293075,
        -0.947141860103207,
        -0.4759697674893215,
        -0.37066397965244186,
        0.2770826964076527,
        0.6205932484418294,
        1.1096422396670311,
        1.4870696270688661,
        1.923532186143692,
        2.1647142147998544,
        2.639853547354228,
        16.147833910380754
      ],
      [
        0.30438967091100366,
        0.02693938652980646,
        0.06398803771738978,
        0.008292864683923843,
        0.07214666607037215,
        0.10071370354801666,
        0.048798617977078726,
        0.0769363159736721,
        0.07278096109102834,
        0.0012323699530624663,
        0.11458197413573123,
        0.16081381177055745,
        0.2676614879367649,
        0.05718688186719294,
        0.025791929852461856,
        0.871172847755953
      ]
    ]
  ],
  "probability_threshold": 0,
  "k_qubits": 4,
  "preprocessing_mode": "ideal",
  "projection_mode": "all_components",
  "projection_subset": null,
  "num_solution_qubits": 4,
  "num_projections": 16,
  "projector_basis_states": [
    0,
    1,
    2,
    3,
    4,
    5,
    6,
    7,
    8,
    9,
    10,
    11,
    12,
    13,
    14,
    15
  ],
  "enhanced_projection_results": [
    {
      "problem_index": 0,
      "projection_tasks": [
        {
          "basis_state": 0,
          "task_id": "arn:aws:braket:eu-west-2:380012739362:quantum-task/a0f507dc-c44b-4fef-a89e-7cb66930fb1b",
          "status": "DONE",
          "shots": 2000,
          "created_at": "2025-12-22 18:57:17.788000+00:00",
          "ended_at": "2025-12-22 18:57:22.356000+00:00",
          "execution_time_seconds": 4.568,
          "counts": {
            "110000000": 108,
            "111101100": 1,
            "100000000": 259,
            "000000000": 259,
            "011000000": 119,
            "110100000": 58,
            "011100000": 215,
            "100100000": 64,
            "110011011": 1,
            "000100000": 82,
            "110011111": 1,
            "010000001": 6,
            "010100001": 46,
            "101000000": 86,
            "010000000": 40,
            "001000000": 98,
            "011000001": 1,
            "101100000": 80,
            "010100000": 111,
            "111000000": 42,
            "100100001": 20,
            "010011001": 3,
            "000000001": 20,
            "001100000": 24,
            "101000001": 28,
            "111100000": 17,
            "000000100": 2,
            "100000001": 9,
            "001000001": 8,
            "000100001": 15,
            "110100101": 1,
            "101110001": 3,
            "011000011": 1,
            "110000001": 8,
            "101100001": 9,
            "011110000": 3,
            "001100001": 61,
            "100101001": 2,
            "000001001": 2,
            "111010001": 1,
            "001010001": 2,
            "010111001": 2,
            "001010000": 1,
            "010110000": 1,
            "110100001": 5,
            "001111001": 1,
            "001001001": 1,
            "001011110": 1,
            "001100111": 1,
            "110110000": 1,
            "010100111": 1,
            "111000001": 12,
            "011000111": 1,
            "101100101": 3,
            "111011101": 1,
            "001111101": 1,
            "010001100": 1,
            "111010000": 3,
            "000010000": 1,
            "100110100": 1,
            "101011001": 1,
            "111010100": 1,
            "010111101": 1,
            "111011001": 3,
            "110101011": 1,
            "111111001": 1,
            "010101011": 1,
            "111101000": 2,
            "010000111": 2,
            "000111110": 1,
            "101010000": 2,
            "110110001": 1,
            "110010000": 2,
            "111001001": 2,
            "001011000": 1,
            "110100111": 1,
            "001101010": 1,
            "000000111": 1,
            "111110000": 4,
            "111000100": 1,
            "111110100": 1,
            "100100011": 1,
            "111000101": 1,
            "001011001": 2,
            "101100111": 1,
            "101101100": 1,
            "101011101": 1,
            "101001001": 1,
            "011111110": 1,
            "110000101": 1,
            "010010001": 1,
            "011011100": 1,
            "111111000": 1,
            "101010101": 1
          },
          "component_probability": 0.076158940397351,
          "success_rate": 0.151
        },
        {
          "basis_state": 1,
          "task_id": "arn:aws:braket:eu-west-2:380012739362:quantum-task/67324aa3-d200-4f63-b854-96c7dc1d7801",
          "status": "DONE",
          "shots": 2000,
          "created_at": "2025-12-22 18:57:20.872000+00:00",
          "ended_at": "2025-12-22 18:57:25.806000+00:00",
          "execution_time_seconds": 4.934,
          "counts": {
            "000100000": 91,
            "000000000": 280,
            "011000000": 149,
            "100000000": 219,
            "011100000": 230,
            "010100000": 124,
            "101000000": 80,
            "001100001": 42,
            "100100000": 66,
            "010100001": 58,
            "000101001": 2,
            "110000000": 97,
            "101000001": 44,
            "110100001": 4,
            "011011110": 1,
            "101110001": 3,
            "001000001": 5,
            "010000001": 2,
            "101100000": 70,
            "001000000": 109,
            "010000000": 26,
            "101100111": 1,
            "101100001": 15,
            "011010000": 3,
            "000100001": 11,
            "111111110": 1,
            "111000000": 45,
            "111111000": 2,
            "101010000": 1,
            "111110000": 7,
            "000000001": 14,
            "110100000": 53,
            "100100001": 10,
            "011110000": 3,
            "101101001": 1,
            "111000001": 9,
            "101110101": 1,
            "001100111": 2,
            "000011001": 1,
            "110010000": 1,
            "111100000": 19,
            "000010001": 1,
            "110100101": 2,
            "101011000": 2,
            "100010000": 1,
            "010110000": 1,
            "100101001": 3,
            "010011111": 2,
            "010110101": 1,
            "110111101": 1,
            "111010000": 3,
            "111010001": 2,
            "001100000": 22,
            "111101000": 2,
            "001000101": 2,
            "100000001": 5,
            "010111001": 3,
            "001101110": 1,
            "101101100": 1,
            "001001001": 2,
            "101011001": 1,
            "111011000": 2,
            "111011101": 1,
            "110000001": 2,
            "110110000": 2,
            "011000111": 1,
            "010010001": 3,
            "111111101": 1,
            "010011001": 2,
            "010001011": 1,
            "100001110": 1,
            "011010100": 1,
            "101111001": 2,
            "111110001": 2,
            "110000111": 1,
            "111011001": 1,
            "100000111": 1,
            "111001001": 1,
            "101001001": 1,
            "001010001": 1,
            "001001011": 1,
            "100101110": 1,
            "001000111": 2,
            "010111101": 1,
            "101111111": 1,
            "001011001": 1,
            "111001101": 1,
            "010111111": 1,
            "010001001": 1,
            "110001011": 1,
            "001110000": 1,
            "101010001": 1
          },
          "component_probability": 0.04609929078014184,
          "success_rate": 0.141
        },
        {
          "basis_state": 2,
          "task_id": "arn:aws:braket:eu-west-2:380012739362:quantum-task/0716d52a-2edb-4192-9950-6ccd33b5fa7e",
          "status": "DONE",
          "shots": 2000,
          "created_at": "2025-12-22 18:57:24.301000+00:00",
          "ended_at": "2025-12-22 18:57:28.329000+00:00",
          "execution_time_seconds": 4.028,
          "counts": {
            "011100000": 229,
            "100000000": 246,
            "110000000": 101,
            "000000000": 267,
            "001000000": 96,
            "010000000": 46,
            "101000001": 37,
            "010100001": 66,
            "100000001": 14,
            "101100000": 71,
            "010100000": 109,
            "011000000": 117,
            "111100000": 21,
            "101000000": 82,
            "001100001": 49,
            "100100000": 57,
            "101100001": 16,
            "111000000": 41,
            "110100001": 3,
            "000100000": 57,
            "110100000": 58,
            "100011100": 1,
            "111000001": 6,
            "000000001": 19,
            "001100000": 27,
            "010011001": 2,
            "000011111": 1,
            "001000001": 9,
            "000100001": 9,
            "100100001": 21,
            "111110000": 5,
            "111010001": 3,
            "111010101": 1,
            "010010001": 1,
            "010111100": 1,
            "010111001": 2,
            "101010000": 3,
            "000110001": 2,
            "000110000": 1,
            "101111001": 1,
            "101110001": 2,
            "101110000": 2,
            "111001101": 1,
            "101010101": 2,
            "101101011": 1,
            "001001001": 2,
            "100101001": 2,
            "001100111": 2,
            "001001101": 1,
            "111101001": 3,
            "111111000": 2,
            "000001001": 2,
            "110000001": 5,
            "101011001": 3,
            "001100101": 1,
            "101100111": 1,
            "100111110": 1,
            "111011001": 7,
            "011000001": 1,
            "101100101": 2,
            "000011011": 1,
            "111111101": 2,
            "010011111": 1,
            "100100111": 1,
            "010100101": 1,
            "001011001": 1,
            "110000011": 1,
            "001111101": 1,
            "001011111": 1,
            "001010000": 1,
            "111101000": 2,
            "010000001": 4,
            "100000101": 1,
            "001011000": 2,
            "111110001": 1,
            "111011010": 1,
            "110111001": 1,
            "111010000": 4,
            "011100100": 1,
            "111101110": 1,
            "110001000": 1,
            "010010000": 1,
            "100111011": 1,
            "101111110": 1,
            "010001001": 2,
            "001010001": 1,
            "011101100": 2,
            "011010000": 1,
            "010000111": 1,
            "101011000": 1,
            "101000100": 1,
            "110100101": 1,
            "111001000": 2,
            "101111111": 1,
            "001001000": 1,
            "110110001": 1,
            "000001110": 1,
            "011101010": 1,
            "000011001": 1,
            "101100011": 1,
            "110010000": 1,
            "100000110": 1,
            "001000111": 1,
            "101010100": 1,
            "101101101": 1,
            "101011110": 1,
            "001001110": 1
          },
          "component_probability": 0.0486322188449848,
          "success_rate": 0.1645
        },
        {
          "basis_state": 3,
          "task_id": "arn:aws:braket:eu-west-2:380012739362:quantum-task/39dbea55-3f0e-462d-96aa-9721388cc91a",
          "status": "DONE",
          "shots": 2000,
          "created_at": "2025-12-22 18:57:27.098000+00:00",
          "ended_at": "2025-12-22 18:57:31.264000+00:00",
          "execution_time_seconds": 4.166,
          "counts": {
            "101000000": 84,
            "011000000": 152,
            "000000000": 256,
            "110000000": 106,
            "010100000": 98,
            "011100000": 230,
            "100000000": 254,
            "001000000": 105,
            "101100000": 88,
            "001000101": 1,
            "001000001": 6,
            "111100000": 17,
            "100100000": 57,
            "111000001": 5,
            "010100001": 50,
            "110111111": 1,
            "000100000": 70,
            "101110001": 6,
            "001100001": 59,
            "010000000": 31,
            "101000001": 39,
            "100000001": 6,
            "111000000": 39,
            "100100001": 18,
            "001100000": 18,
            "111000100": 1,
            "000100001": 6,
            "111011101": 1,
            "110100000": 56,
            "100000111": 2,
            "101100101": 2,
            "000000001": 22,
            "101100001": 6,
            "110110001": 1,
            "110100001": 6,
            "111110000": 10,
            "111100100": 2,
            "100111000": 1,
            "101000100": 1,
            "111001001": 3,
            "111100001": 2,
            "110111101": 1,
            "111001000": 1,
            "110010000": 3,
            "001010001": 2,
            "000010101": 1,
            "010011001": 2,
            "011001001": 1,
            "111101001": 3,
            "101010001": 1,
            "110000001": 4,
            "111011000": 2,
            "000001101": 1,
            "000001110": 1,
            "111010000": 2,
            "100100111": 1,
            "011101010": 1,
            "100100100": 1,
            "011000001": 2,
            "011011101": 1,
            "111110010": 1,
            "010100110": 1,
            "011010010": 1,
            "111010001": 1,
            "010111001": 2,
            "110110000": 2,
            "010000001": 4,
            "111011001": 2,
            "101011010": 1,
            "010011111": 1,
            "100001110": 1,
            "001011001": 2,
            "111101101": 1,
            "100101001": 1,
            "001111010": 1,
            "000000111": 1,
            "010010001": 1,
            "111010101": 1,
            "101101001": 2,
            "011010000": 1,
            "101100111": 1,
            "110000111": 2,
            "101011000": 1,
            "111010100": 2,
            "101011110": 1,
            "110100111": 1,
            "000010000": 1,
            "100010100": 1,
            "110011111": 1,
            "000000100": 1,
            "100011100": 1,
            "010100111": 1,
            "101001101": 1,
            "101110101": 1,
            "011010001": 1,
            "011010101": 1,
            "100011111": 1,
            "011101100": 1,
            "000010001": 1,
            "111110001": 1,
            "100110001": 1
          },
          "component_probability": 0.2,
          "success_rate": 0.1475
        },
        {
          "basis_state": 4,
          "task_id": "arn:aws:braket:eu-west-2:380012739362:quantum-task/ea7429fe-367c-4121-a826-610a6ec8ccb7",
          "status": "DONE",
          "shots": 2000,
          "created_at": "2025-12-22 18:57:30.242000+00:00",
          "ended_at": "2025-12-22 18:57:34.772000+00:00",
          "execution_time_seconds": 4.53,
          "counts": {
            "001000000": 102,
            "000000000": 286,
            "011000000": 157,
            "111000000": 36,
            "000011011": 1,
            "101000000": 92,
            "000100000": 68,
            "110100000": 66,
            "101100000": 80,
            "100000000": 243,
            "001110100": 1,
            "001100001": 51,
            "011100000": 185,
            "101010000": 4,
            "010100001": 43,
            "010000000": 51,
            "101100111": 2,
            "110000000": 86,
            "101000001": 38,
            "010100000": 116,
            "111100000": 27,
            "100100000": 62,
            "000000001": 23,
            "000110000": 1,
            "100000001": 6,
            "100100001": 10,
            "001100000": 29,
            "111000001": 13,
            "111011001": 2,
            "111110000": 4,
            "010111111": 1,
            "101111111": 2,
            "000000100": 1,
            "101100001": 9,
            "111011000": 3,
            "010101010": 2,
            "101001001": 2,
            "001000001": 3,
            "101011001": 1,
            "111001001": 2,
            "111010101": 1,
            "111010000": 3,
            "101110001": 4,
            "010000001": 3,
            "110010000": 3,
            "001000101": 1,
            "101100101": 2,
            "110100001": 5,
            "110110000": 1,
            "000100001": 8,
            "000001001": 1,
            "000011001": 3,
            "010010000": 1,
            "010000101": 1,
            "110000001": 2,
            "100010011": 1,
            "001001001": 2,
            "101010001": 1,
            "001010000": 1,
            "001110000": 2,
            "100110001": 4,
            "001011001": 1,
            "111100111": 1,
            "111100100": 1,
            "000010010": 1,
            "011111101": 2,
            "111001000": 1,
            "100000111": 1,
            "010110011": 1,
            "111101000": 1,
            "010011111": 1,
            "101101100": 3,
            "111000111": 2,
            "011000001": 2,
            "110000111": 1,
            "111111001": 1,
            "000010111": 1,
            "100010001": 1,
            "001101111": 1,
            "001011101": 1,
            "011100101": 1,
            "100101000": 1,
            "101101101": 1,
            "111101110": 1,
            "010111001": 2,
            "110111101": 1,
            "110101101": 1,
            "110101111": 1,
            "111001101": 1,
            "010010011": 1,
            "101101001": 1,
            "001110101": 1,
            "111011101": 1,
            "001010001": 1
          },
          "component_probability": 0.02158273381294964,
          "success_rate": 0.139
        },
        {
          "basis_state": 5,
          "task_id": "arn:aws:braket:eu-west-2:380012739362:quantum-task/2b7dd36d-cb19-4cc6-9967-c6a25a6ebb56",
          "status": "DONE",
          "shots": 2000,
          "created_at": "2025-12-22 18:57:33.099000+00:00",
          "ended_at": "2025-12-22 18:57:36.798000+00:00",
          "execution_time_seconds": 3.699,
          "counts": {
            "000000000": 291,
            "000100000": 66,
            "110100000": 52,
            "101000001": 40,
            "011100000": 228,
            "001000000": 100,
            "100110001": 2,
            "111000000": 58,
            "101100000": 67,
            "011000000": 121,
            "100100000": 66,
            "100000000": 233,
            "110000000": 106,
            "001100001": 45,
            "000010000": 2,
            "100100001": 19,
            "101000000": 83,
            "010000000": 26,
            "010100001": 75,
            "010011100": 1,
            "010100000": 104,
            "111100000": 17,
            "101100001": 10,
            "000000001": 15,
            "001100000": 22,
            "110000001": 4,
            "000100001": 8,
            "101100101": 7,
            "111011000": 2,
            "100101110": 1,
            "111010000": 3,
            "111011001": 2,
            "111111000": 2,
            "100000001": 12,
            "001001011": 1,
            "110001101": 1,
            "010000001": 3,
            "111000001": 8,
            "110100101": 1,
            "101010000": 3,
            "111110000": 2,
            "010010001": 3,
            "010011001": 2,
            "010001001": 1,
            "110110000": 4,
            "000000100": 2,
            "001000001": 5,
            "101010001": 2,
            "010001100": 1,
            "001010001": 1,
            "111101000": 3,
            "111001101": 1,
            "110010000": 1,
            "001000101": 1,
            "001111010": 1,
            "111001000": 1,
            "010100111": 2,
            "010111001": 4,
            "111000100": 2,
            "011010000": 2,
            "100011001": 1,
            "101110001": 3,
            "110100001": 3,
            "010110110": 1,
            "101101001": 1,
            "011000001": 1,
            "001001001": 2,
            "001001100": 2,
            "000011111": 1,
            "011011011": 1,
            "101001001": 1,
            "101001101": 1,
            "110110001": 3,
            "011011010": 1,
            "111001001": 1,
            "100000110": 1,
            "111000010": 2,
            "010100101": 1,
            "001011001": 1,
            "011100010": 1,
            "100010001": 1,
            "111010101": 1,
            "111101111": 1,
            "110110100": 1,
            "101000100": 1,
            "111010001": 1,
            "110111111": 1,
            "000001001": 1,
            "011001101": 1,
            "101001100": 1,
            "100101001": 1,
            "010000111": 1,
            "111101001": 1,
            "000011001": 2,
            "001110000": 1,
            "001010000": 1,
            "100111111": 1,
            "001000111": 1,
            "101101101": 1,
            "001100111": 1,
            "010011101": 1,
            "101110000": 1
          },
          "component_probability": 0.26198083067092653,
          "success_rate": 0.1565
        },
        {
          "basis_state": 6,
          "task_id": "arn:aws:braket:eu-west-2:380012739362:quantum-task/6e569d86-87bd-46f9-966b-05d1e44a4965",
          "status": "DONE",
          "shots": 2000,
          "created_at": "2025-12-22 18:57:36.228000+00:00",
          "ended_at": "2025-12-22 18:57:41.177000+00:00",
          "execution_time_seconds": 4.949,
          "counts": {
            "101100000": 79,
            "000000000": 258,
            "101000000": 83,
            "010100000": 110,
            "000100000": 73,
            "100000000": 246,
            "001000000": 101,
            "011000000": 152,
            "111100000": 22,
            "110000000": 93,
            "011100000": 218,
            "101000001": 40,
            "100000001": 9,
            "100100000": 58,
            "010000000": 37,
            "010100001": 47,
            "101110001": 6,
            "110000111": 2,
            "100110110": 1,
            "111110000": 5,
            "101111001": 3,
            "110000001": 3,
            "001100001": 55,
            "101100001": 12,
            "111000000": 43,
            "000011001": 4,
            "110100000": 56,
            "111001001": 5,
            "010011001": 5,
            "010000001": 2,
            "100100001": 18,
            "101011010": 1,
            "000000001": 18,
            "110110000": 4,
            "001100000": 18,
            "000010000": 1,
            "011000001": 3,
            "101010101": 2,
            "001101101": 1,
            "100101110": 1,
            "000100001": 9,
            "111111000": 1,
            "101011001": 3,
            "111000001": 7,
            "110111001": 2,
            "101101001": 3,
            "001000001": 8,
            "111010000": 3,
            "110010000": 2,
            "100110001": 4,
            "101101100": 1,
            "010111001": 3,
            "111010101": 2,
            "100001110": 1,
            "110100111": 1,
            "101001001": 1,
            "001011101": 1,
            "101010001": 3,
            "111011101": 1,
            "110100101": 1,
            "011010000": 2,
            "101001110": 1,
            "011100111": 1,
            "101001101": 1,
            "101001000": 1,
            "110100001": 4,
            "111101001": 3,
            "100000111": 1,
            "011101110": 1,
            "001001001": 1,
            "011100100": 1,
            "001010001": 1,
            "101010000": 4,
            "110101001": 2,
            "101100111": 1,
            "101011000": 1,
            "100100111": 1,
            "000100111": 1,
            "010111111": 1,
            "111100001": 2,
            "111000100": 1,
            "111011000": 1,
            "111101110": 1,
            "001010000": 1,
            "010000111": 1,
            "100101001": 1,
            "111100100": 2,
            "111011001": 1,
            "100111000": 1,
            "101000101": 1,
            "110111111": 1,
            "000110000": 1,
            "000101110": 1,
            "101100101": 1,
            "110001110": 1,
            "110101110": 1
          },
          "component_probability": 0.00967741935483871,
          "success_rate": 0.155
        },
        {
          "basis_state": 7,
          "task_id": "arn:aws:braket:eu-west-2:380012739362:quantum-task/5558dca9-92c1-4b9c-be9f-966a63ae278b",
          "status": "DONE",
          "shots": 2000,
          "created_at": "2025-12-22 18:57:39.044000+00:00",
          "ended_at": "2025-12-22 18:57:44.379000+00:00",
          "execution_time_seconds": 5.335,
          "counts": {
            "000100000": 52,
            "100000000": 260,
            "000000000": 297,
            "010100000": 105,
            "110000000": 102,
            "011100000": 219,
            "101010000": 5,
            "100000001": 5,
            "000000001": 31,
            "010000000": 26,
            "101000001": 39,
            "101000000": 75,
            "111000000": 34,
            "001000000": 74,
            "111011001": 1,
            "001100001": 48,
            "000100001": 7,
            "111010000": 4,
            "000110000": 2,
            "011000000": 154,
            "111110100": 1,
            "111110000": 5,
            "101100000": 75,
            "110101100": 1,
            "001001001": 3,
            "100100001": 19,
            "101011001": 3,
            "011001010": 1,
            "001100000": 33,
            "101100001": 11,
            "111100000": 14,
            "010100001": 45,
            "110100001": 9,
            "110100000": 58,
            "100100000": 64,
            "001010001": 3,
            "000000100": 1,
            "001000001": 6,
            "010101101": 3,
            "111000001": 15,
            "111101000": 2,
            "010101011": 1,
            "011000111": 1,
            "010000001": 4,
            "001110000": 1,
            "111110001": 1,
            "000111010": 1,
            "110000001": 5,
            "100110001": 1,
            "010000111": 2,
            "111101110": 1,
            "000011001": 2,
            "000010000": 3,
            "101011000": 1,
            "001100101": 1,
            "111001110": 1,
            "101110001": 4,
            "110110000": 4,
            "111000101": 1,
            "010011001": 1,
            "100101101": 1,
            "010000101": 3,
            "000111101": 1,
            "010111111": 2,
            "111011000": 1,
            "010111001": 2,
            "001011001": 1,
            "001001111": 1,
            "101010001": 2,
            "010110000": 3,
            "101111101": 1,
            "100111001": 1,
            "101001010": 1,
            "111111111": 3,
            "011000001": 2,
            "110100101": 1,
            "110111101": 2,
            "101001001": 2,
            "111001000": 2,
            "110101101": 1,
            "001000101": 1,
            "111101101": 1,
            "011110000": 1,
            "101101011": 1,
            "010001111": 1,
            "001011101": 1,
            "110110001": 2,
            "001111001": 1,
            "111111001": 1,
            "011001001": 1,
            "001010000": 1,
            "110010000": 1,
            "111110101": 1,
            "001001101": 1,
            "101010111": 1,
            "010011101": 1,
            "111001001": 1,
            "111010010": 1
          },
          "component_probability": 0.0,
          "success_rate": 0.1565
        },
        {
          "basis_state": 8,
          "task_id": "arn:aws:braket:eu-west-2:380012739362:quantum-task/27fc15cf-8230-40d2-b0ac-9d4c264ac311",
          "status": "DONE",
          "shots": 2000,
          "created_at": "2025-12-22 18:57:41.774000+00:00",
          "ended_at": "2025-12-22 18:57:45.854000+00:00",
          "execution_time_seconds": 4.08,
          "counts": {
            "010100000": 118,
            "100000000": 245,
            "000000000": 289,
            "110000000": 100,
            "001000000": 97,
            "001100001": 45,
            "011100000": 218,
            "101000001": 45,
            "111000000": 43,
            "010100001": 64,
            "110100000": 38,
            "000100000": 75,
            "011000000": 126,
            "100100000": 67,
            "111110100": 1,
            "101000000": 78,
            "000000001": 21,
            "010010101": 1,
            "101100001": 4,
            "101100000": 87,
            "010000000": 32,
            "001100000": 30,
            "111100000": 19,
            "010000001": 3,
            "101100101": 3,
            "111110000": 10,
            "000100001": 8,
            "110100111": 2,
            "100111111": 1,
            "001010001": 1,
            "111100111": 1,
            "101100011": 1,
            "101110001": 1,
            "011101110": 2,
            "100100001": 13,
            "101010001": 2,
            "111011000": 1,
            "010111001": 3,
            "110100001": 9,
            "010100111": 3,
            "101101001": 1,
            "000010100": 1,
            "011000001": 3,
            "001000001": 4,
            "110110000": 3,
            "111000001": 5,
            "101010000": 3,
            "111010000": 3,
            "100000001": 2,
            "010110000": 1,
            "010000101": 1,
            "101000101": 2,
            "101111000": 1,
            "111000101": 1,
            "111101001": 2,
            "101011001": 3,
            "000100111": 1,
            "001000111": 1,
            "110000001": 7,
            "100100111": 1,
            "111000100": 1,
            "000011011": 1,
            "011010001": 1,
            "100001110": 1,
            "001110000": 1,
            "000011001": 1,
            "001000101": 1,
            "010101101": 1,
            "010010000": 1,
            "100101010": 1,
            "111110001": 1,
            "010111111": 1,
            "001100111": 1,
            "110000111": 1,
            "100011001": 1,
            "110001000": 1,
            "101111001": 1,
            "011101100": 1,
            "111010100": 1,
            "110010000": 2,
            "010011001": 2,
            "101010100": 1,
            "111001001": 1,
            "111110010": 1,
            "110011010": 1,
            "001111001": 3,
            "101111101": 1,
            "101001001": 1,
            "001110001": 1,
            "001011001": 1,
            "111010111": 1,
            "111001101": 1,
            "001010101": 1,
            "101110000": 2,
            "111011001": 2,
            "100110000": 1,
            "111010010": 1,
            "001001110": 1,
            "111111000": 1,
            "100101001": 1,
            "011101111": 1
          },
          "component_probability": 0.010238907849829351,
          "success_rate": 0.1465
        },
        {
          "basis_state": 9,
          "task_id": "arn:aws:braket:eu-west-2:380012739362:quantum-task/53f087fb-31bb-4846-bba7-b9aab4ff8c6c",
          "status": "DONE",
          "shots": 2000,
          "created_at": "2025-12-22 18:57:44.564000+00:00",
          "ended_at": "2025-12-22 18:57:49.322000+00:00",
          "execution_time_seconds": 4.758,
          "counts": {
            "000000000": 297,
