{
  "problem_list": [
    {
      "A_matrix": [
        [
          1.8524107500160312,
          1.2576034897472317,
          1.2071277685072808,
          1.3585201757259546,
          1.3105715041846882,
          1.1132667227915902,
          1.6338664755458236,
          1.1668102134113485,
          1.29193695267116,
          0.8069399864472089,
          1.0729775377823185,
          0.3500934812866442,
          1.388308240504397,
          1.1946006254860166,
          1.4542885035030197,
          1.0705085747241179
        ],
        [
          1.2576034897472317,
          0.30289169136529837,
          0.41289042746632654,
          0.8857518987838849,
          1.1505666200541707,
          1.2397221228907944,
          0.9878302851562412,
          0.19123917367208743,
          0.608596182297449,
          1.3190407891909814,
          0.510875575264498,
          0.4678416123987045,
          1.0996942842553894,
          1.365324407136525,
          0.9338434162739547,
          0.15846191810153742
        ],
        [
          1.2071277685072808,
          0.41289042746632654,
          1.4482710759098707,
          1.0886865129824437,
          0.9407109243288173,
          1.5535880528043282,
          1.3291590313417874,
          1.429894739459887,
          0.7508166101691474,
          0.6133867573680223,
          0.6677262905814805,
          0.9599202600737626,
          1.5880544008391668,
          1.188500911509566,
          0.32992668100788325,
          1.2165722280722124
        ],
        [
          1.3585201757259546,
          0.8857518987838849,
          1.0886865129824437,
          1.7814322222499992,
          1.3371777630881618,
          1.1391363226382027,
          0.5650695671829323,
          1.1055733125042662,
          0.34845199666422466,
          0.2570160376514703,
          1.1939195161836909,
          0.3020023309740133,
          0.8403727551329766,
          1.3773242640691752,
          0.780400510526634,
          1.9788617611492687
        ],
        [
          1.3105715041846882,
          1.1505666200541707,
          0.9407109243288173,
          1.3371777630881618,
          0.08123411288664983,
          0.7949235524885947,
          0.6178630926897304,
          0.9991558114638803,
          1.1570960655815115,
          1.3865690365462646,
          1.1316108070815165,
          1.2493212162352998,
          0.9389869775763808,
          1.025147762350734,
          0.5003575133055898,
          1.0070406892973445
        ],
        [
          1.1132667227915902,
          1.2397221228907944,
          1.5535880528043282,
          1.1391363226382027,
          0.7949235524885947,
          1.8078065995076131,
          0.5958920580318037,
          1.3872151168633926,
          0.8924098955537625,
          1.0386195679622694,
          1.1095186857164236,
          0.3794926990030456,
          1.1041443824821788,
          0.3693208051721204,
          0.7512878417241153,
          0.8260672547215575
        ],
        [
          1.6338664755458236,
          0.9878302851562412,
          1.3291590313417874,
          0.5650695671829323,
          0.6178630926897304,
          0.5958920580318037,
          1.6746109516909982,
          1.0489736803594765,
          0.5572339118703067,
          0.7339461878370185,
          0.8926313127833402,
          1.0978226333001342,
          0.9110171376375946,
          1.3272653430501409,
          0.9358952426113446,
          0.8279893678054532
        ],
        [
          1.1668102134113485,
          0.19123917367208743,
          1.429894739459887,
          1.1055733125042662,
          0.9991558114638803,
          1.3872151168633926,
          1.0489736803594765,
          1.9786797058450332,
          0.7916026308941458,
          1.0917756922277864,
          0.946879761050565,
          1.1950404441582374,
          0.15990719037076817,
          1.2950457813178482,
          1.1408728531935977,
          0.8345895730574496
        ],
        [
          1.29193695267116,
          0.608596182297449,
          0.7508166101691474,
          0.34845199666422466,
          1.1570960655815115,
          0.8924098955537625,
          0.5572339118703067,
          0.7916026308941458,
          0.9048057073615983,
          0.42897029820805455,
          0.8862147022886002,
          1.2172399608788322,
          0.6274615632148519,
          0.6359966635771809,
          0.4095723955143673,
          1.5055755596331113
        ],
        [
          0.8069399864472089,
          1.3190407891909814,
          0.6133867573680223,
          0.2570160376514703,
          1.3865690365462646,
          1.0386195679622694,
          0.7339461878370185,
          1.0917756922277864,
          0.42897029820805455,
          1.356837733133137,
          0.9929813045332837,
          0.862394163810451,
          1.4434578931203284,
          0.1972476732678392,
          1.3382712585834653,
          0.744895678582084
        ],
        [
          1.0729775377823185,
          0.510875575264498,
          0.6677262905814805,
          1.1939195161836909,
          1.1316108070815165,
          1.1095186857164236,
          0.8926313127833402,
          0.946879761050565,
          0.8862147022886002,
          0.9929813045332837,
          1.4685415237977324,
          1.4506991546134245,
          1.2270962111451347,
          0.9075822612631376,
          0.45158170116721785,
          0.22049821463183172
        ],
        [
          0.3500934812866442,
          0.4678416123987045,
          0.9599202600737626,
          0.3020023309740133,
          1.2493212162352998,
          0.3794926990030456,
          1.0978226333001342,
          1.1950404441582374,
          1.2172399608788322,
          0.862394163810451,
          1.4506991546134245,
          1.9523048109727628,
          1.1199746820026992,
          1.3133261133079972,
          1.0929782597234539,
          1.5299322827890878
        ],
        [
          1.388308240504397,
          1.0996942842553894,
          1.5880544008391668,
          0.8403727551329766,
          0.9389869775763808,
          1.1041443824821788,
          0.9110171376375946,
          0.15990719037076817,
          0.6274615632148519,
          1.4434578931203284,
          1.2270962111451347,
          1.1199746820026992,
          0.81868844927157,
          1.4202814243439636,
          1.5699232795587945,
          0.402566051182072
        ],
        [
          1.1946006254860166,
          1.365324407136525,
          1.188500911509566,
          1.3773242640691752,
          1.025147762350734,
          0.3693208051721204,
          1.3272653430501409,
          1.2950457813178482,
          0.6359966635771809,
          0.1972476732678392,
          0.9075822612631376,
          1.3133261133079972,
          1.4202814243439636,
          0.6251243062411294,
          1.3046384050232787,
          1.1258733070011513
        ],
        [
          1.4542885035030197,
          0.9338434162739547,
          0.32992668100788325,
          0.780400510526634,
          0.5003575133055898,
          0.7512878417241153,
          0.9358952426113446,
          1.1408728531935977,
          0.4095723955143673,
          1.3382712585834653,
          0.45158170116721785,
          1.0929782597234539,
          1.5699232795587945,
          1.3046384050232787,
          1.0783837550729543,
          0.2653160305599487
        ],
        [
          1.0705085747241179,
          0.15846191810153742,
          1.2165722280722124,
          1.9788617611492687,
          1.0070406892973445,
          0.8260672547215575,
          0.8279893678054532,
          0.8345895730574496,
          1.5055755596331113,
          0.744895678582084,
          0.22049821463183172,
          1.5299322827890878,
          0.402566051182072,
          1.1258733070011513,
          0.2653160305599487,
          0.018004809800669763
        ]
      ],
      "b_vector": [
        0.14613459315683747,
        0.039267804571077376,
        0.16380551625708986,
        0.28820871049268537,
        0.2553289761443731,
        0.0005606118765513891,
        0.05231649421755699,
        0.2241558690931897,
        0.3643624736198692,
        0.1513414534888174,
        0.4356994094581902,
        0.3018489425156332,
        0.3476016891644901,
        0.1012448453755459,
        0.42453931020763547,
        0.0332874829774937
      ]
    }
  ],
  "shots": 2000,
  "backend": "sv1",
  "device_arn": "SV1",
  "aws_region": "eu-west-2",
  "ideal_preprocessing_list": [
    [
      [
        -2.640639584918699,
        -1.7561427363543018,
        -1.6325579552711218,
        -1.4393451047327495,
        -0.9017054568463678,
        -0.2613902300311083,
        0.05793639428824924,
        0.3355546177801062,
        0.8087728638849794,
        1.004185270094275,
        1.2123613692404382,
        1.5800371127835255,
        1.908315789400605,
        2.4362357466064366,
        2.620474512542631,
        15.817935596656149
      ],
      [
        0.016346545766428994,
        0.08882742091684927,
        0.022655215299275864,
        0.23825137038458832,
        0.1714421700898064,
        0.04128119505096292,
        0.1991407319431679,
        0.2371427949738391,
        0.11941907564039099,
        0.03016286861989361,
        0.14396936546944447,
        0.18691465049231853,
        0.057080378889003996,
        0.2198455425105271,
        0.06893160784504831,
        0.8248626774070236
      ]
    ]
  ],
  "probability_threshold": 0,
  "k_qubits": 7,
  "preprocessing_mode": "ideal",
  "projection_mode": "all_components",
  "projection_subset": null,
  "num_solution_qubits": 4,
  "num_projections": 16,
  "projector_basis_states": [
    0,
    1,
    2,
    3,
    4,
    5,
    6,
    7,
    8,
    9,
    10,
    11,
    12,
    13,
    14,
    15
  ],
  "enhanced_projection_results": [
    {
      "problem_index": 0,
      "projection_tasks": [
        {
          "basis_state": 0,
          "task_id": "arn:aws:braket:eu-west-2:380012739362:quantum-task/185eccc0-dc3e-44d0-b522-5c2fa93df7f5",
          "status": "DONE",
          "shots": 2000,
          "created_at": "2025-12-22 19:30:39.170000+00:00",
          "ended_at": "2025-12-22 19:30:46.280000+00:00",
          "execution_time_seconds": 7.11,
          "counts": {
            "001100000000": 154,
            "100000000000": 283,
            "101000000000": 362,
            "011100000000": 98,
            "111000000000": 359,
            "101100000000": 206,
            "001000000000": 29,
            "110100000000": 31,
            "100100000000": 32,
            "110000000000": 195,
            "010000000000": 132,
            "010100000000": 8,
            "000010000000": 3,
            "001000000001": 5,
            "000000000001": 6,
            "000000000000": 19,
            "110011000001": 1,
            "000100000000": 18,
            "011000000000": 11,
            "100110000000": 2,
            "010010000001": 1,
            "000100000001": 7,
            "110010000000": 1,
            "011000000001": 9,
            "000010000001": 1,
            "110000000001": 3,
            "111000000001": 1,
            "110010000001": 2,
            "010100000001": 4,
            "101100000001": 1,
            "000111000000": 1,
            "010111000001": 1,
            "000110000000": 4,
            "000110000001": 2,
            "000111000001": 1,
            "110100000001": 1,
            "011010000001": 1,
            "010101000000": 1,
            "110110000000": 2,
            "111100000000": 1,
            "010111000000": 1
          },
          "component_probability": 0.14893617021276595,
          "success_rate": 0.0235
        },
        {
          "basis_state": 1,
          "task_id": "arn:aws:braket:eu-west-2:380012739362:quantum-task/23f10e75-dc77-4aa1-ba30-a8e1abfa0427",
          "status": "DONE",
          "shots": 2000,
          "created_at": "2025-12-22 19:30:43.499000+00:00",
          "ended_at": "2025-12-22 19:30:53.009000+00:00",
          "execution_time_seconds": 9.51,
          "counts": {
            "100100000000": 29,
            "110000000000": 199,
            "001100000000": 148,
            "011100000000": 106,
            "110100000000": 35,
            "000100000001": 8,
            "111000000000": 359,
            "101100000000": 214,
            "100000000000": 263,
            "101000000000": 375,
            "010000000000": 123,
            "101100000001": 1,
            "000000000001": 5,
            "000110000001": 1,
            "000100000000": 31,
            "010101000001": 1,
            "100110000000": 2,
            "011100000001": 1,
            "010001100000": 1,
            "011000000000": 14,
            "000000000000": 12,
            "010100000000": 6,
            "001000000000": 19,
            "010101000000": 2,
            "010111000001": 1,
            "010110000000": 4,
            "000010000000": 1,
            "110011000001": 1,
            "110100000001": 2,
            "010110000001": 5,
            "010110100001": 1,
            "011000000001": 6,
            "110110000000": 1,
            "010100000001": 7,
            "110001000000": 1,
            "110001000001": 1,
            "000010000001": 1,
            "001010000000": 1,
            "110000000001": 3,
            "001000000001": 2,
            "001011000001": 1,
            "111001000000": 1,
            "000010001001": 1,
            "011010000001": 1,
            "110010000000": 1,
            "100101000001": 1,
            "000111000001": 1
          },
          "component_probability": 0.19230769230769232,
          "success_rate": 0.026
        },
        {
          "basis_state": 2,
          "task_id": "arn:aws:braket:eu-west-2:380012739362:quantum-task/a1f14b1d-dea7-40bb-ae67-ff1f60b4a1a5",
          "status": "DONE",
          "shots": 2000,
          "created_at": "2025-12-22 19:30:48.372000+00:00",
          "ended_at": "2025-12-22 19:30:55.952000+00:00",
          "execution_time_seconds": 7.58,
          "counts": {
            "110000000000": 186,
            "100000000000": 257,
            "001100000000": 159,
            "010000000000": 117,
            "101000000000": 363,
            "100100000000": 27,
            "111000000000": 375,
            "001000000001": 4,
            "011100000000": 89,
            "101100000000": 238,
            "001000000000": 22,
            "010100000001": 5,
            "000111000000": 1,
            "110000000001": 6,
            "000100000000": 25,
            "110100000001": 2,
            "010110000001": 1,
            "010101100001": 1,
            "110100000000": 38,
            "010110000000": 1,
            "011000000000": 16,
            "010100000000": 7,
            "000000000000": 16,
            "111000000001": 1,
            "001010010000": 1,
            "000000000001": 4,
            "011010000000": 2,
            "000100000001": 9,
            "011000000001": 6,
            "101110000001": 1,
            "000111000001": 1,
            "000110000001": 3,
            "000010000000": 1,
            "101101000001": 1,
            "010100010001": 1,
            "010101000000": 1,
            "101000000001": 1,
            "110110000001": 1,
            "000011000000": 1,
            "100111000001": 1,
            "101110000000": 2,
            "001001000000": 1,
            "110110100001": 1,
            "101100000001": 1,
            "001010000000": 1,
            "000110000000": 1,
            "000110100000": 1
          },
          "component_probability": 0.0784313725490196,
          "success_rate": 0.0255
        },
        {
          "basis_state": 3,
          "task_id": "arn:aws:braket:eu-west-2:380012739362:quantum-task/41571660-7802-47b8-9890-84a7f9df09b4",
          "status": "DONE",
          "shots": 2000,
          "created_at": "2025-12-22 19:30:52.822000+00:00",
          "ended_at": "2025-12-22 19:31:02.454000+00:00",
          "execution_time_seconds": 9.632,
          "counts": {
            "111000000000": 349,
            "011100000000": 86,
            "001000000000": 37,
            "101000000000": 374,
            "101100000000": 201,
            "100000000000": 251,
            "010000000000": 110,
            "000100000000": 20,
            "110000000000": 206,
            "001100000000": 170,
            "000000000000": 22,
            "110100000001": 2,
            "100100000000": 28,
            "110100000000": 36,
            "001000100001": 1,
            "010100000001": 9,
            "000000000001": 8,
            "100110000000": 1,
            "110010000000": 4,
            "101101000001": 1,
            "100001100001": 1,
            "011000000000": 13,
            "101100000001": 1,
            "010010000000": 1,
            "000001000000": 1,
            "110000000001": 7,
            "010100000000": 7,
            "111000000001": 1,
            "000110000000": 3,
            "011000000001": 6,
            "001000000001": 3,
            "001011000000": 1,
            "000100000001": 11,
            "000111000001": 1,
            "000110100001": 1,
            "110010000001": 1,
            "011010000001": 1,
            "100101000000": 2,
            "011010000000": 1,
            "010110000000": 2,
            "000111000000": 1,
            "001011000001": 1,
            "000010000000": 2,
            "001010000000": 1,
            "010110100001": 1,
            "000010000001": 2,
            "010111000001": 2,
            "001010100001": 1,
            "101000000001": 1,
            "010101000001": 1,
            "101110000000": 1,
            "010100100000": 1,
            "010110000001": 1,
            "111100000000": 1,
            "110110000000": 1,
            "110000001000": 1
          },
          "component_probability": 0.0,
          "success_rate": 0.0325
        },
        {
          "basis_state": 4,
          "task_id": "arn:aws:braket:eu-west-2:380012739362:quantum-task/03f238c8-48cb-426e-bb95-a099a61d138c",
          "status": "DONE",
          "shots": 2000,
          "created_at": "2025-12-22 19:30:57.446000+00:00",
          "ended_at": "2025-12-22 19:31:05.026000+00:00",
          "execution_time_seconds": 7.58,
          "counts": {
            "110100000000": 27,
            "001000000000": 34,
            "100000000000": 274,
            "101000000000": 384,
            "111000000000": 334,
            "101100000000": 200,
            "001100000000": 164,
            "000000000000": 22,
            "110000000000": 204,
            "011100000000": 96,
            "010000000000": 129,
            "110010000001": 2,
            "011000000000": 8,
            "010100000000": 4,
            "000100000001": 10,
            "001000000001": 4,
            "000100000000": 21,
            "011000000001": 8,
            "000000100000": 1,
            "100100000000": 27,
            "010110000000": 3,
            "010100000001": 5,
            "111100000000": 1,
            "010111000000": 1,
            "001010000001": 2,
            "000110000001": 3,
            "100111000000": 1,
            "000000000001": 8,
            "011111000001": 1,
            "001010000000": 2,
            "100110000000": 3,
            "000010000000": 2,
            "000110000000": 3,
            "110000000001": 1,
            "110011010001": 1,
            "011110110101": 1,
            "101110100001": 1,
            "001100100111": 1,
            "000010000001": 1,
            "010000110111": 1,
            "010101000001": 1,
            "011010000001": 1,
            "000110100001": 1,
            "101111000000": 1,
            "011100000001": 1
          },
          "component_probability": 0.018518518518518517,
          "success_rate": 0.027
        },
        {
          "basis_state": 5,
          "task_id": "arn:aws:braket:eu-west-2:380012739362:quantum-task/6c8afba6-4277-47f5-ad5e-62a13a028794",
          "status": "DONE",
          "shots": 2000,
          "created_at": "2025-12-22 19:31:01.948000+00:00",
          "ended_at": "2025-12-22 19:31:09.532000+00:00",
          "execution_time_seconds": 7.584,
          "counts": {
            "101000000000": 385,
            "010000000000": 119,
            "001100000000": 153,
            "011010000000": 2,
            "010100000000": 6,
            "110000000000": 189,
            "111000000000": 338,
            "101100000000": 220,
            "011100000000": 98,
            "100000000000": 271,
            "001000000001": 3,
            "110100000000": 33,
            "000110000001": 1,
            "001000000000": 25,
            "000000000000": 22,
            "100100000000": 20,
            "010001000000": 1,
            "100110000000": 1,
            "110000000001": 6,
            "000100000001": 13,
            "011000000000": 16,
            "000000000001": 6,
            "000100000000": 22,
            "001010000001": 1,
            "010100000001": 13,
            "110110000000": 3,
            "000111001000": 1,
            "010110000001": 3,
            "000010000000": 3,
            "100111000001": 2,
            "011000000001": 10,
            "101100000001": 2,
            "110100100100": 1,
            "111100000000": 5,
            "111000000001": 1,
            "001010010000": 1,
            "110010000001": 1,
            "000100100000": 1,
            "101101000000": 1,
            "001000100001": 1
          },
          "component_probability": 0.25396825396825395,
          "success_rate": 0.0315
        },
        {
          "basis_state": 6,
          "task_id": "arn:aws:braket:eu-west-2:380012739362:quantum-task/58642d85-d087-45ee-b730-1c4e2aad8a44",
          "status": "DONE",
          "shots": 2000,
          "created_at": "2025-12-22 19:31:06.494000+00:00",
          "ended_at": "2025-12-22 19:31:16.377000+00:00",
          "execution_time_seconds": 9.883,
          "counts": {
            "100000000000": 266,
            "101100000000": 212,
            "111000000000": 384,
            "101000000000": 359,
            "110100000000": 39,
            "110000000000": 172,
            "001100000000": 150,
            "000100000000": 28,
            "001000000000": 30,
            "010000000000": 121,
            "011100000000": 96,
            "011000000000": 15,
            "011000000001": 5,
            "100100000000": 22,
            "000000000000": 25,
            "010100000000": 8,
            "110000000001": 8,
            "000100000001": 10,
            "010110000001": 1,
            "100010100000": 1,
            "110110000001": 1,
            "110100000001": 1,
            "010101000001": 1,
            "101010100001": 1,
            "011011000000": 1,
            "001011000001": 1,
            "110010000000": 1,
            "001000000001": 4,
            "000010100001": 1,
            "000110000000": 5,
            "000000000001": 1,
            "000010000000": 1,
            "000110000001": 2,
            "001001000000": 1,
            "110110000000": 1,
            "010100000001": 6,
            "101000000001": 1,
            "011010100001": 1,
            "111000000001": 2,
            "001001000001": 1,
            "011010000001": 1,
            "100110000000": 1,
            "100101000000": 1,
            "110010000001": 1,
            "010110000000": 2,
            "110101000001": 1,
            "000101000000": 1,
            "000010000001": 1,
            "000101100001": 1,
            "100100000001": 1,
            "101111000000": 1,
            "010100001001": 1,
            "001010000001": 1
          },
          "component_probability": 0.125,
          "success_rate": 0.028
        },
        {
          "basis_state": 7,
          "task_id": "arn:aws:braket:eu-west-2:380012739362:quantum-task/a29aa2fe-99c1-48e2-8d1b-71e863e4de43",
          "status": "DONE",
          "shots": 2000,
          "created_at": "2025-12-22 19:31:11.366000+00:00",
          "ended_at": "2025-12-22 19:31:18.484000+00:00",
          "execution_time_seconds": 7.118,
          "counts": {
            "111000000000": 332,
            "101100000000": 215,
            "101000000000": 366,
            "110000000000": 211,
            "100000000000": 296,
            "001100000000": 145,
            "010000000000": 123,
            "000100000001": 15,
            "000100000000": 18,
            "001000000000": 29,
            "011100000000": 74,
            "110100000000": 29,
            "000000000001": 9,
            "100100000000": 33,
            "001000000001": 4,
            "010110000000": 5,
            "010100000000": 9,
            "011000000001": 4,
            "000000000000": 22,
            "110110100001": 1,
            "011000000000": 16,
            "010100000001": 7,
            "000110000000": 3,
            "010101000101": 1,
            "000011000000": 1,
            "110010000000": 1,
            "100110000000": 1,
            "011010000000": 1,
            "010110000001": 2,
            "111100000000": 1,
            "010101000000": 2,
            "110100000001": 2,
            "010110100000": 1,
            "011011000001": 1,
            "000010000000": 1,
            "011010000001": 1,
            "110000000001": 2,
            "101110000000": 1,
            "000111000000": 1,
            "000010000001": 3,
            "001011000001": 1,
            "011100000001": 1,
            "100100000001": 1,
            "100111000001": 1,
            "000110000001": 2,
            "111001011000": 1,
            "110011000001": 1,
            "001010000001": 1,
            "000110100001": 1,
            "011110000000": 1
          },
          "component_probability": 0.01639344262295082,
          "success_rate": 0.0305
        },
        {
          "basis_state": 8,
          "task_id": "arn:aws:braket:eu-west-2:380012739362:quantum-task/dc0adbc0-add2-4203-ad27-27df9e0207d1",
          "status": "DONE",
          "shots": 2000,
          "created_at": "2025-12-22 19:31:15.890000+00:00",
          "ended_at": "2025-12-22 19:31:25.707000+00:00",
          "execution_time_seconds": 9.817,
          "counts": {
            "010110000001": 1,
            "110000000000": 178,
            "101000000000": 330,
            "100000000000": 292,
            "111000000000": 356,
            "101100000000": 214,
            "000110000000": 2,
            "010000000000": 142,
            "011000000001": 5,
            "011100000000": 106,
            "001010000001": 2,
            "001000000000": 25,
            "001100000000": 155,
            "010111000000": 1,
            "000100000001": 11,
            "110000000001": 8,
            "110100000000": 31,
            "100111000001": 1,
            "000100000000": 18,
            "000000000000": 20,
            "100100000000": 24,
            "011000000000": 16,
            "000000000001": 8,
            "001010100001": 1,
            "111100000000": 3,
            "000011000001": 2,
            "000111000000": 1,
            "001000000001": 6,
            "011010000000": 1,
            "110010000000": 1,
            "011011100101": 1,
            "010100000001": 7,
            "000001100001": 1,
            "010100000000": 9,
            "101101000001": 1,
            "001100000001": 1,
            "100110000000": 2,
            "100111001001": 1,
            "110100000001": 1,
            "001011000001": 1,
            "011010000001": 1,
            "100110001101": 1,
            "110110000001": 1,
            "010111000001": 1,
            "110010000001": 1,
            "001010000000": 1,
            "100101000000": 1,
            "010100100000": 1,
            "100101110000": 1,
            "110001000001": 1,
            "000010000001": 2,
            "000010000000": 1,
            "100110000001": 1
          },
          "component_probability": 0.0,
          "success_rate": 0.034
        },
        {
          "basis_state": 9,
          "task_id": "arn:aws:braket:eu-west-2:380012739362:quantum-task/0fa3cdb3-4954-4f2b-8480-900025edf8cb",
          "status": "DONE",
          "shots": 2000,
          "created_at": "2025-12-22 19:31:20.324000+00:00",
          "ended_at": "2025-12-22 19:31:28.349000+00:00",
          "execution_time_seconds": 8.025,
          "counts": {
            "110000000000": 185,
            "101100000000": 230,
            "010000000000": 136,
            "011100000000": 83,
            "111000000000": 328,
            "001000000000": 26,
            "001010000001": 2,
            "100000000000": 279,
            "001000000001": 4,
            "101000000000": 362,
            "110000000001": 8,
            "001100000000": 174,
            "001010000000": 1,
            "000100000000": 17,
            "110100000000": 40,
            "100100000000": 25,
            "111100000000": 1,
            "011000000000": 12,
            "000100000001": 9,
            "011000000001": 10,
            "000000000000": 19,
            "010100000001": 4,
            "110100000001": 1,
            "110011000001": 1,
            "010111100001": 1,
            "000000000001": 6,
            "010110000001": 3,
            "010110000000": 3,
            "110111100001": 1,
            "110010000001": 1,
            "010100000000": 7,
            "010010000000": 1,
            "011010000001": 1,
            "010101000000": 2,
            "000010000000": 1,
            "001001000001": 1,
            "000110000001": 1,
            "011100100000": 1,
            "101111000001": 1,
            "000011100001": 1,
            "001011000001": 2,
            "100101000001": 1,
            "110010000000": 1,
            "010111000001": 2,
            "011010000000": 1,
            "000101000001": 1,
            "000001000001": 1,
            "000010000001": 1,
            "100100000001": 1
          },
          "component_probability": 0.03076923076923077,
          "success_rate": 0.0325
        },
        {
          "basis_state": 10,
          "task_id": "arn:aws:braket:eu-west-2:380012739362:quantum-task/4348ec7f-091b-401b-8668-214c0884bd91",
          "status": "DONE",
          "shots": 2000,
          "created_at": "2025-12-22 19:31:24.547000+00:00",
          "ended_at": "2025-12-22 19:31:31.931000+00:00",
          "execution_time_seconds": 7.384,
          "counts": {
            "101000000000": 375,
            "000110000000": 7,
            "010000000000": 120,
            "000100000000": 23,
            "111000000000": 351,
            "100000000000": 283,
            "101100000000": 202,
            "001100000000": 156,
            "110000000000": 170,
            "011000000000": 18,
            "001000000001": 5,
            "011100000000": 92,
            "110100000000": 33,
            "100100000000": 36,
            "010100000001": 8,
            "000000000000": 18,
            "000100001001": 1,
            "000101000000": 2,
            "110000000001": 7,
            "101111000001": 1,
            "010100000000": 13,
            "001000000000": 30,
            "010101000001": 1,
            "001010000001": 3,
            "010110000000": 3,
            "101000000001": 2,
            "011000000001": 6,
            "000100000001": 8,
            "100101000001": 1,
            "111101100001": 1,
            "000000000001": 6,
            "011000010001": 1,
            "100101110000": 1,
            "010111000001": 1,
            "010100100001": 1,
            "100111000001": 1,
            "101100000001": 2,
            "101100100000": 1,
            "111100000000": 1,
            "100101000000": 1,
            "010001000000": 1,
            "110100000001": 1,
            "000010000001": 1,
            "110011000000": 1,
            "111000000001": 1,
            "100011000001": 1,
            "000100010001": 1,
            "110110000000": 1
          },
          "component_probability": 0.03278688524590164,
          "success_rate": 0.0305
        },
        {
          "basis_state": 11,
          "task_id": "arn:aws:braket:eu-west-2:380012739362:quantum-task/4c48dbb4-3429-4c4e-a690-2d68163c54fb",
          "status": "DONE",
          "shots": 2000,
          "created_at": "2025-12-22 19:31:29.088000+00:00",
          "ended_at": "2025-12-22 19:31:36.732000+00:00",
          "execution_time_seconds": 7.644,
          "counts": {
            "000000000000": 22,
            "100000000000": 278,
            "110000000000": 194,
            "101100000000": 212,
            "011100000000": 80,
            "110000000001": 2,
            "010100000000": 4,
            "110100000000": 34,
            "010000000000": 110,
            "101000000000": 363,
            "001100000000": 173,
            "111000000000": 344,
            "100100000000": 32,
            "000000000001": 6,
            "000100000000": 25,
            "010101000000": 1,
            "011000000000": 14,
            "101100000001": 3,
            "011000000001": 10,
            "000100000001": 10,
            "001000000001": 4,
            "001000000000": 30,
            "101000000001": 2,
            "000110000000": 2,
            "111100000000": 1,
            "000001000001": 1,
            "110110000000": 1,
            "010110000000": 5,
            "010001000001": 2,
            "010111000001": 2,
            "110100000001": 1,
            "101110000000": 1,
            "010100000001": 3,
            "010110100000": 1,
            "110011000001": 1,
            "111000000001": 1,
            "001001000000": 1,
            "001010000000": 1,
            "000110000001": 2,
            "001010000001": 2,
            "100110000000": 1,
            "000010000000": 2,
            "110001000000": 1,
            "010001000000": 1,
            "000111000000": 2,
            "010100000100": 1,
            "101101000001": 1,
            "101100100001": 1,
            "000100100101": 1,
            "000111000001": 1,
            "110110000001": 1,
            "111010110100": 1,
            "100110000001": 1,
            "010101010001": 1,
            "011010000000": 1,
            "010110000001": 1,
            "000101000000": 1
          },
          "component_probability": 0.08333333333333333,
          "success_rate": 0.03
        },
        {
          "basis_state": 12,
          "task_id": "arn:aws:braket:eu-west-2:380012739362:quantum-task/8b406014-25a7-490b-9f62-887e42227bd3",
          "status": "DONE",
          "shots": 2000,
          "created_at": "2025-12-22 19:31:33.426000+00:00",
          "ended_at": "2025-12-22 19:31:43.158000+00:00",
          "execution_time_seconds": 9.732,
          "counts": {
            "101100000000": 193,
            "101000000000": 361,
            "110000000000": 199,
            "100000000000": 255,
            "111000000000": 366,
            "110100000000": 30,
            "001100000000": 165,
            "000010000000": 2,
            "010000000000": 121,
            "100100000000": 34,
            "011100000000": 99,
            "010100000001": 12,
            "101000000001": 3,
            "001000000000": 29,
            "000000000000": 26,
            "011001000001": 1,
            "011000000000": 15,
            "000100000001": 9,
            "000000000001": 9,
            "000100000000": 13,
            "110010000000": 4,
            "010110000001": 4,
            "011000000001": 4,
            "100110000000": 2,
            "111000000001": 2,
            "111100000000": 1,
            "110000000001": 2,
            "101001000000": 1,
            "110010000001": 2,
            "100111000000": 1,
            "000110000000": 6,
            "011010000001": 2,
            "010101000001": 2,
            "010110000000": 2,
            "000110000001": 1,
            "110100000001": 2,
            "000010000001": 1,
            "010100000000": 5,
            "111000011001": 1,
            "101100000001": 2,
            "001010000000": 1,
            "101111000001": 1,
            "000101100001": 1,
            "001001000000": 1,
            "100100000001": 1,
            "000010100000": 1,
            "100110000001": 1,
            "110110000000": 1,
            "001010000001": 1,
            "011100000001": 1,
            "001011000001": 1
          },
          "component_probability": 0.06060606060606061,
          "success_rate": 0.033
        },
        {
          "basis_state": 13,
          "task_id": "arn:aws:braket:eu-west-2:380012739362:quantum-task/e4b812cf-f7aa-4c70-b9c7-130ea69319b5",
          "status": "DONE",
          "shots": 2000,
          "created_at": "2025-12-22 19:31:37.749000+00:00",
          "ended_at": "2025-12-22 19:31:44.888000+00:00",
          "execution_time_seconds": 7.139,
          "counts": {
            "100000000000": 299,
            "111000000000": 362,
            "010000000000": 112,
            "101000000000": 316,
            "101100000000": 220,
            "001100000000": 165,
            "110000000000": 201,
            "011100000000": 87,
            "000100000000": 26,
            "100100000000": 33,
            "010100000001": 5,
            "110100000000": 27,
            "001000000000": 24,
            "110010000001": 4,
            "011000000000": 18,
            "110100000001": 2,
            "011010000000": 1,
            "000000000000": 20,
            "000110000001": 3,
            "011100000001": 1,
            "011000000001": 6,
            "000010000000": 1,
            "000100000001": 12,
            "100110000001": 3,
            "110000000001": 7,
            "110000100001": 2,
            "000110100001": 1,
            "101000000001": 1,
            "100101100001": 2,
            "000111100001": 1,
            "011001000000": 1,
            "101110001000": 1,
            "000000000001": 3,
            "001011000001": 2,
            "000010000001": 2,
            "010110000001": 3,
            "010100000000": 8,
            "111100000000": 5,
            "110010000000": 1,
            "000101000000": 1,
            "010111000001": 2,
            "101100000001": 1,
            "100110000000": 1,
            "001000000001": 2,
            "010101000001": 1,
            "101110000000": 1,
            "010110000000": 1,
            "001010000001": 1,
            "000110000000": 1
          },
          "component_probability": 0.029850746268656716,
          "success_rate": 0.0335
        },
        {
          "basis_state": 14,
          "task_id": "arn:aws:braket:eu-west-2:380012739362:quantum-task/d368206b-3635-4a86-ba3e-7910864fc886",
          "status": "DONE",
          "shots": 2000,
          "created_at": "2025-12-22 19:31:42.124000+00:00",
          "ended_at": "2025-12-22 19:31:50.091000+00:00",
          "execution_time_seconds": 7.967,
          "counts": {
            "111000000000": 357,
            "001100000000": 159,
            "101000000000": 376,
            "001000000000": 36,
            "010000000000": 114,
            "011000000001": 5,
            "101100000000": 238,
            "110000000000": 192,
            "011100000000": 94,
            "001010000000": 1,
            "100000000000": 239,
            "000100000001": 9,
            "000000000000": 23,
            "011000000000": 15,
            "101000000001": 3,
            "110100000000": 33,
            "000100000000": 25,
            "010100000001": 10,
            "000110000001": 2,
            "100100000000": 20,
            "001000000001": 6,
            "010110000001": 1,
            "110010000000": 3,
            "010101000000": 3,
            "011010000001": 1,
            "000100111110": 1,
            "000111000000": 1,
            "111100000000": 5,
            "001010010001": 1,
            "010100000000": 2,
            "110110000000": 1,
            "110100000001": 2,
            "010110000000": 3,
