{
  "problem_list": [
    {
      "A_matrix": [
        [
          0.15937853062696683,
          1.1318070857043367,
          1.0624187588200558,
          1.5617304147689703,
          1.0199139763806249,
          0.9582765533226513,
          0.5163423802102538,
          1.3061245899949556
        ],
        [
          1.1318070857043367,
          1.4668430785636448,
          1.4517233452632916,
          1.680360821536743,
          0.40546631924041066,
          0.9485583106038751,
          0.7680811943311259,
          0.27309526152626207
        ],
        [
          1.0624187588200558,
          1.4517233452632916,
          0.7468684368810417,
          0.9654943635782729,
          1.8158339938142753,
          1.6831324701242019,
          0.7447784674742699,
          1.6890156817373383
        ],
        [
          1.5617304147689703,
          1.680360821536743,
          0.9654943635782729,
          0.630227284426436,
          1.509011160163046,
          0.9286355330017588,
          0.6777825097293321,
          0.36644908382786345
        ],
        [
          1.0199139763806249,
          0.40546631924041066,
          1.8158339938142753,
          1.509011160163046,
          0.5520879978307267,
          0.20715806493573052,
          1.702146648000785,
          0.5879777041419324
        ],
        [
          0.9582765533226513,
          0.9485583106038751,
          1.6831324701242019,
          0.9286355330017588,
          0.20715806493573052,
          1.893851465384914,
          0.9791992690357962,
          0.9101066811758157
        ],
        [
          0.5163423802102538,
          0.7680811943311259,
          0.7447784674742699,
          0.6777825097293321,
          1.702146648000785,
          0.9791992690357962,
          0.9494338464546808,
          1.1365902063033317
        ],
        [
          1.3061245899949556,
          0.27309526152626207,
          1.6890156817373383,
          0.36644908382786345,
          0.5879777041419324,
          0.9101066811758157,
          1.1365902063033317,
          0.4968662557540615
        ]
      ],
      "b_vector": [
        0.172746521389991,
        0.4062298421454359,
        0.20864847391383828,
        0.38248329245825763,
        0.441884887312001,
        0.05431268677793399,
        0.4334788770907554,
        0.47874026523599306
      ]
    }
  ],
  "shots": 2000,
  "backend": "sv1",
  "device_arn": "SV1",
  "aws_region": "eu-west-2",
  "ideal_preprocessing_list": [
    [
      [
        -2.430142578115042,
        -1.5857257646828704,
        -0.349916038965909,
        -0.1310020366495674,
        0.29702130720519515,
        1.4121687984191376,
        1.4753526109738495,
        8.207800597737682
      ],
      [
        0.16972279111869581,
        0.17372070965289338,
        0.12108567005641308,
        0.19980599915865233,
        0.01573386625640022,
        0.28399045984778776,
        0.17066225090421297,
        0.881139814504005
      ]
    ]
  ],
  "probability_threshold": 0,
  "k_qubits": 4,
  "preprocessing_mode": "ideal",
  "projection_mode": "all_components",
  "projection_subset": null,
  "num_solution_qubits": 3,
  "num_projections": 8,
  "projector_basis_states": [
    0,
    1,
    2,
    3,
    4,
    5,
    6,
    7
  ],
  "enhanced_projection_results": [
    {
      "problem_index": 0,
      "projection_tasks": [
        {
          "basis_state": 0,
          "task_id": "arn:aws:braket:eu-west-2:380012739362:quantum-task/5c11d839-2046-4ba1-86d8-820bef51dfe5",
          "status": "DONE",
          "shots": 2000,
          "created_at": "2025-12-22 18:53:33.269000+00:00",
          "ended_at": "2025-12-22 18:53:35.816000+00:00",
          "execution_time_seconds": 2.547,
          "counts": {
            "11100000": 283,
            "10000000": 542,
            "01100000": 395,
            "10010000": 1,
            "11000000": 244,
            "01000000": 139,
            "00100000": 166,
            "11100001": 32,
            "11000001": 13,
            "00000000": 73,
            "10100001": 2,
            "10000001": 27,
            "10100000": 18,
            "00100001": 30,
            "01001101": 1,
            "00000001": 3,
            "10101110": 1,
            "11010000": 3,
            "01100001": 6,
            "11101001": 1,
            "01000001": 6,
            "00011110": 1,
            "01010000": 1,
            "11110000": 2,
            "00010101": 1,
            "01001001": 1,
            "10111001": 1,
            "01001010": 1,
            "01001000": 1,
            "11001100": 1,
            "11010001": 2,
            "00001101": 1,
            "00101010": 1
          },
          "component_probability": 0.03937007874015748,
          "success_rate": 0.0635
        },
        {
          "basis_state": 1,
          "task_id": "arn:aws:braket:eu-west-2:380012739362:quantum-task/a715a4d1-854d-4e1f-b1b8-050aa436ea4f",
          "status": "DONE",
          "shots": 2000,
          "created_at": "2025-12-22 18:53:34.866000+00:00",
          "ended_at": "2025-12-22 18:53:36.678000+00:00",
          "execution_time_seconds": 1.812,
          "counts": {
            "00100000": 179,
            "11100000": 274,
            "01100000": 409,
            "10000000": 611,
            "11000000": 216,
            "01000000": 111,
            "00000000": 59,
            "00010001": 1,
            "00000001": 3,
            "11111100": 1,
            "11000001": 5,
            "11100001": 20,
            "01100001": 6,
            "10100000": 24,
            "00100001": 27,
            "10000001": 26,
            "00101011": 2,
            "00010000": 1,
            "01010000": 4,
            "10010001": 1,
            "01000001": 5,
            "10101011": 1,
            "11110001": 1,
            "10010000": 1,
            "01001001": 3,
            "10101000": 1,
            "01110001": 1,
            "00101111": 1,
            "01001101": 1,
            "11010000": 1,
            "10001110": 1,
            "10001111": 1,
            "01001000": 1,
            "11001101": 1
          },
          "component_probability": 0.2830188679245283,
          "success_rate": 0.053
        },
        {
          "basis_state": 2,
          "task_id": "arn:aws:braket:eu-west-2:380012739362:quantum-task/581e84d5-9409-45bd-84df-4b4fa2e51b9e",
          "status": "DONE",
          "shots": 2000,
          "created_at": "2025-12-22 18:53:36.189000+00:00",
          "ended_at": "2025-12-22 18:53:38.317000+00:00",
          "execution_time_seconds": 2.128,
          "counts": {
            "00100001": 32,
            "10000000": 544,
            "10000001": 24,
            "11000000": 254,
            "01000001": 10,
            "11100000": 299,
            "01100000": 372,
            "01000000": 134,
            "11001111": 1,
            "00100000": 186,
            "11000001": 12,
            "11110001": 2,
            "11100001": 21,
            "10100000": 32,
            "00000000": 47,
            "11100101": 1,
            "11110000": 1,
            "01001001": 1,
            "01101110": 2,
            "10011011": 1,
            "01100001": 6,
            "00000001": 2,
            "10010001": 1,
            "01101111": 1,
            "00101010": 1,
            "01001100": 2,
            "11101110": 1,
            "00011001": 1,
            "10001110": 1,
            "11101001": 1,
            "00010000": 1,
            "01000110": 1,
            "01011010": 2,
            "11010001": 1,
            "10011001": 1,
            "10101110": 1
          },
          "component_probability": 0.09243697478991597,
          "success_rate": 0.0595
        },
        {
          "basis_state": 3,
          "task_id": "arn:aws:braket:eu-west-2:380012739362:quantum-task/934fd542-38f7-4788-bb43-18387305b666",
          "status": "DONE",
          "shots": 2000,
          "created_at": "2025-12-22 18:53:37.489000+00:00",
          "ended_at": "2025-12-22 18:53:39.472000+00:00",
          "execution_time_seconds": 1.983,
          "counts": {
            "00000000": 64,
            "11100000": 292,
            "10000000": 593,
            "01100000": 404,
            "11000000": 207,
            "00100000": 168,
            "01000000": 117,
            "00001010": 1,
            "10100000": 25,
            "10000001": 30,
            "01010001": 2,
            "01100001": 11,
            "11101010": 1,
            "11100001": 27,
            "10100001": 4,
            "00100001": 26,
            "10110000": 1,
            "10101010": 1,
            "01011001": 1,
            "00010000": 1,
            "11010000": 1,
            "01001100": 1,
            "11000001": 7,
            "01111000": 1,
            "11110000": 1,
            "00010001": 2,
            "11010001": 1,
            "11000100": 1,
            "00001110": 1,
            "11101011": 1,
            "00011110": 1,
            "00101110": 1,
            "10111000": 1,
            "11101000": 2,
            "11110001": 2
          },
          "component_probability": 0.09649122807017543,
          "success_rate": 0.057
        },
        {
          "basis_state": 4,
          "task_id": "arn:aws:braket:eu-west-2:380012739362:quantum-task/30144eba-054c-4dbf-bfe5-af045093ed09",
          "status": "DONE",
          "shots": 2000,
          "created_at": "2025-12-22 18:53:38.898000+00:00",
          "ended_at": "2025-12-22 18:53:40.954000+00:00",
          "execution_time_seconds": 2.056,
          "counts": {
            "11000000": 217,
            "10000000": 555,
            "00100000": 153,
            "01000000": 136,
            "01100000": 413,
            "11100000": 311,
            "00100001": 23,
            "00000000": 79,
            "10000001": 26,
            "11100001": 24,
            "01100001": 6,
            "10100000": 28,
            "01001111": 1,
            "10010000": 1,
            "01001000": 2,
            "11010000": 1,
            "01000001": 7,
            "11000001": 5,
            "00000001": 3,
            "01000101": 1,
            "11110001": 2,
            "00011011": 1,
            "00010000": 1,
            "10011001": 1,
            "10100001": 1,
            "01101110": 1,
            "10001110": 1
          },
          "component_probability": 0.26732673267326734,
          "success_rate": 0.0505
        },
        {
          "basis_state": 5,
          "task_id": "arn:aws:braket:eu-west-2:380012739362:quantum-task/3ba26bc1-b940-4c51-a82b-5e12918d5f10",
          "status": "DONE",
          "shots": 2000,
          "created_at": "2025-12-22 18:53:40.419000+00:00",
          "ended_at": "2025-12-22 18:53:42.515000+00:00",
          "execution_time_seconds": 2.096,
          "counts": {
            "00100000": 168,
            "11100000": 285,
            "01100000": 372,
            "10000000": 569,
            "11100001": 22,
            "11101111": 1,
            "01000000": 130,
            "11000000": 246,
            "10000001": 35,
            "00100001": 24,
            "00000001": 3,
            "01011111": 1,
            "00000000": 52,
            "01010001": 3,
            "01100001": 6,
            "11000001": 11,
            "11100101": 2,
            "01000001": 14,
            "10100000": 31,
            "01101110": 1,
            "10101110": 2,
            "01110111": 2,
            "11001110": 1,
            "11101011": 1,
            "10001110": 1,
            "10010001": 3,
            "00101110": 1,
            "00000100": 1,
            "10010000": 1,
            "10100001": 2,
            "01011010": 1,
            "00010000": 1,
            "11110000": 2,
            "11010000": 1,
            "10101000": 1,
            "01010100": 1,
            "01001001": 1,
            "10001001": 1
          },
          "component_probability": 0.015151515151515152,
          "success_rate": 0.066
        },
        {
          "basis_state": 6,
          "task_id": "arn:aws:braket:eu-west-2:380012739362:quantum-task/1c4b02d2-70a5-458c-bba6-aa3b9ac39f91",
          "status": "DONE",
          "shots": 2000,
          "created_at": "2025-12-22 18:53:41.795000+00:00",
          "ended_at": "2025-12-22 18:53:43.753000+00:00",
          "execution_time_seconds": 1.958,
          "counts": {
            "01100000": 423,
            "11100000": 290,
            "00100001": 25,
            "00100000": 152,
            "10000000": 574,
            "01000000": 138,
            "11000000": 202,
            "01100001": 11,
            "00000000": 70,
            "11100001": 24,
            "10100000": 20,
            "00010000": 1,
            "10000001": 29,
            "11101101": 1,
            "01000001": 13,
            "00110000": 1,
            "11000001": 5,
            "11101000": 1,
            "10101010": 1,
            "01001001": 2,
            "11110000": 2,
            "10001111": 1,
            "01101100": 1,
            "00000001": 2,
            "01001000": 2,
            "00001101": 1,
            "10010001": 1,
            "10001101": 1,
            "11101010": 1,
            "10100001": 1,
            "01011010": 1,
            "01000111": 1,
            "10010000": 1,
            "10101110": 1
          },
          "component_probability": 0.0423728813559322,
          "success_rate": 0.059
        },
        {
          "basis_state": 7,
          "task_id": "arn:aws:braket:eu-west-2:380012739362:quantum-task/6d4673b4-592b-42e3-b2ad-f7526c6d82f8",
          "status": "DONE",
          "shots": 2000,
          "created_at": "2025-12-22 18:53:43.044000+00:00",
          "ended_at": "2025-12-22 18:53:44.873000+00:00",
          "execution_time_seconds": 1.829,
          "counts": {
            "00000000": 60,
            "11100000": 294,
            "10000000": 515,
            "00010000": 4,
            "00100000": 166,
            "00100001": 23,
            "11000000": 237,
            "01100000": 440,
            "01000000": 121,
            "10100000": 33,
            "11100001": 22,
            "10000001": 38,
            "11110001": 1,
            "01101100": 1,
            "10010000": 1,
            "01000001": 8,
            "10101011": 2,
            "11000001": 6,
            "00110000": 3,
            "01001000": 1,
            "01011011": 1,
            "11101000": 1,
            "11110000": 4,
            "10110010": 1,
            "01110001": 2,
            "11111101": 1,
            "10100001": 1,
            "10101110": 2,
            "00010001": 1,
            "01011001": 2,
            "01001100": 1,
            "10001110": 3,
            "00001110": 1,
            "11101010": 1,
            "00000001": 2
          },
          "component_probability": 0.21818181818181817,
          "success_rate": 0.055
        }
      ],
      "depth": 1363,
      "num_projections": 8,
      "ideal_solution": [
        {
          "real": 0.14413016165858986,
          "imag": 0.0
        },
        {
          "real": -0.5342040663566419,
          "imag": 0.0
        },
        {
          "real": 0.06989379986135305,
          "imag": 0.0
        },
        {
          "real": 0.3944038597801772,
          "imag": 0.0
        },
        {
          "real": 0.46175806230564853,
          "imag": 0.0
        },
        {
          "real": 0.2478818018759262,
          "imag": 0.0
        },
        {
          "real": -0.2463548826095826,
          "imag": 0.0
        },
        {
          "real": -0.44503521223452913,
          "imag": 0.0
        }
      ],
      "reconstructed_solution_probabilities": [
        0.03734061281578788,
        0.2684296883550034,
        0.08767199345152213,
        0.09151725632220291,
        0.2535464581095775,
        0.01437047826546988,
        0.04018862565767,
        0.20693488702276627
      ],
      "fidelity": 0.9190925777501053,
      "metadata": {
        "measured_components": [
          0,
          1,
          2,
          3,
          4,
          5,
          6,
          7
        ],
        "success_rates": [
          0.0635,
          0.053,
          0.0595,
          0.057,
          0.0505,
          0.066,
          0.059,
          0.055
        ],
        "raw_probabilities": [
          0.03937007874015748,
          0.2830188679245283,
          0.09243697478991597,
          0.09649122807017543,
          0.26732673267326734,
          0.015151515151515152,
          0.0423728813559322,
          0.21818181818181817
        ],
        "average_success_rate": 0.057937499999999996,
        "total_probability": 1.05435009688731
      },
      "total_problem_time_seconds": 11.604,
      "first_created_at": "2025-12-22 18:53:33.269000+00:00",
      "last_ended_at": "2025-12-22 18:53:44.873000+00:00"
    }
  ]
}