{
  "problem_list": [
    {
      "A_matrix": [
        [
          1.5048060806349541,
          0.8899204560739307,
          1.6631357190844371,
          0.04468675937743283,
          1.2849319937121044,
          0.46851152806818597,
          0.8323799768470804,
          0.9302228741165505,
          0.5618926036917316,
          0.8983562929895569,
          1.4554417642426785,
          0.8877485919348282,
          0.9323878110301058,
          0.6166227905762377,
          0.9903629999523679,
          1.6882066730148593
        ],
        [
          0.8899204560739307,
          1.4378334023944155,
          0.5294795843740104,
          0.26667445180012683,
          1.7711354258521352,
          0.5000105292441257,
          0.2555495963409632,
          0.4057936576341862,
          1.6132346390991072,
          1.2546263965385172,
          0.6222284241085864,
          1.0326437195579778,
          1.2876389735261848,
          0.23942855230991933,
          1.2486574173159546,
          1.5582105814064975
        ],
        [
          1.6631357190844371,
          0.5294795843740104,
          1.0335998209982664,
          0.9860218845527148,
          1.3514826232204253,
          1.4415162938871116,
          0.4129851855574992,
          1.8231514356336276,
          1.217634692978868,
          1.330660462905413,
          1.921184426242971,
          0.5001216406891145,
          1.3365103608488016,
          0.5077090903516226,
          0.45856423909847954,
          1.4237327521526875
        ],
        [
          0.04468675937743283,
          0.26667445180012683,
          0.9860218845527148,
          0.22551355972993248,
          1.8462568966024713,
          0.8091471094524254,
          1.05585858746803,
          0.18505145848672122,
          1.5092945581123567,
          0.9330853854148007,
          1.4052761603565203,
          0.8178288505884895,
          0.705854391429586,
          1.4099936115390284,
          1.4204080740024603,
          0.22708748967470593
        ],
        [
          1.2849319937121044,
          1.7711354258521352,
          1.3514826232204253,
          1.8462568966024713,
          0.9140350215510995,
          0.6471588513930785,
          0.18243369841444723,
          1.4732832068518837,
          0.24184699463509585,
          0.4636450758910988,
          1.2927200243446642,
          1.4223886328103383,
          0.26421166211325486,
          0.1562734734412513,
          1.2919411651075443,
          0.9297228345865519
        ],
        [
          0.46851152806818597,
          0.5000105292441257,
          1.4415162938871116,
          0.8091471094524254,
          0.6471588513930785,
          0.7177938942935729,
          1.3510970719543014,
          1.18641688832324,
          0.9794693130752894,
          1.0982725598602952,
          1.5260801762286405,
          0.9019369585760162,
          1.4084966662315457,
          0.29724958185682526,
          1.0251865344631779,
          0.8640877555110777
        ],
        [
          0.8323799768470804,
          0.2555495963409632,
          0.4129851855574992,
          1.05585858746803,
          0.18243369841444723,
          1.3510970719543014,
          1.7067541008364373,
          0.578832916782705,
          1.659032908241013,
          0.3991444952258709,
          0.3484052910898243,
          0.426291844138051,
          1.6761679797625328,
          1.2179508467258886,
          1.901608515980318,
          1.0898749578757612
        ],
        [
          0.9302228741165505,
          0.4057936576341862,
          1.8231514356336276,
          0.18505145848672122,
          1.4732832068518837,
          1.18641688832324,
          0.578832916782705,
          0.170360793156084,
          1.3137624814650986,
          1.1136968512921874,
          0.10965281712886499,
          1.3747714340022437,
          1.5604661689161043,
          0.9038131256108889,
          1.1414494942744078,
          0.9387711555226097
        ],
        [
          0.5618926036917316,
          1.6132346390991072,
          1.217634692978868,
          1.5092945581123567,
          0.24184699463509585,
          0.9794693130752894,
          1.659032908241013,
          1.3137624814650986,
          0.6837447226475954,
          0.6044530975546365,
          1.1630661441000543,
          1.2435988728257286,
          0.6066003951040936,
          0.3095144191796473,
          1.0094129822894211,
          1.4064034975624855
        ],
        [
          0.8983562929895569,
          1.2546263965385172,
          1.330660462905413,
          0.9330853854148007,
          0.4636450758910988,
          1.0982725598602952,
          0.3991444952258709,
          1.1136968512921874,
          0.6044530975546365,
          1.4444752459680226,
          0.4582212770434828,
          0.8121376351864683,
          1.085910913677153,
          0.3511879974052441,
          1.5013260684204606,
          0.8731197245775625
        ],
        [
          1.4554417642426785,
          0.6222284241085864,
          1.921184426242971,
          1.4052761603565203,
          1.2927200243446642,
          1.5260801762286405,
          0.3484052910898243,
          0.10965281712886499,
          1.1630661441000543,
          0.4582212770434828,
          1.7668543930854306,
          1.383058632550713,
          1.109396477962986,
          1.265535444238394,
          1.330693457680817,
          0.5135494582476431
        ],
        [
          0.8877485919348282,
          1.0326437195579778,
          0.5001216406891145,
          0.8178288505884895,
          1.4223886328103383,
          0.9019369585760162,
          0.426291844138051,
          1.3747714340022437,
          1.2435988728257286,
          0.8121376351864683,
          1.383058632550713,
          1.4097278825556463,
          1.421858149480891,
          0.4639203791484656,
          0.9471907019341614,
          1.0497070397998043
        ],
        [
          0.9323878110301058,
          1.2876389735261848,
          1.3365103608488016,
          0.705854391429586,
          0.26421166211325486,
          1.4084966662315457,
          1.6761679797625328,
          1.5604661689161043,
          0.6066003951040936,
          1.085910913677153,
          1.109396477962986,
          1.421858149480891,
          0.6949539329257528,
          0.4368672042759826,
          1.3940058355156384,
          1.084836704450474
        ],
        [
          0.6166227905762377,
          0.23942855230991933,
          0.5077090903516226,
          1.4099936115390284,
          0.1562734734412513,
          0.29724958185682526,
          1.2179508467258886,
          0.9038131256108889,
          0.3095144191796473,
          0.3511879974052441,
          1.265535444238394,
          0.4639203791484656,
          0.4368672042759826,
          1.033660343433959,
          1.0910827199840831,
          1.3694479434417708
        ],
        [
          0.9903629999523679,
          1.2486574173159546,
          0.45856423909847954,
          1.4204080740024603,
          1.2919411651075443,
          1.0251865344631779,
          1.901608515980318,
          1.1414494942744078,
          1.0094129822894211,
          1.5013260684204606,
          1.330693457680817,
          0.9471907019341614,
          1.3940058355156384,
          1.0910827199840831,
          1.3561594513916464,
          1.3130887315547195
        ],
        [
          1.6882066730148593,
          1.5582105814064975,
          1.4237327521526875,
          0.22708748967470593,
          0.9297228345865519,
          0.8640877555110777,
          1.0898749578757612,
          0.9387711555226097,
          1.4064034975624855,
          0.8731197245775625,
          0.5135494582476431,
          1.0497070397998043,
          1.084836704450474,
          1.3694479434417708,
          1.3130887315547195,
          0.5116262393623101
        ]
      ],
      "b_vector": [
        0.024221264071059852,
        0.08751297663772123,
        0.15195478749606056,
        0.08482411393602635,
        0.35752078379451313,
        0.19336303659124268,
        0.07302565044781736,
        0.3954994653965438,
        0.426348458445947,
        0.10137977756485686,
        0.2989606518173378,
        0.19351306358355247,
        0.04278414646861968,
        0.44637114701957964,
        0.31151175315728036,
        0.1323388573136103
      ]
    }
  ],
  "shots": 2000,
  "backend": "sv1",
  "device_arn": "SV1",
  "aws_region": "eu-west-2",
  "ideal_preprocessing_list": [
    [
      [
        -3.6374254296857895,
        -2.440891964310417,
        -1.8710841954319868,
        -1.4134199268509433,
        -0.8868151832752835,
        -0.7662750105947274,
        -0.23684398292974607,
        0.39264975640243244,
        0.5956887282631592,
        0.7317198708272985,
        1.1003251964869178,
        1.5802885870831436,
        1.9284535355052381,
        2.4370455747320854,
        3.1076154612013367,
        15.990867867542411
      ],
      [
        0.17898736092894973,
        0.1002672931415035,
        0.060833178375720616,
        0.21456043194235871,
        0.22917576813256732,
        0.15856696833513223,
        0.049468100906591914,
        0.10294990971637491,
        0.26246324444224894,
        0.14633852497756852,
        0.006599673596073767,
        0.0038974121304392456,
        0.1529077743382194,
        0.17695788870478626,
        0.04218093825517677,
        0.8189185365312347
      ]
    ]
  ],
  "probability_threshold": 0,
  "k_qubits": 5,
  "preprocessing_mode": "ideal",
  "projection_mode": "all_components",
  "projection_subset": null,
  "num_solution_qubits": 4,
  "num_projections": 16,
  "projector_basis_states": [
    0,
    1,
    2,
    3,
    4,
    5,
    6,
    7,
    8,
    9,
    10,
    11,
    12,
    13,
    14,
    15
  ],
  "enhanced_projection_results": [
    {
      "problem_index": 0,
      "projection_tasks": [
        {
          "basis_state": 0,
          "task_id": "arn:aws:braket:eu-west-2:380012739362:quantum-task/078200c4-5436-439f-8bfa-26a618a2567f",
          "shots": 2000,
          "projector_index": 0
        },
        {
          "basis_state": 1,
          "task_id": "arn:aws:braket:eu-west-2:380012739362:quantum-task/1c6517f8-1187-41b0-baaf-9c2174c5b9fd",
          "shots": 2000,
          "projector_index": 1
        },
        {
          "basis_state": 2,
          "task_id": "arn:aws:braket:eu-west-2:380012739362:quantum-task/8db7e5b8-54d2-4def-b92b-636fb3e1012a",
          "shots": 2000,
          "projector_index": 2
        },
        {
          "basis_state": 3,
          "task_id": "arn:aws:braket:eu-west-2:380012739362:quantum-task/0fbd41e7-dd4b-4da7-8aa9-75dfe5c9f81d",
          "shots": 2000,
          "projector_index": 3
        },
        {
          "basis_state": 4,
          "task_id": "arn:aws:braket:eu-west-2:380012739362:quantum-task/7843b390-fe7a-4b7e-9710-0d9feafb6a5e",
          "shots": 2000,
          "projector_index": 4
        },
        {
          "basis_state": 5,
          "task_id": "arn:aws:braket:eu-west-2:380012739362:quantum-task/ef90c323-02be-428c-a398-be8301dd0ecc",
          "shots": 2000,
          "projector_index": 5
        },
        {
          "basis_state": 6,
          "task_id": "arn:aws:braket:eu-west-2:380012739362:quantum-task/fe523b78-6e15-4baf-95a9-d82ab3b7e823",
          "shots": 2000,
          "projector_index": 6
        },
        {
          "basis_state": 7,
          "task_id": "arn:aws:braket:eu-west-2:380012739362:quantum-task/5aaf0e7c-cdf7-4efb-bd14-1190ac9bbae4",
          "shots": 2000,
          "projector_index": 7
        },
        {
          "basis_state": 8,
          "task_id": "arn:aws:braket:eu-west-2:380012739362:quantum-task/301e649b-912c-42b5-9c81-8f69cf47bd94",
          "shots": 2000,
          "projector_index": 8
        },
        {
          "basis_state": 9,
          "task_id": "arn:aws:braket:eu-west-2:380012739362:quantum-task/6a041963-9dd4-4175-9cd0-e8e05cb181c8",
          "shots": 2000,
          "projector_index": 9
        },
        {
          "basis_state": 10,
          "task_id": "arn:aws:braket:eu-west-2:380012739362:quantum-task/ecf96592-edbb-452e-9483-915c7fc97d48",
          "shots": 2000,
          "projector_index": 10
        },
        {
          "basis_state": 11,
          "task_id": "arn:aws:braket:eu-west-2:380012739362:quantum-task/4c5b039f-3a07-492c-92fe-9e9f7daf0fd6",
          "shots": 2000,
          "projector_index": 11
        },
        {
          "basis_state": 12,
          "task_id": "arn:aws:braket:eu-west-2:380012739362:quantum-task/b31b641c-3a7d-4fb4-98b5-177fba08ba7c",
          "shots": 2000,
          "projector_index": 12
        },
        {
          "basis_state": 13,
          "task_id": "arn:aws:braket:eu-west-2:380012739362:quantum-task/2640e58d-b1ca-44ea-afaa-35ae588efc3d",
          "shots": 2000,
          "projector_index": 13
        },
        {
          "basis_state": 14,
          "task_id": "arn:aws:braket:eu-west-2:380012739362:quantum-task/a838278b-07e3-4e04-a262-0847ae6fe54c",
          "shots": 2000,
          "projector_index": 14
        },
        {
          "basis_state": 15,
          "task_id": "arn:aws:braket:eu-west-2:380012739362:quantum-task/a3866ef4-a62d-4745-801a-4ae52ac6eec4",
          "shots": 2000,
          "projector_index": 15
        }
      ],
      "depth": 7236,
      "num_projections": 16,
      "ideal_solution": [
        {
          "real": -0.12357859042913066,
          "imag": 0.0
        },
        {
          "real": -0.1512702533997763,
          "imag": 0.0
        },
        {
          "real": 0.18443610385592843,
          "imag": 0.0
        },
        {
          "real": 0.4954204190189674,
          "imag": 0.0
        },
        {
          "real": -0.022358228183463922,
          "imag": 0.0
        },
        {
          "real": -0.30019928014715513,
          "imag": 0.0
        },
        {
          "real": -0.023801030196416217,
          "imag": 0.0
        },
        {
          "real": 0.054185633486881504,
          "imag": 0.0
        },
        {
          "real": 0.1873365589904749,
          "imag": 0.0
        },
        {
          "real": 0.15219038717061592,
          "imag": 0.0
        },
        {
          "real": -0.2695127892687365,
          "imag": 0.0
        },
        {
          "real": 0.3456344129341537,
          "imag": 0.0
        },
        {
          "real": -0.09666824750015844,
          "imag": 0.0
        },
        {
          "real": 0.3361118586253332,
          "imag": 0.0
        },
        {
          "real": -0.4257601886424848,
          "imag": 0.0
        },
        {
          "real": 0.18525831498957313,
          "imag": 0.0
        }
      ]
    }
  ]
}