{
  "problem_list": [
    {
      "A_matrix": [
        [
          0.8373271365500108,
          1.7111839723454119,
          1.4420393614916396,
          0.04945528899283569,
          1.1334786164751707,
          1.3157788504810508,
          1.5721552153263674,
          1.211121360097745,
          0.9557997550938593,
          0.44754814726314995,
          0.5789233823400363,
          0.7927678958923184,
          0.7335304180697629,
          1.1169459871836165,
          1.3788823202413718,
          1.6092346737444228
        ],
        [
          1.7111839723454119,
          0.6251424813583155,
          1.0304237532749427,
          1.9625365757798623,
          0.3316688330575326,
          0.7293336854978505,
          0.5037593710482118,
          1.2871924949635596,
          0.4306440509214986,
          0.8900083608008221,
          1.5207478464737807,
          1.0135623177531201,
          1.2278747146147693,
          0.72485282501739,
          1.0207851744969434,
          0.5406432922951103
        ],
        [
          1.4420393614916396,
          1.0304237532749427,
          0.44049542734194547,
          0.4369994393448592,
          0.4790175774690226,
          0.736261975647593,
          1.2107612594237156,
          1.181693833500574,
          1.8032295122520634,
          1.010361978514171,
          1.3563240974159174,
          0.9473821268838202,
          0.8606637710534458,
          0.35715252562001765,
          1.1741460025494956,
          1.0769012117231516
        ],
        [
          0.04945528899283569,
          1.9625365757798623,
          0.4369994393448592,
          1.0509308356809424,
          0.9692814301106174,
          0.8172017969038423,
          1.0308114161237056,
          0.790159525816121,
          0.9681153177190847,
          1.4293165201804547,
          1.1133822496206824,
          1.1042101825743407,
          1.0951791963209603,
          1.6503983090892373,
          0.9415317381282217,
          1.2452058655801115
        ],
        [
          1.1334786164751707,
          0.3316688330575326,
          0.4790175774690226,
          0.9692814301106174,
          0.8846212201212851,
          1.025309107232589,
          0.8765863733501483,
          1.379816206874818,
          1.6323462036339091,
          1.5468657747469448,
          1.1197119243678344,
          0.8889447677491537,
          0.9404258065060294,
          1.2529489598101753,
          0.9351847625323337,
          0.924986905278572
        ],
        [
          1.3157788504810508,
          0.7293336854978505,
          0.736261975647593,
          0.8172017969038423,
          1.025309107232589,
          0.9496095327532339,
          1.4961707972044704,
          0.17091590157928627,
          0.33005295929028433,
          1.1501431364863395,
          1.3447668629610416,
          0.5004774631681848,
          1.7784720606720845,
          0.32466889535636256,
          0.6168800538977601,
          1.3070916439843876
        ],
        [
          1.5721552153263674,
          0.5037593710482118,
          1.2107612594237156,
          1.0308114161237056,
          0.8765863733501483,
          1.4961707972044704,
          1.9201820324921886,
          0.8882848485834441,
          0.9658298416098465,
          1.4775211030716682,
          1.180228351976612,
          0.9521519267398895,
          0.755704245875378,
          1.2697621018167116,
          0.7088892745032505,
          1.3476426538506985
        ],
        [
          1.211121360097745,
          1.2871924949635596,
          1.181693833500574,
          0.790159525816121,
          1.379816206874818,
          0.17091590157928627,
          0.8882848485834441,
          0.8389535375583002,
          0.3917981048159235,
          1.1585803182745802,
          0.7080783431223142,
          1.4435959183677254,
          0.8506477803308679,
          0.23059557057898072,
          0.3681932378634325,
          0.9902242102744131
        ],
        [
          0.9557997550938593,
          0.4306440509214986,
          1.8032295122520634,
          0.9681153177190847,
          1.6323462036339091,
          0.33005295929028433,
          0.9658298416098465,
          0.3917981048159235,
          1.558058758273463,
          1.25707004068816,
          0.4163244660734451,
          0.9850845936676337,
          0.5739259609491851,
          0.7602622432218635,
          0.8756373250702538,
          0.3033599874896189
        ],
        [
          0.44754814726314995,
          0.8900083608008221,
          1.010361978514171,
          1.4293165201804547,
          1.5468657747469448,
          1.1501431364863395,
          1.4775211030716682,
          1.1585803182745802,
          1.25707004068816,
          0.6500941348059992,
          0.6926641365850724,
          1.0552906119150236,
          1.152369512198149,
          0.7774954529050557,
          0.18235922196866472,
          0.6171284104452357
        ],
        [
          0.5789233823400363,
          1.5207478464737807,
          1.3563240974159174,
          1.1133822496206824,
          1.1197119243678344,
          1.3447668629610416,
          1.180228351976612,
          0.7080783431223142,
          0.4163244660734451,
          0.6926641365850724,
          1.807489083459933,
          0.8059738249627189,
          0.7581051875765601,
          1.429361256428367,
          0.45143523467817415,
          0.7874422251037121
        ],
        [
          0.7927678958923184,
          1.0135623177531201,
          0.9473821268838202,
          1.1042101825743407,
          0.8889447677491537,
          0.5004774631681848,
          0.9521519267398895,
          1.4435959183677254,
          0.9850845936676337,
          1.0552906119150236,
          0.8059738249627189,
          0.1853482803799018,
          1.826122626588517,
          1.312896702347747,
          0.9407128374121072,
          1.2986268325262804
        ],
        [
          0.7335304180697629,
          1.2278747146147693,
          0.8606637710534458,
          1.0951791963209603,
          0.9404258065060294,
          1.7784720606720845,
          0.755704245875378,
          0.8506477803308679,
          0.5739259609491851,
          1.152369512198149,
          0.7581051875765601,
          1.826122626588517,
          0.7359703483758497,
          0.7372535398303164,
          1.1898174947377753,
          0.863129208330805
        ],
        [
          1.1169459871836165,
          0.72485282501739,
          0.35715252562001765,
          1.6503983090892373,
          1.2529489598101753,
          0.32466889535636256,
          1.2697621018167116,
          0.23059557057898072,
          0.7602622432218635,
          0.7774954529050557,
          1.429361256428367,
          1.312896702347747,
          0.7372535398303164,
          1.6972849257607798,
          1.3466391254590295,
          1.4801236657577563
        ],
        [
          1.3788823202413718,
          1.0207851744969434,
          1.1741460025494956,
          0.9415317381282217,
          0.9351847625323337,
          0.6168800538977601,
          0.7088892745032505,
          0.3681932378634325,
          0.8756373250702538,
          0.18235922196866472,
          0.45143523467817415,
          0.9407128374121072,
          1.1898174947377753,
          1.3466391254590295,
          0.17685812192297612,
          0.521461674952132
        ],
        [
          1.6092346737444228,
          0.5406432922951103,
          1.0769012117231516,
          1.2452058655801115,
          0.924986905278572,
          1.3070916439843876,
          1.3476426538506985,
          0.9902242102744131,
          0.3033599874896189,
          0.6171284104452357,
          0.7874422251037121,
          1.2986268325262804,
          0.863129208330805,
          1.4801236657577563,
          0.521461674952132,
          1.0943441361947455
        ]
      ],
      "b_vector": [
        0.34411896783948503,
        0.323295506540734,
        0.27297578244181997,
        0.06511882682331463,
        0.313033852689082,
        0.17213642546071165,
        0.11203906255608213,
        0.3485141061624811,
        0.10544030152467779,
        0.27324398787570253,
        0.4099767711420576,
        0.2294918961461778,
        0.2478358661278919,
        0.151221563181934,
        0.1426643012986543,
        0.1596835572011059
      ]
    }
  ],
  "shots": 2000,
  "backend": "sv1",
  "device_arn": "SV1",
  "aws_region": "eu-west-2",
  "ideal_preprocessing_list": [
    [
      [
        -2.5864477939484516,
        -2.364472628954655,
        -1.9339524172162743,
        -1.7888444911359114,
        -1.1685748995124046,
        -0.9885008450239318,
        -0.11607001336701106,
        0.05647792789533836,
        0.509909617807414,
        0.9792688835254356,
        1.2700848071025628,
        1.590449597998981,
        1.8164469535878567,
        2.0679180707188585,
        2.3364131616619592,
        15.772604061890112
      ],
      [
        0.01351549514570119,
        0.00968795860141547,
        0.023592878272602147,
        0.04846517245342652,
        0.03701707169544625,
        0.1035853446424271,
        0.06929282120370296,
        0.03255653944320641,
        0.22720948087929171,
        0.1134048177109003,
        0.13052677657045111,
        0.04628457657957555,
        0.23302749696595346,
        0.07681030565035837,
        0.019468489657157292,
        0.9135706900137187
      ]
    ]
  ],
  "probability_threshold": 0,
  "k_qubits": 3,
  "preprocessing_mode": "ideal",
  "projection_mode": "all_components",
  "projection_subset": null,
  "num_solution_qubits": 4,
  "num_projections": 16,
  "projector_basis_states": [
    0,
    1,
    2,
    3,
    4,
    5,
    6,
    7,
    8,
    9,
    10,
    11,
    12,
    13,
    14,
    15
  ],
  "enhanced_projection_results": [
    {
      "problem_index": 0,
      "projection_tasks": [
        {
          "basis_state": 0,
          "task_id": "arn:aws:braket:eu-west-2:380012739362:quantum-task/f93888b1-6ed9-4922-a56f-0bfaf1b42953",
          "shots": 2000,
          "projector_index": 0
        },
        {
          "basis_state": 1,
          "task_id": "arn:aws:braket:eu-west-2:380012739362:quantum-task/9cebc069-6c59-4abb-940a-49ed89f91531",
          "shots": 2000,
          "projector_index": 1
        },
        {
          "basis_state": 2,
          "task_id": "arn:aws:braket:eu-west-2:380012739362:quantum-task/af6ba76e-d762-48cf-bd3d-f6b7033e154a",
          "shots": 2000,
          "projector_index": 2
        },
        {
          "basis_state": 3,
          "task_id": "arn:aws:braket:eu-west-2:380012739362:quantum-task/670ee43c-608c-442e-addb-382c2d66d72d",
          "shots": 2000,
          "projector_index": 3
        },
        {
          "basis_state": 4,
          "task_id": "arn:aws:braket:eu-west-2:380012739362:quantum-task/471e27a0-79c5-41df-8e74-675810b9a020",
          "shots": 2000,
          "projector_index": 4
        },
        {
          "basis_state": 5,
          "task_id": "arn:aws:braket:eu-west-2:380012739362:quantum-task/c3badd29-63da-4966-a34e-c6fc0b9e4d00",
          "shots": 2000,
          "projector_index": 5
        },
        {
          "basis_state": 6,
          "task_id": "arn:aws:braket:eu-west-2:380012739362:quantum-task/d96e9472-2772-4fdf-97f5-6ddb56b50c0d",
          "shots": 2000,
          "projector_index": 6
        },
        {
          "basis_state": 7,
          "task_id": "arn:aws:braket:eu-west-2:380012739362:quantum-task/edd317b6-759a-4b86-987d-b083dfcba0b5",
          "shots": 2000,
          "projector_index": 7
        },
        {
          "basis_state": 8,
          "task_id": "arn:aws:braket:eu-west-2:380012739362:quantum-task/16361d2b-2713-4c95-98ef-4f024082fd9e",
          "shots": 2000,
          "projector_index": 8
        },
        {
          "basis_state": 9,
          "task_id": "arn:aws:braket:eu-west-2:380012739362:quantum-task/0c053ff4-6177-4d17-a700-51f484b48fd3",
          "shots": 2000,
          "projector_index": 9
        },
        {
          "basis_state": 10,
          "task_id": "arn:aws:braket:eu-west-2:380012739362:quantum-task/78504e84-d00c-4077-8504-fef843924310",
          "shots": 2000,
          "projector_index": 10
        },
        {
          "basis_state": 11,
          "task_id": "arn:aws:braket:eu-west-2:380012739362:quantum-task/6a08d798-c6ac-4c1f-acb0-585cc8c39c40",
          "shots": 2000,
          "projector_index": 11
        },
        {
          "basis_state": 12,
          "task_id": "arn:aws:braket:eu-west-2:380012739362:quantum-task/347cf6d5-0806-41a3-badf-482121e31963",
          "shots": 2000,
          "projector_index": 12
        },
        {
          "basis_state": 13,
          "task_id": "arn:aws:braket:eu-west-2:380012739362:quantum-task/7169bd0c-f8bf-4d79-893b-c908c56e71ae",
          "shots": 2000,
          "projector_index": 13
        },
        {
          "basis_state": 14,
          "task_id": "arn:aws:braket:eu-west-2:380012739362:quantum-task/ddaf6a63-962e-4dfd-ae90-2ec2869e2c35",
          "shots": 2000,
          "projector_index": 14
        },
        {
          "basis_state": 15,
          "task_id": "arn:aws:braket:eu-west-2:380012739362:quantum-task/c4bf750a-ecd5-4e53-b913-58424e597594",
          "shots": 2000,
          "projector_index": 15
        }
      ],
      "depth": 4346,
      "num_projections": 16,
      "ideal_solution": [
        {
          "real": 0.26638714640781735,
          "imag": 0.0
        },
        {
          "real": 0.20079649861146434,
          "imag": 0.0
        },
        {
          "real": -0.12385239102837917,
          "imag": 0.0
        },
        {
          "real": 0.17103631681803405,
          "imag": 0.0
        },
        {
          "real": 0.472638256102363,
          "imag": 0.0
        },
        {
          "real": 0.24353716328957778,
          "imag": 0.0
        },
        {
          "real": -0.4288150655703863,
          "imag": 0.0
        },
        {
          "real": 0.13915916459512642,
          "imag": 0.0
        },
        {
          "real": 0.055424004560973975,
          "imag": 0.0
        },
        {
          "real": -0.07483709331673956,
          "imag": 0.0
        },
        {
          "real": 0.09502577157112573,
          "imag": 0.0
        },
        {
          "real": -0.38203858326776,
          "imag": 0.0
        },
        {
          "real": -0.30196839804881237,
          "imag": 0.0
        },
        {
          "real": -0.18629734336846146,
          "imag": 0.0
        },
        {
          "real": -0.09361433032516817,
          "imag": 0.0
        },
        {
          "real": 0.2446832028567652,
          "imag": 0.0
        }
      ]
    }
  ]
}