{
  "problem_list": [
    {
      "A_matrix": [
        [
          0.9206521203482281,
          1.2012626363877676,
          1.645187431151581,
          0.6117971799909899,
          0.8932429131454923,
          1.2205890230949685,
          1.6668266776227605,
          1.3124686728521051
        ],
        [
          1.2012626363877676,
          1.0796828701892243,
          1.06633349061666,
          1.019049120798934,
          0.8406338438278829,
          0.495882755195875,
          0.6052496039596883,
          1.1378500207606383
        ],
        [
          1.645187431151581,
          1.06633349061666,
          0.4977418455741742,
          0.12125662792250647,
          0.9213704909167588,
          0.9801765336793066,
          1.4602968789150452,
          0.83184255232737
        ],
        [
          0.6117971799909899,
          1.019049120798934,
          0.12125662792250647,
          0.29699227310018816,
          0.8058111213416745,
          0.15920031041460392,
          1.5882144131721128,
          0.6853385900484928
        ],
        [
          0.8932429131454923,
          0.8406338438278829,
          0.9213704909167588,
          0.8058111213416745,
          0.3928280557090498,
          0.8549116280336554,
          0.559659414980448,
          1.4851124327333194
        ],
        [
          1.2205890230949685,
          0.495882755195875,
          0.9801765336793066,
          0.15920031041460392,
          0.8549116280336554,
          1.9834538358112623,
          0.9931008694886581,
          1.845271111071249
        ],
        [
          1.6668266776227605,
          0.6052496039596883,
          1.4602968789150452,
          1.5882144131721128,
          0.559659414980448,
          0.9931008694886581,
          0.9275061189133731,
          1.0184134529296776
        ],
        [
          1.3124686728521051,
          1.1378500207606383,
          0.83184255232737,
          0.6853385900484928,
          1.4851124327333194,
          1.845271111071249,
          1.0184134529296776,
          0.5787507569204153
        ]
      ],
      "b_vector": [
        0.5010277589011989,
        0.39011733649243113,
        0.16905718154142382,
        0.3162147623706674,
        0.33099720153591744,
        0.3692850420894915,
        0.3726552571829608,
        0.28879925824849506
      ]
    }
  ],
  "shots": 2000,
  "backend": "sv1",
  "device_arn": "SV1",
  "aws_region": "eu-west-2",
  "ideal_preprocessing_list": [
    [
      [
        -1.8086484174214978,
        -1.246267580775079,
        -0.8797888683495858,
        -0.22962800168205286,
        0.4507010506106076,
        0.7332120426323379,
        1.6046515099245515,
        8.053376141626636
      ],
      [
        0.07323096761825765,
        0.15305875688374318,
        0.10313072883337619,
        0.06318083008723746,
        0.06899643079246011,
        0.05860823033999368,
        0.09672388438195606,
        0.9690363955327291
      ]
    ]
  ],
  "probability_threshold": 0,
  "k_qubits": 6,
  "preprocessing_mode": "ideal",
  "projection_mode": "all_components",
  "projection_subset": null,
  "num_solution_qubits": 3,
  "num_projections": 8,
  "projector_basis_states": [
    0,
    1,
    2,
    3,
    4,
    5,
    6,
    7
  ],
  "enhanced_projection_results": [
    {
      "problem_index": 0,
      "projection_tasks": [
        {
          "basis_state": 0,
          "task_id": "arn:aws:braket:eu-west-2:380012739362:quantum-task/d0e40ede-3a98-4074-bb23-131f30b906e6",
          "status": "DONE",
          "shots": 2000,
          "created_at": "2025-12-22 19:12:28.237000+00:00",
          "ended_at": "2025-12-22 19:12:31.236000+00:00",
          "execution_time_seconds": 2.999,
          "counts": {
            "0000000000": 505,
            "0010000000": 290,
            "1010000000": 228,
            "1000000000": 260,
            "0110000000": 194,
            "1100000000": 269,
            "1110000000": 177,
            "0100000001": 3,
            "0100000000": 62,
            "1110000001": 5,
            "1011100000": 1,
            "0011100000": 1,
            "1000000001": 4,
            "1110111000": 1
          },
          "component_probability": 0.0,
          "success_rate": 0.006
        },
        {
          "basis_state": 1,
          "task_id": "arn:aws:braket:eu-west-2:380012739362:quantum-task/5ee62098-7dd2-4bd5-8c5e-095bc4ed3cee",
          "status": "DONE",
          "shots": 2000,
          "created_at": "2025-12-22 19:12:30.167000+00:00",
          "ended_at": "2025-12-22 19:12:33.292000+00:00",
          "execution_time_seconds": 3.125,
          "counts": {
            "1100000000": 266,
            "0000000000": 507,
            "1000000000": 272,
            "0110000000": 194,
            "0010000000": 263,
            "1010000000": 235,
            "0100000000": 72,
            "1110000000": 169,
            "1000000001": 5,
            "1100000001": 1,
            "1110000001": 4,
            "0000000001": 3,
            "0010000001": 2,
            "0001101000": 1,
            "0011000001": 2,
            "0101100001": 2,
            "1001000000": 1,
            "0010110001": 1
          },
          "component_probability": 0.25,
          "success_rate": 0.01
        },
        {
          "basis_state": 2,
          "task_id": "arn:aws:braket:eu-west-2:380012739362:quantum-task/a607d312-d787-4813-9a43-7a75ca9ef487",
          "status": "DONE",
          "shots": 2000,
          "created_at": "2025-12-22 19:12:31.867000+00:00",
          "ended_at": "2025-12-22 19:12:34.914000+00:00",
          "execution_time_seconds": 3.047,
          "counts": {
            "1010000000": 243,
            "1110000000": 162,
            "1000000000": 265,
            "0000000000": 526,
            "1110000001": 4,
            "0010000000": 279,
            "0110000000": 178,
            "1100000000": 262,
            "0100000000": 66,
            "0000000001": 2,
            "0000011000": 1,
            "1000000001": 5,
            "0001110000": 1,
            "1010001001": 1,
            "1001100001": 1,
            "0010000001": 1,
            "0011100000": 1,
            "1010100001": 1,
            "1010000001": 1
          },
          "component_probability": 0.0,
          "success_rate": 0.008
        },
        {
          "basis_state": 3,
          "task_id": "arn:aws:braket:eu-west-2:380012739362:quantum-task/581a5dbd-0452-47d6-bc6f-bba9a7bb2b41",
          "status": "DONE",
          "shots": 2000,
          "created_at": "2025-12-22 19:12:33.771000+00:00",
          "ended_at": "2025-12-22 19:12:36.618000+00:00",
          "execution_time_seconds": 2.847,
          "counts": {
            "1010000000": 261,
            "0000000000": 529,
            "0110000000": 168,
            "0010000000": 254,
            "1110000000": 177,
            "1100000000": 271,
            "1110000001": 3,
            "1000000000": 244,
            "0011000001": 1,
            "1000000001": 6,
            "0100000000": 73,
            "0100000001": 5,
            "0000100000": 1,
            "0110000001": 2,
            "0001110001": 1,
            "1101111001": 1,
            "0001110000": 1,
            "0011100001": 1,
            "1011001000": 1
          },
          "component_probability": 0.1,
          "success_rate": 0.01
        },
        {
          "basis_state": 4,
          "task_id": "arn:aws:braket:eu-west-2:380012739362:quantum-task/65737e53-296a-4939-8512-af531553d800",
          "status": "DONE",
          "shots": 2000,
          "created_at": "2025-12-22 19:12:35.601000+00:00",
          "ended_at": "2025-12-22 19:12:38.694000+00:00",
          "execution_time_seconds": 3.093,
          "counts": {
            "0000000000": 497,
            "1110000000": 172,
            "0010000000": 247,
            "1100000000": 285,
            "0100000000": 79,
            "1000000000": 277,
            "1010000000": 259,
            "0110000000": 162,
            "1010100001": 1,
            "1100000001": 2,
            "1000000001": 9,
            "0110000001": 4,
            "0000000001": 1,
            "0111100000": 1,
            "1010000001": 3,
            "0010000001": 1
          },
          "component_probability": 0.42857142857142855,
          "success_rate": 0.0105
        },
        {
          "basis_state": 5,
          "task_id": "arn:aws:braket:eu-west-2:380012739362:quantum-task/34b36450-41a7-40f0-9832-8780a64d7cc3",
          "status": "DONE",
          "shots": 2000,
          "created_at": "2025-12-22 19:12:37.504000+00:00",
          "ended_at": "2025-12-22 19:12:39.893000+00:00",
          "execution_time_seconds": 2.389,
          "counts": {
            "0010000000": 257,
            "0000000000": 528,
            "1000000000": 251,
            "1100000000": 245,
            "1010000000": 247,
            "0100000000": 72,
            "1110000000": 187,
            "0110000000": 203,
            "0011000001": 1,
            "0110101101": 1,
            "1110000001": 1,
            "0110000001": 1,
            "1000000001": 2,
            "0011100001": 1,
            "0110001000": 1,
            "1010000001": 1,
            "0100000001": 1
          },
          "component_probability": 0.1111111111111111,
          "success_rate": 0.0045
        },
        {
          "basis_state": 6,
          "task_id": "arn:aws:braket:eu-west-2:380012739362:quantum-task/55780f41-b412-47d3-9b55-895138e701ca",
          "status": "DONE",
          "shots": 2000,
          "created_at": "2025-12-22 19:12:39.272000+00:00",
          "ended_at": "2025-12-22 19:12:42.210000+00:00",
          "execution_time_seconds": 2.938,
          "counts": {
            "0100000000": 76,
            "0000000000": 518,
            "1000000000": 254,
            "1100000000": 283,
            "0010000000": 248,
            "1010000000": 240,
            "0110000000": 184,
            "1110000000": 176,
            "0100000001": 5,
            "1000000001": 6,
            "0000000001": 1,
            "1101011000": 1,
            "1110000001": 3,
            "0111100001": 1,
            "1111100000": 1,
            "1011101000": 1,
            "1101110000": 1,
            "1011110001": 1
          },
          "component_probability": 0.0,
          "success_rate": 0.0085
        },
        {
          "basis_state": 7,
          "task_id": "arn:aws:braket:eu-west-2:380012739362:quantum-task/0528f33f-1f65-4fc9-bfa9-dc8e965c0dae",
          "status": "DONE",
          "shots": 2000,
          "created_at": "2025-12-22 19:12:41.415000+00:00",
          "ended_at": "2025-12-22 19:12:44.473000+00:00",
          "execution_time_seconds": 3.058,
          "counts": {
            "0010000000": 278,
            "0000000000": 496,
            "1110000000": 180,
            "1100000000": 284,
            "1000000000": 252,
            "1010000000": 220,
            "0110000000": 182,
            "0100000000": 96,
            "0100000001": 2,
            "1110000001": 5,
            "1000000001": 4,
            "0110111000": 1
          },
          "component_probability": 0.45454545454545453,
          "success_rate": 0.0055
        }
      ],
      "depth": 2798,
      "num_projections": 8,
      "ideal_solution": [
        {
          "real": -0.33463374085592906,
          "imag": 0.0
        },
        {
          "real": -0.22530786610677547,
          "imag": 0.0
        },
        {
          "real": 0.2571126525672956,
          "imag": 0.0
        },
        {
          "real": 0.29506916809489425,
          "imag": 0.0
        },
        {
          "real": 0.6223803353393325,
          "imag": 0.0
        },
        {
          "real": -0.21197501447132902,
          "imag": 0.0
        },
        {
          "real": 0.21584202299923264,
          "imag": 0.0
        },
        {
          "real": 0.4529960567280393,
          "imag": 0.0
        }
      ],
      "reconstructed_solution_probabilities": [
        0.0,
        0.18598035532177554,
        0.0,
        0.07439214212871022,
        0.3188234662659009,
        0.0826579356985669,
        0.0,
        0.3381461005850464
      ],
      "fidelity": 0.7283439676610808,
      "metadata": {
        "measured_components": [
          0,
          1,
          2,
          3,
          4,
          5,
          6,
          7
        ],
        "success_rates": [
          0.006,
          0.01,
          0.008,
          0.01,
          0.0105,
          0.0045,
          0.0085,
          0.0055
        ],
        "raw_probabilities": [
          0.0,
          0.25,
          0.0,
          0.1,
          0.42857142857142855,
          0.1111111111111111,
          0.0,
          0.45454545454545453
        ],
        "average_success_rate": 0.007875,
        "total_probability": 1.3442279942279942
      },
      "total_problem_time_seconds": 16.236,
      "first_created_at": "2025-12-22 19:12:28.237000+00:00",
      "last_ended_at": "2025-12-22 19:12:44.473000+00:00"
    }
  ]
}