{
  "problem_list": [
    {
      "A_matrix": [
        [
          1.3654407640225625,
          0.8249660750092354,
          0.6588511839181682,
          0.6800298981270979,
          1.207547495853043,
          0.6093040131885236,
          0.6515138166550958,
          0.1360484656806118,
          0.6560945716183677,
          1.20697344416618,
          0.32693398194496004,
          1.578420355074839,
          0.707180874633488,
          1.0306719142128014,
          0.9504954210069572,
          1.3012325748754843
        ],
        [
          0.8249660750092354,
          0.4921384261803867,
          1.3592569872770017,
          0.4179081228119791,
          0.8041987364398034,
          1.240545790152943,
          0.9074519288884846,
          1.8195923829715412,
          0.6225100642574634,
          0.1313986473792491,
          0.42858750298308756,
          0.7847173155912355,
          1.2793077268496607,
          0.9971634003080797,
          0.8370441289346953,
          0.8248491890965489
        ],
        [
          0.6588511839181682,
          1.3592569872770017,
          0.34554233652813915,
          1.1204833717320557,
          0.926472642567268,
          0.172243785229921,
          1.3824652162392796,
          1.484750194712717,
          1.2719726448582982,
          1.1387260535409367,
          1.3316808215108578,
          0.5232527032595783,
          1.5567536735709444,
          0.7948835037085075,
          1.429348636264128,
          1.025496786887322
        ],
        [
          0.6800298981270979,
          0.4179081228119791,
          1.1204833717320557,
          0.5557600510784464,
          1.0369610057671785,
          0.3795406288398524,
          0.5395861819338067,
          1.0423932323525513,
          1.2280176691881695,
          0.7640525704259657,
          0.5751852224173123,
          1.5524429791223935,
          1.5914237725267162,
          0.3173825652951444,
          0.16710368522849495,
          1.2741650654136314
        ],
        [
          1.207547495853043,
          0.8041987364398034,
          0.926472642567268,
          1.0369610057671785,
          1.9387140814242627,
          0.6950617204680698,
          1.5771462579393922,
          0.9475931071369282,
          1.0454825296469525,
          0.8453939618795292,
          1.818849724555669,
          0.515689054005872,
          0.35859453784480866,
          1.2831014207435918,
          1.2269504736353263,
          1.413435850184658
        ],
        [
          0.6093040131885236,
          1.240545790152943,
          0.172243785229921,
          0.3795406288398524,
          0.6950617204680698,
          1.1521348820153448,
          1.1745298307948469,
          0.24364950300343624,
          1.0789744144687758,
          0.8872487643911376,
          1.270668412706463,
          0.41390711662847857,
          1.2713660211233109,
          0.5637261408556238,
          1.2167563230679272,
          0.9839985043104246
        ],
        [
          0.6515138166550958,
          0.9074519288884846,
          1.3824652162392796,
          0.5395861819338067,
          1.5771462579393922,
          1.1745298307948469,
          1.7550023049628933,
          1.1872615522040535,
          1.3270990844548405,
          0.5889458893217077,
          1.0263689161504956,
          0.7576319130224818,
          0.690892267786203,
          1.3119748474456085,
          1.596639867235714,
          1.2441963617437302
        ],
        [
          0.1360484656806118,
          1.8195923829715412,
          1.484750194712717,
          1.0423932323525513,
          0.9475931071369282,
          0.24364950300343624,
          1.1872615522040535,
          1.1212703841004306,
          0.48862025388786756,
          1.639277399579532,
          0.8888138672813852,
          1.7612495184171792,
          0.33115225340240406,
          0.9640700326847045,
          1.1854281684546266,
          1.2642602751549301
        ],
        [
          0.6560945716183677,
          0.6225100642574634,
          1.2719726448582982,
          1.2280176691881695,
          1.0454825296469525,
          1.0789744144687758,
          1.3270990844548405,
          0.48862025388786756,
          0.6619177598356929,
          1.3074614516950918,
          0.9630514469039894,
          1.6245185426293216,
          1.039809807481519,
          0.7006175508162404,
          1.1730961168315135,
          0.9600564202865987
        ],
        [
          1.20697344416618,
          0.1313986473792491,
          1.1387260535409367,
          0.7640525704259657,
          0.8453939618795292,
          0.8872487643911376,
          0.5889458893217077,
          1.639277399579532,
          1.3074614516950918,
          1.1242478910413005,
          0.5315717606900499,
          0.5781448415077891,
          0.9619992935340371,
          0.7590537928175869,
          1.2547131062390624,
          0.5527843916779379
        ],
        [
          0.32693398194496004,
          0.42858750298308756,
          1.3316808215108578,
          0.5751852224173123,
          1.818849724555669,
          1.270668412706463,
          1.0263689161504956,
          0.8888138672813852,
          0.9630514469039894,
          0.5315717606900499,
          1.6746879951985354,
          1.3440310079156064,
          0.2545288635869678,
          1.2733823035876422,
          0.5620398769681084,
          1.1031539988109418
        ],
        [
          1.578420355074839,
          0.7847173155912355,
          0.5232527032595783,
          1.5524429791223935,
          0.515689054005872,
          0.41390711662847857,
          0.7576319130224818,
          1.7612495184171792,
          1.6245185426293216,
          0.5781448415077891,
          1.3440310079156064,
          0.8062884992559649,
          1.0981913537385015,
          0.7598817351512909,
          1.0793790725754426,
          0.9927048359134871
        ],
        [
          0.707180874633488,
          1.2793077268496607,
          1.5567536735709444,
          1.5914237725267162,
          0.35859453784480866,
          1.2713660211233109,
          0.690892267786203,
          0.33115225340240406,
          1.039809807481519,
          0.9619992935340371,
          0.2545288635869678,
          1.0981913537385015,
          1.43380502731828,
          1.1748280300528937,
          0.8274203017112718,
          0.598372386536241
        ],
        [
          1.0306719142128014,
          0.9971634003080797,
          0.7948835037085075,
          0.3173825652951444,
          1.2831014207435918,
          0.5637261408556238,
          1.3119748474456085,
          0.9640700326847045,
          0.7006175508162404,
          0.7590537928175869,
          1.2733823035876422,
          0.7598817351512909,
          1.1748280300528937,
          1.5609374533010363,
          1.6735823445040516,
          0.5495978277562541
        ],
        [
          0.9504954210069572,
          0.8370441289346953,
          1.429348636264128,
          0.16710368522849495,
          1.2269504736353263,
          1.2167563230679272,
          1.596639867235714,
          1.1854281684546266,
          1.1730961168315135,
          1.2547131062390624,
          0.5620398769681084,
          1.0793790725754426,
          0.8274203017112718,
          1.6735823445040516,
          1.48143878891622,
          0.33665742706951585
        ],
        [
          1.3012325748754843,
          0.8248491890965489,
          1.025496786887322,
          1.2741650654136314,
          1.413435850184658,
          0.9839985043104246,
          1.2441963617437302,
          1.2642602751549301,
          0.9600564202865987,
          0.5527843916779379,
          1.1031539988109418,
          0.9927048359134871,
          0.598372386536241,
          0.5495978277562541,
          0.33665742706951585,
          1.2711310346380023
        ]
      ],
      "b_vector": [
        0.12062675170577251,
        0.13104275854372877,
        0.0629642789458452,
        0.2369619594634479,
        0.20008288828343665,
        0.2311101377712392,
        0.29257231332682815,
        0.344930221109284,
        0.2059482201227722,
        0.06572473586558937,
        0.2937780057552366,
        0.37519639297515783,
        0.27687044084539547,
        0.34293876650145894,
        0.18610845089348754,
        0.3277623884843576
      ]
    }
  ],
  "shots": 2000,
  "backend": "sv1",
  "device_arn": "SV1",
  "aws_region": "eu-west-2",
  "ideal_preprocessing_list": [
    [
      [
        -2.763463304750302,
        -2.4567813075780016,
        -1.5234957605272967,
        -0.8531889958392115,
        -0.661960673470592,
        -0.3309885890713228,
        -0.18208409334603903,
        0.5642283510891665,
        0.756406911344314,
        0.9763863917626638,
        1.0989298150645117,
        1.5866993302079644,
        1.7874592591303462,
        2.3597843334988164,
        2.7350827172922063,
        15.647443295010268
      ],
      [
        0.05869722277393785,
        0.02610581116976199,
        0.07123389012934443,
        0.05940474943884276,
        0.04125886724833941,
        0.2051594339088022,
        0.10590945632198724,
        0.12417263219803454,
        0.11046925312219,
        0.12096637468414549,
        0.08953240480097391,
        0.09408977973975352,
        0.001514499616258963,
        0.10247659708763417,
        0.005264955515684316,
        0.9287652362477232
      ]
    ]
  ],
  "probability_threshold": 0,
  "k_qubits": 5,
  "preprocessing_mode": "ideal",
  "projection_mode": "all_components",
  "projection_subset": null,
  "num_solution_qubits": 4,
  "num_projections": 16,
  "projector_basis_states": [
    0,
    1,
    2,
    3,
    4,
    5,
    6,
    7,
    8,
    9,
    10,
    11,
    12,
    13,
    14,
    15
  ],
  "enhanced_projection_results": [
    {
      "problem_index": 0,
      "projection_tasks": [
        {
          "basis_state": 0,
          "task_id": "arn:aws:braket:eu-west-2:380012739362:quantum-task/336dc56f-cc5f-4fde-a58c-4d8fac77ac5f",
          "status": "DONE",
          "shots": 2000,
          "created_at": "2025-12-22 19:05:53.532000+00:00",
          "ended_at": "2025-12-22 19:05:58.819000+00:00",
          "execution_time_seconds": 5.287,
          "counts": {
            "0110000000": 146,
            "1011000000": 242,
            "0011000000": 90,
            "1010000000": 195,
            "0100000000": 88,
            "1100000000": 154,
            "0111000000": 162,
            "1101000000": 146,
            "1111000000": 160,
            "0101000000": 90,
            "0001000000": 60,
            "0000000000": 62,
            "1110000000": 70,
            "1000000000": 129,
            "1111000001": 7,
            "0010110001": 5,
            "0001000001": 20,
            "1000000001": 7,
            "1101000001": 7,
            "1001000001": 9,
            "0010000000": 31,
            "1000100100": 1,
            "1100000001": 4,
            "1010000001": 7,
            "1001111000": 1,
            "0111000001": 2,
            "0000000001": 7,
            "1010010001": 1,
            "1101110000": 1,
            "0100000001": 4,
            "0110110001": 4,
            "0110000001": 2,
            "0110100111": 2,
            "1010110000": 2,
            "0011110001": 3,
            "0110100011": 1,
            "0001100000": 1,
            "0110010000": 1,
            "0011101000": 1,
            "1101101001": 1,
            "1111110001": 2,
            "1010100001": 1,
            "1001000000": 8,
            "0001110001": 2,
            "0011110000": 1,
            "1101100001": 1,
            "1010100111": 1,
            "0111100100": 1,
            "0000110001": 2,
            "1101111001": 1,
            "1110011101": 1,
            "0111110111": 1,
            "0010000001": 13,
            "0000110000": 2,
            "1010100100": 1,
            "0110100100": 1,
            "0001100100": 1,
            "0101110001": 1,
            "1110010001": 1,
            "1110110000": 1,
            "0110101001": 1,
            "0010101000": 1,
            "0010100101": 1,
            "0111000011": 1,
            "0011000001": 3,
            "0010101001": 1,
            "0010100100": 1,
            "1011000001": 3,
            "1010110001": 2,
            "1110110001": 1,
            "0101000001": 2,
            "1101100111": 1,
            "1010100110": 1,
            "0001110000": 1,
            "0111110001": 1,
            "1010010110": 1,
            "1001110001": 1,
            "1101011000": 1,
            "0010010100": 1,
            "0000100110": 1,
            "0101010001": 1,
            "1101110001": 1,
            "1001010000": 1,
            "0011010000": 1,
            "1000010100": 1
          },
          "component_probability": 0.06428571428571428,
          "success_rate": 0.07
        },
        {
          "basis_state": 1,
          "task_id": "arn:aws:braket:eu-west-2:380012739362:quantum-task/bd0faf00-8ee6-4d4e-837e-590dd9f6ab3e",
          "status": "DONE",
          "shots": 2000,
          "created_at": "2025-12-22 19:05:56.681000+00:00",
          "ended_at": "2025-12-22 19:06:02.050000+00:00",
          "execution_time_seconds": 5.369,
          "counts": {
            "0100000000": 115,
            "0111000000": 189,
            "1010000000": 209,
            "0110000000": 149,
            "0011000000": 79,
            "0101000000": 80,
            "1111000000": 151,
            "0001000000": 73,
            "1011000000": 249,
            "1101000000": 141,
            "1100000000": 128,
            "1010010001": 1,
            "0010000001": 14,
            "0110110001": 2,
            "0011110000": 2,
            "1110000000": 83,
            "0000000000": 57,
            "1000000000": 112,
            "0001000001": 9,
            "1010000001": 5,
            "0010000000": 45,
            "0001110001": 2,
            "1001000001": 11,
            "1001000000": 5,
            "1100100110": 1,
            "0001110111": 1,
            "0000000001": 8,
            "0100110101": 1,
            "0010010000": 1,
            "1111000001": 7,
            "0010110001": 5,
            "1010100110": 1,
            "1101000001": 4,
            "0010101101": 1,
            "0011000001": 4,
            "1010110000": 3,
            "1110010110": 1,
            "1101111001": 2,
            "1110110001": 1,
            "0000110001": 1,
            "0011100001": 1,
            "0100100101": 1,
            "0001101001": 1,
            "1010101001": 1,
            "1011000001": 3,
            "1001100000": 1,
            "1000010100": 1,
            "1110111000": 1,
            "1010110001": 2,
            "1010111000": 1,
            "0101000001": 3,
            "0111000001": 3,
            "0000101001": 1,
            "0111110001": 1,
            "1000000001": 3,
            "1001100100": 1,
            "0010100100": 1,
            "1010011101": 1,
            "1100000001": 1,
            "1101001001": 1,
            "1110100110": 1,
            "1000100001": 1,
            "0110000001": 1,
            "1101110001": 1,
            "0100000001": 2,
            "0110100101": 1,
            "0011110001": 1,
            "1101110000": 1,
            "0010101001": 1,
            "1110100001": 1,
            "0001100101": 1,
            "0000010000": 1,
            "0011111011": 1,
            "1010001000": 1,
            "1111110001": 1,
            "0000110000": 1,
            "1101101000": 1
          },
          "component_probability": 0.12280701754385964,
          "success_rate": 0.057
        },
        {
          "basis_state": 2,
          "task_id": "arn:aws:braket:eu-west-2:380012739362:quantum-task/0cd4f4bd-6b17-46df-8c0c-dc6417cd0c72",
          "status": "DONE",
          "shots": 2000,
          "created_at": "2025-12-22 19:05:59.917000+00:00",
          "ended_at": "2025-12-22 19:06:05.600000+00:00",
          "execution_time_seconds": 5.683,
          "counts": {
            "1100000000": 134,
            "0110000000": 131,
            "1011000000": 256,
            "1000000000": 126,
            "0000000000": 66,
            "0111000000": 214,
            "1101000000": 110,
            "0100000000": 111,
            "0010000000": 50,
            "1000100001": 3,
            "1010000000": 200,
            "1110000000": 69,
            "0011000000": 67,
            "1111000000": 158,
            "0101000000": 66,
            "0001000000": 84,
            "0010110000": 2,
            "1011000001": 5,
            "0100000001": 4,
            "1111000001": 11,
            "1110100001": 1,
            "1101000001": 10,
            "0111000101": 1,
            "1000000001": 4,
            "1010000001": 4,
            "0010000001": 13,
            "0001110001": 4,
            "1010100101": 1,
            "1001110001": 1,
            "1101100001": 1,
            "1010110000": 4,
            "0001000001": 16,
            "0010011000": 1,
            "0010110001": 2,
            "1000100111": 1,
            "1111000111": 1,
            "1101111001": 2,
            "1000010001": 2,
            "0000000001": 6,
            "1010101000": 2,
            "0010011001": 1,
            "0001100100": 2,
            "0101100001": 1,
            "1010111000": 1,
            "1001000000": 4,
            "0111100001": 1,
            "0011101001": 1,
            "0011000001": 4,
            "0110110111": 1,
            "0010100111": 1,
            "1001000001": 8,
            "1111100111": 2,
            "1001100000": 1,
            "0011110000": 2,
            "0101000001": 1,
            "0100100110": 1,
            "1010010001": 1,
            "0110101001": 1,
            "0110110000": 1,
            "1010101001": 1,
            "1010110001": 3,
            "0001111111": 1,
            "1100100111": 1,
            "1110100111": 1,
            "0011100111": 1,
            "1011100101": 2,
            "0000110001": 1,
            "1111110001": 1,
            "0110110001": 2,
            "0011110001": 1,
            "0010010000": 1,
            "1001100100": 1,
            "1101110000": 1,
            "1100000001": 1,
            "0110110101": 1,
            "0001110000": 1
          },
          "component_probability": 0.12781954887218044,
          "success_rate": 0.0665
        },
        {
          "basis_state": 3,
          "task_id": "arn:aws:braket:eu-west-2:380012739362:quantum-task/bac94306-233f-4566-b6a1-e5c09f1cee4e",
          "status": "DONE",
          "shots": 2000,
          "created_at": "2025-12-22 19:06:03.025000+00:00",
          "ended_at": "2025-12-22 19:06:07.993000+00:00",
          "execution_time_seconds": 4.968,
          "counts": {
            "1111000000": 156,
            "1100000000": 145,
            "1000000000": 120,
            "0110000000": 125,
            "1011000000": 232,
            "0100000000": 108,
            "0111000000": 162,
            "1010000000": 212,
            "1101101000": 2,
            "0010110001": 7,
            "1101000000": 146,
            "1111000001": 11,
            "0001000000": 89,
            "0010000001": 13,
            "0011110000": 2,
            "1001000001": 11,
            "1011101101": 1,
            "0101000000": 73,
            "0010000000": 50,
            "1001000000": 6,
            "0011110001": 3,
            "0011000000": 67,
            "1110000000": 79,
            "0011000001": 7,
            "0000000000": 58,
            "1101111001": 1,
            "1010000001": 6,
            "1111100111": 1,
            "1000000001": 3,
            "0110110000": 1,
            "1010110001": 4,
            "0001000001": 20,
            "0010100101": 1,
            "1100000001": 5,
            "0100000001": 2,
            "0000000001": 7,
            "1110100001": 1,
            "0111100001": 1,
            "1000110111": 1,
            "1001100001": 1,
            "0000100100": 1,
            "1011000001": 8,
            "0010101000": 1,
            "0001100100": 1,
            "0101010000": 1,
            "0011100011": 1,
            "1101100111": 2,
            "1000010001": 1,
            "1101100000": 1,
            "1010010001": 1,
            "1000111111": 1,
            "1001111001": 1,
            "1101000001": 4,
            "1110000001": 1,
            "0110000001": 1,
            "0010110000": 4,
            "1011100110": 2,
            "1000010100": 2,
            "0010100100": 1,
            "1111110001": 1,
            "0001110000": 1,
            "0110101001": 1,
            "0001110100": 1,
            "0010100000": 1,
            "1100100111": 1,
            "0011100100": 1,
            "0100100101": 1,
            "1000100000": 1,
            "0001100101": 1,
            "0000110000": 1,
            "0011100111": 1,
            "0110100101": 1,
            "1101110000": 1,
            "0110100111": 1,
            "0101100110": 1,
            "0110110001": 2,
            "1001100100": 1,
            "1001110001": 1,
            "1010101000": 2,
            "0010100111": 1,
            "0111100111": 1,
            "1101101001": 1
          },
          "component_probability": 0.08450704225352113,
          "success_rate": 0.071
        },
        {
          "basis_state": 4,
          "task_id": "arn:aws:braket:eu-west-2:380012739362:quantum-task/c8c0d976-f444-4393-85ef-470b5e938e7f",
          "status": "DONE",
          "shots": 2000,
          "created_at": "2025-12-22 19:06:06.587000+00:00",
          "ended_at": "2025-12-22 19:06:11.276000+00:00",
          "execution_time_seconds": 4.689,
          "counts": {
            "0110000000": 122,
            "1011000000": 232,
            "1111000000": 159,
            "1010000000": 204,
            "0100000000": 112,
            "0111000000": 188,
            "0001000001": 12,
            "0101000000": 82,
            "0010000001": 16,
            "0000000000": 52,
            "1101000000": 132,
            "1100000000": 155,
            "1010000001": 8,
            "1001000001": 12,
            "1000000000": 115,
            "0001000000": 86,
            "0011000000": 77,
            "1111000001": 14,
            "0000100101": 1,
            "1011000001": 3,
            "0010000000": 39,
            "1110000000": 76,
            "1000000001": 3,
            "1100000001": 2,
            "0000000001": 6,
            "0000110000": 2,
            "0010100000": 2,
            "0110100001": 3,
            "0010110001": 3,
            "0101100000": 2,
            "1010101000": 2,
            "1101010001": 1,
            "1010110000": 2,
            "1110110101": 1,
            "1111110001": 1,
            "1000100001": 2,
            "1001001000": 1,
            "0110110001": 3,
            "1101000001": 9,
            "0011101001": 1,
            "0011000001": 6,
            "0000100100": 1,
            "0101101001": 1,
            "0110010000": 1,
            "1010100001": 2,
            "0011110001": 3,
            "1001000000": 4,
            "0010110000": 1,
            "1110100001": 1,
            "1010110001": 4,
            "1100100111": 1,
            "1100100110": 1,
            "0010100100": 1,
            "0110100111": 1,
            "0011110000": 1,
            "0111000001": 4,
            "1110010001": 1,
            "1010100111": 1,
            "1001110100": 1,
            "1101100010": 1,
            "1101110000": 2,
            "0110110000": 1,
            "0000100111": 1,
            "1011100101": 1,
            "0100010100": 1,
            "0111000101": 1,
            "1001100000": 2,
            "0001010111": 1,
            "0010111001": 1,
            "0001110001": 2,
            "1101101001": 1,
            "1110100000": 1,
            "1100111101": 1,
            "0101000001": 1,
            "0000101001": 1,
            "1110100101": 1,
            "1101100000": 1
          },
          "component_probability": 0.0,
          "success_rate": 0.069
        },
        {
          "basis_state": 5,
          "task_id": "arn:aws:braket:eu-west-2:380012739362:quantum-task/39b28212-7b34-4371-a45a-04e8ff518e8e",
          "status": "DONE",
          "shots": 2000,
          "created_at": "2025-12-22 19:06:09.831000+00:00",
          "ended_at": "2025-12-22 19:06:14.829000+00:00",
          "execution_time_seconds": 4.998,
          "counts": {
            "1011000000": 218,
            "1101000000": 127,
            "1010000000": 199,
            "1100000000": 122,
            "1000000000": 109,
            "1111000000": 164,
            "0111000000": 219,
            "0100000000": 106,
            "0110000000": 160,
            "0101000000": 90,
            "1110000000": 73,
            "0010110101": 1,
            "0011000001": 6,
            "0011000000": 72,
            "1010000001": 3,
            "1101110000": 2,
            "0101010001": 1,
            "0000000000": 68,
            "0001000000": 77,
            "0010110001": 4,
            "0010000000": 46,
            "1101000001": 18,
            "1010110000": 4,
            "1001001001": 1,
            "0010000001": 14,
            "1111000001": 8,
            "1010011111": 1,
            "1011000001": 3,
            "0010110000": 2,
            "1001000001": 10,
            "1001000000": 3,
            "0011110000": 3,
            "1000100110": 1,
            "1001101001": 1,
            "0000000001": 7,
            "1001100000": 1,
            "0111000001": 3,
            "1100100001": 1,
            "1101111000": 1,
            "0011100111": 2,
            "1110100101": 1,
            "0110110001": 2,
            "1100110111": 1,
            "0111100110": 1,
            "0001000001": 10,
            "1111100011": 1,
            "0101110001": 1,
            "1100010110": 1,
            "1111110001": 1,
            "0001011001": 1,
            "1100000001": 3,
            "1000000001": 3,
            "1101111001": 2,
            "0110100001": 2,
            "0000100101": 1,
            "0101010000": 1,
            "0010111001": 1,
            "1001000101": 1,
            "0001110001": 2,
            "0000110001": 1,
            "0011100000": 1,
            "0111110001": 1,
            "0011101000": 1,
            "1100100101": 1,
            "0111100100": 1,
            "0001110000": 1,
            "0100100101": 1,
            "0101000001": 1,
            "1010101000": 1,
            "0011110001": 1,
            "0100000001": 1,
            "0100100111": 1
          },
          "component_probability": 0.024,
          "success_rate": 0.0625
        },
        {
          "basis_state": 6,
          "task_id": "arn:aws:braket:eu-west-2:380012739362:quantum-task/6051deaa-11ec-4d03-afc0-fa31c1cc56c0",
          "status": "DONE",
          "shots": 2000,
          "created_at": "2025-12-22 19:06:13.779000+00:00",
          "ended_at": "2025-12-22 19:06:20.104000+00:00",
          "execution_time_seconds": 6.325,
          "counts": {
            "1010000001": 4,
            "1111000000": 151,
            "0101010000": 1,
            "1111000001": 16,
            "0110000000": 140,
            "0000000000": 61,
            "1010000000": 195,
            "1011000000": 274,
            "1101000000": 137,
            "0001000000": 72,
            "0111000000": 217,
            "1000000000": 108,
            "1110000000": 76,
            "0100000000": 98,
            "0011000000": 79,
            "0010000001": 8,
            "1100000000": 117,
            "1010110001": 5,
            "0100100001": 1,
            "0101000000": 70,
            "0001000001": 21,
            "1000100001": 1,
            "1100000001": 3,
            "1111101000": 1,
            "1001000000": 6,
            "1001000001": 12,
            "0100010111": 1,
            "1101000001": 4,
            "0000100000": 1,
            "1010101001": 2,
            "0010101001": 2,
            "0110000001": 2,
            "1010011001": 1,
            "1101011000": 1,
            "1001100101": 1,
            "1000110001": 1,
            "0000100101": 2,
            "0111000001": 2,
            "0010100001": 1,
            "0011000001": 3,
            "0010000000": 51,
            "0000000001": 2,
            "0000110000": 1,
            "1110100111": 1,
            "1101100000": 2,
            "1001010001": 1,
            "1000000001": 8,
            "1000010001": 1,
            "0000110001": 3,
            "0100010001": 1,
            "1101110000": 1,
            "1000100100": 1,
            "0110110001": 5,
            "0000010001": 1,
            "0100100110": 1,
            "0111110101": 1,
            "0010100110": 1,
            "1101010001": 1,
            "1001001001": 1,
            "1001100000": 1,
            "1100110111": 1,
            "1101110001": 1,
            "0000100100": 1,
            "1000010101": 1,
            "1011010001": 1,
            "0001111101": 1,
            "0010100100": 1,
            "1010100101": 1,
            "0001110001": 2,
            "1101110100": 1,
            "1011000001": 1,
            "0010100111": 1,
            "0010001100": 1,
            "0010110000": 1,
            "1010100100": 1,
            "0110100111": 1
          },
          "component_probability": 0.06153846153846154,
          "success_rate": 0.065
        },
        {
          "basis_state": 7,
          "task_id": "arn:aws:braket:eu-west-2:380012739362:quantum-task/4ebc616a-0fb8-4bd7-b345-4002ec8ed6ac",
          "status": "DONE",
          "shots": 2000,
          "created_at": "2025-12-22 19:06:16.835000+00:00",
          "ended_at": "2025-12-22 19:06:22.843000+00:00",
          "execution_time_seconds": 6.008,
          "counts": {
            "1011000000": 270,
            "0100000000": 110,
            "0010000000": 45,
            "0101000000": 88,
            "0110000000": 123,
            "1100000000": 141,
            "0001000000": 65,
            "0000000001": 6,
            "1101000000": 109,
            "1111000000": 138,
            "1110000000": 64,
            "1000000000": 123,
            "0010110001": 5,
            "1101011000": 1,
            "0111000000": 205,
            "0011000000": 87,
            "0001010101": 1,
            "0011101001": 2,
            "1001000001": 10,
            "1010000000": 207,
            "0001000001": 18,
            "0000000000": 60,
            "0010000001": 12,
            "1101000001": 7,
            "1100000001": 6,
            "1101010111": 1,
            "0110110000": 1,
            "1010000001": 11,
            "1110100001": 1,
            "0010110000": 1,
            "1111000001": 11,
            "0101100001": 1,
            "1010101001": 1,
            "0110110001": 1,
            "0011001001": 1,
            "0101100000": 1,
            "1101111001": 3,
            "1011000001": 3,
            "0101010001": 1,
            "0100000001": 1,
            "0001101001": 1,
            "0101000001": 2,
            "1000000001": 5,
            "0010100111": 1,
            "0000101000": 2,
            "0111000001": 3,
            "1001000000": 6,
            "1101110001": 1,
            "1010100101": 2,
            "1011010000": 1,
            "1000010001": 1,
            "1101100111": 1,
            "1101111010": 1,
            "0001110001": 1,
            "1010100001": 1,
            "0011000001": 3,
            "1001110001": 1,
            "0110000001": 3,
            "0010100101": 3,
            "0001110000": 2,
            "0110011001": 1,
            "0010011001": 1,
            "0111001000": 1,
            "1100100101": 1,
            "1110110111": 1,
            "1101100000": 1,
            "1101110000": 1,
            "0000110001": 1,
            "0001011000": 1,
            "0101110001": 1,
            "1010110001": 1,
            "0001100011": 1,
            "1010110000": 1,
            "0000101001": 1,
            "0010110111": 1,
            "0011110001": 1,
            "1110000010": 1
          },
          "component_probability": 0.02097902097902098,
          "success_rate": 0.0715
        },
        {
          "basis_state": 8,
          "task_id": "arn:aws:braket:eu-west-2:380012739362:quantum-task/f71914b7-e920-460f-b858-0646b8f66417",
          "status": "DONE",
          "shots": 2000,
          "created_at": "2025-12-22 19:06:19.804000+00:00",
          "ended_at": "2025-12-22 19:06:24.944000+00:00",
          "execution_time_seconds": 5.14,
          "counts": {
            "1111000000": 166,
            "1100000000": 120,
            "1011000000": 252,
            "0000000000": 64,
            "1110000000": 84,
            "1101000000": 143,
            "0110000000": 154,
            "1010000000": 197,
            "1000000000": 101,
            "0100000000": 104,
            "1001000000": 5,
            "0011110000": 2,
            "0111000000": 200,
            "0101000000": 84,
            "0001000000": 74,
            "0010000000": 50,
            "1000000001": 9,
            "0011000000": 70,
            "1011000001": 3,
            "1101100000": 1,
            "0001000001": 17,
            "0101100000": 1,
            "1001000001": 7,
            "0101000001": 2,
            "0001110001": 1,
            "1101000001": 5,
            "1000100110": 1,
            "1010101000": 1,
            "1111000001": 6,
            "0010000001": 9,
            "0000000001": 10,
            "0100100110": 1,
            "1110110000": 1,
            "0110100101": 1,
            "0111000001": 1,
            "0010110001": 6,
            "1101010010": 1,
            "1010100111": 1,
            "1001001000": 1,
            "1100000001": 2,
            "0110000001": 2,
            "1010000001": 8,
            "0100000001": 1,
            "0011110001": 1,
            "0011000001": 3,
            "1111100001": 1,
            "1110100111": 1,
            "0110010000": 1,
            "1001101001": 1,
            "1010110001": 3,
            "0000110001": 2,
            "0101011000": 1,
            "0010011101": 1,
            "1110110101": 1,
            "0001110000": 1,
            "0100100101": 1,
            "0010100101": 1,
            "0000101001": 1,
            "0110110100": 1,
            "0111100111": 1,
            "0010100110": 1,
            "1001100110": 1,
            "1101110001": 1,
            "0100100100": 1,
            "0010110000": 1,
            "1101001001": 1,
            "1010010000": 1,
            "1010100001": 1,
            "1001100000": 1
          },
          "component_probability": 0.08035714285714286,
          "success_rate": 0.056
        },
        {
          "basis_state": 9,
          "task_id": "arn:aws:braket:eu-west-2:380012739362:quantum-task/914808cb-81e7-4fbe-a8d5-e3a3fc60c7aa",
          "status": "DONE",
          "shots": 2000,
          "created_at": "2025-12-22 19:06:22.958000+00:00",
          "ended_at": "2025-12-22 19:06:28.340000+00:00",
          "execution_time_seconds": 5.382,
          "counts": {
            "0001000000": 81,
            "1101000000": 127,
            "0010110001": 7,
            "0101000000": 87,
            "1011000000": 227,
            "0111000000": 203,
            "0100000000": 109,
            "1100000000": 131,
            "1010000000": 193,
            "1000000000": 107,
            "0011000000": 76,
            "0110000000": 142,
            "0000000000": 61,
            "0010000001": 19,
            "1111000001": 14,
            "0010000000": 51,
            "1111000000": 155,
            "1000100000": 1,
            "0111110000": 1,
            "0000000001": 11,
            "1001000000": 5,
            "0001000001": 9,
            "1001000001": 18,
            "0001110001": 4,
            "1110000000": 82,
            "1010000001": 10,
            "1011000001": 2,
            "0000110001": 3,
            "0100100101": 1,
            "1110100101": 1,
            "0100000001": 2,
            "1000110000": 1,
            "1101000001": 8,
            "0111101001": 1,
            "1010100001": 2,
            "1010011001": 1,
            "1100000001": 1,
            "0010110000": 3,
            "0101100111": 1,
            "0001100100": 1,
            "1010110000": 4,
            "0010010000": 1,
            "1101100001": 3,
            "1111110001": 2,
            "0000101001": 1,
            "0010100000": 1,
            "1000000001": 5,
            "1100100100": 1,
            "0011110000": 2,
            "1010010001": 1,
            "0111000001": 1,
            "0011000001": 6,
            "0000110000": 1,
            "1110001101": 1,
            "1111100110": 1,
            "0010100101": 1,
            "1001101001": 1,
            "0001011001": 1,
            "1101011000": 1,
            "0110110001": 1,
            "0000100111": 1,
            "1100111101": 1,
            "1000100111": 1,
            "1000100001": 1,
            "0001110000": 1
          },
          "component_probability": 0.13286713286713286,
          "success_rate": 0.0715
        },
        {
          "basis_state": 10,
          "task_id": "arn:aws:braket:eu-west-2:380012739362:quantum-task/9741baf5-e609-4176-9569-daf24bdc398f",
          "status": "DONE",
          "shots": 2000,
          "created_at": "2025-12-22 19:06:26.065000+00:00",
          "ended_at": "2025-12-22 19:06:31.130000+00:00",
          "execution_time_seconds": 5.065,
          "counts": {
            "1100000000": 143,
            "0111000000": 182,
            "1111000000": 162,
            "0011000000": 65,
            "0000000000": 58,
            "1010000000": 186,
            "0110000000": 125,
            "1101000000": 146,
            "1110000000": 79,
            "0010000000": 52,
            "1011000000": 253,
            "0101000000": 89,
            "0100000000": 107,
            "1000000001": 8,
            "0001000000": 82,
            "1000000000": 103,
            "0001000001": 8,
            "0011101000": 1,
            "0000000001": 11,
            "1010010001": 1,
            "0011000001": 9,
            "1001000001": 13,
            "0010100101": 2,
            "1010110001": 2,
            "0000100100": 1,
            "1110100000": 1,
            "0111000001": 5,
            "0010110000": 4,
            "0010000001": 11,
            "0001110000": 1,
            "1100000001": 5,
            "1000010000": 1,
            "0010110001": 4,
            "0100100100": 1,
            "1111000001": 10,
            "1110100111": 1,
            "1001110001": 1,
            "0000100101": 1,
            "1001100001": 2,
            "1001000000": 4,
            "0101000001": 1,
            "1101000001": 8,
            "0100000001": 2,
            "1101010001": 1,
            "0010101000": 1,
            "1001110101": 1,
            "0111110001": 1,
            "1000100001": 1,
            "0110000001": 3,
            "0010110111": 1,
            "0100100101": 1,
            "1010101001": 1,
            "0011100111": 1,
            "1000110000": 1,
            "1000010101": 1,
            "1101100111": 1,
            "0001110001": 2,
            "1100100111": 1,
            "1101001010": 1,
            "0110101001": 1,
            "1101111001": 1,
            "1100110001": 1,
            "0110101000": 1,
            "1011100111": 1,
            "1101110001": 1,
            "0001100100": 1,
            "0111100110": 1,
            "1010000001": 3,
            "1101001111": 1,
            "1010100101": 1,
            "0110010000": 1,
            "1010101000": 1,
            "0000101001": 1,
            "0111100111": 1,
            "0001010000": 1,
            "1111110001": 2,
            "0001111001": 1,
            "1001011001": 1,
            "0011100000": 1,
            "0010101001": 1,
            "1010110000": 1,
            "0011110001": 1,
