{
  "problem_list": [
    {
      "A_matrix": [
        [
          0.6652324824018536,
          1.6441071741570454,
          1.4177837400616649,
          0.2108267013141898,
          1.5342235548431724,
          0.7012077777296597,
          1.4575304579600485,
          1.7316586044087579,
          0.7635362733112051,
          0.9050395819616059,
          0.27461438950652817,
          1.116169046700973,
          1.2330168814397724,
          1.4043057422908047,
          1.0004547632234302,
          0.6063662531345831
        ],
        [
          1.6441071741570454,
          1.338048193010294,
          0.8036025641644193,
          0.3345732166193097,
          1.236956404084661,
          0.9265798783746686,
          0.3564337141463023,
          0.23397653410260788,
          0.862127204518339,
          1.1157807428947653,
          1.4495652168109103,
          1.1108370530713136,
          0.29514635803213374,
          1.189027729658305,
          1.4773540596934476,
          1.2308877111049088
        ],
        [
          1.4177837400616649,
          0.8036025641644193,
          0.03626122745651528,
          0.919278163044901,
          0.5781976132599268,
          1.6775601557036017,
          0.7476875861413975,
          1.039372948784508,
          1.403427951701669,
          0.8925125670813636,
          1.0427645177221074,
          0.8236357431955379,
          1.7012436563319735,
          0.799217706427452,
          1.345833120121065,
          0.3472310443188733
        ],
        [
          0.2108267013141898,
          0.3345732166193097,
          0.919278163044901,
          0.6571978825303748,
          0.9618961140119141,
          1.6768639056742245,
          1.3723001309892182,
          0.3068193675323787,
          1.5305697143761499,
          1.8596692122268137,
          1.1794029930162786,
          1.3481346447067417,
          1.2891019276343467,
          0.5697019605723506,
          1.2251329001672735,
          1.0169493212249692
        ],
        [
          1.5342235548431724,
          1.236956404084661,
          0.5781976132599268,
          0.9618961140119141,
          0.4680862000677415,
          0.8781166301928566,
          1.5253626397495987,
          0.5450931155926887,
          1.0248955551118002,
          1.2144982384812075,
          0.440769324088949,
          0.5528108687277394,
          0.6652877164344202,
          0.8180086608008683,
          0.8009764519240689,
          1.3318548300740771
        ],
        [
          0.7012077777296597,
          0.9265798783746686,
          1.6775601557036017,
          1.6768639056742245,
          0.8781166301928566,
          1.5075097031844045,
          1.559337507590177,
          1.0750627738411618,
          1.8162231521138614,
          0.996893023417691,
          1.0600854183248334,
          1.335082166886599,
          0.8852450153727854,
          0.9049336006885361,
          0.5149582390037695,
          0.5403511895549584
        ],
        [
          1.4575304579600485,
          0.3564337141463023,
          0.7476875861413975,
          1.3723001309892182,
          1.5253626397495987,
          1.559337507590177,
          0.4214512934948462,
          0.6269311713178923,
          1.6948169151553811,
          0.907982938366049,
          1.7168769457154585,
          1.1491997687649143,
          0.8739600052388496,
          0.2126285933970784,
          0.4710934074438522,
          0.8696200261839566
        ],
        [
          1.7316586044087579,
          0.23397653410260788,
          1.039372948784508,
          0.3068193675323787,
          0.5450931155926887,
          1.0750627738411618,
          0.6269311713178923,
          1.9622150862158538,
          0.9150844335929043,
          0.9384460567583846,
          0.7927490373527554,
          1.3248044139825716,
          1.5838010309790145,
          1.336185725834378,
          1.731360503629792,
          0.9374751924564748
        ],
        [
          0.7635362733112051,
          0.862127204518339,
          1.403427951701669,
          1.5305697143761499,
          1.0248955551118002,
          1.8162231521138614,
          1.6948169151553811,
          0.9150844335929043,
          1.544791051359146,
          0.9159691206832731,
          1.1109087624949954,
          0.7830925068059279,
          1.18666035506272,
          0.36287687282671777,
          0.5502505324715918,
          1.2231412409051328
        ],
        [
          0.9050395819616059,
          1.1157807428947653,
          0.8925125670813636,
          1.8596692122268137,
          1.2144982384812075,
          0.996893023417691,
          0.907982938366049,
          0.9384460567583846,
          0.9159691206832731,
          1.9589077216064068,
          1.1433245902765536,
          1.0738381187000887,
          1.1929164860857906,
          0.9454624748610023,
          1.1700955090304683,
          0.6068827789697446
        ],
        [
          0.27461438950652817,
          1.4495652168109103,
          1.0427645177221074,
          1.1794029930162786,
          0.440769324088949,
          1.0600854183248334,
          1.7168769457154585,
          0.7927490373527554,
          1.1109087624949954,
          1.1433245902765536,
          0.25244343825141957,
          0.8566896313753378,
          1.2407665416675493,
          0.8869330220140976,
          1.3057600385820856,
          0.9925006869826699
        ],
        [
          1.116169046700973,
          1.1108370530713136,
          0.8236357431955379,
          1.3481346447067417,
          0.5528108687277394,
          1.335082166886599,
          1.1491997687649143,
          1.3248044139825716,
          0.7830925068059279,
          1.0738381187000887,
          0.8566896313753378,
          0.7344471359555869,
          0.803750046555833,
          0.6759868136289959,
          0.12619344429413626,
          0.8097821268030434
        ],
        [
          1.2330168814397724,
          0.29514635803213374,
          1.7012436563319735,
          1.2891019276343467,
          0.6652877164344202,
          0.8852450153727854,
          0.8739600052388496,
          1.5838010309790145,
          1.18666035506272,
          1.1929164860857906,
          1.2407665416675493,
          0.803750046555833,
          1.712857115185652,
          0.9536350616963282,
          1.2324718460336688,
          1.5064418596772278
        ],
        [
          1.4043057422908047,
          1.189027729658305,
          0.799217706427452,
          0.5697019605723506,
          0.8180086608008683,
          0.9049336006885361,
          0.2126285933970784,
          1.336185725834378,
          0.36287687282671777,
          0.9454624748610023,
          0.8869330220140976,
          0.6759868136289959,
          0.9536350616963282,
          0.30341206737837956,
          0.9710639310109441,
          1.2891971622089975
        ],
        [
          1.0004547632234302,
          1.4773540596934476,
          1.345833120121065,
          1.2251329001672735,
          0.8009764519240689,
          0.5149582390037695,
          0.4710934074438522,
          1.731360503629792,
          0.5502505324715918,
          1.1700955090304683,
          1.3057600385820856,
          0.12619344429413626,
          1.2324718460336688,
          0.9710639310109441,
          1.426548041042011,
          1.293466253248674
        ],
        [
          0.6063662531345831,
          1.2308877111049088,
          0.3472310443188733,
          1.0169493212249692,
          1.3318548300740771,
          0.5403511895549584,
          0.8696200261839566,
          0.9374751924564748,
          1.2231412409051328,
          0.6068827789697446,
          0.9925006869826699,
          0.8097821268030434,
          1.5064418596772278,
          1.2891971622089975,
          1.293466253248674,
          0.8825063757415863
        ]
      ],
      "b_vector": [
        0.08198459895028654,
        0.16851580864940463,
        0.24377875784201028,
        0.07293356150377898,
        0.0568349238465161,
        0.27342041795560135,
        0.1284595070859469,
        0.3107146513351004,
        0.3176119794903866,
        0.4069439381880456,
        0.23580779453507328,
        0.3859581298477887,
        0.07168547549421153,
        0.2771720156264988,
        0.39491822174355534,
        0.011221397042775763
      ]
    }
  ],
  "shots": 2000,
  "backend": "sv1",
  "device_arn": "SV1",
  "aws_region": "eu-west-2",
  "ideal_preprocessing_list": [
    [
      [
        -2.774318412944347,
        -2.191436113860854,
        -1.74600244467908,
        -1.6911825516392995,
        -1.1460944317061648,
        -0.5607859526304331,
        -0.31144091144183533,
        -0.036489635012756386,
        0.22047208625514286,
        0.4585176506144777,
        0.8429235975797582,
        1.2661015397525683,
        1.7329133653187994,
        2.2212015588890175,
        3.23075752321882,
        16.356778147168253
      ],
      [
        0.0012201442368582338,
        0.2434890107306677,
        0.09924486712897067,
        0.09061542015906922,
        0.07637380512703877,
        0.029852508252949772,
        0.15291250636610015,
        0.011798934500644925,
        0.13651906511553089,
        0.05204508416087794,
        0.23737108908959986,
        0.25915805950179543,
        0.021863577269689377,
        0.03967330576916657,
        0.03629049261334901,
        0.8626599957925778
      ]
    ]
  ],
  "probability_threshold": 0,
  "k_qubits": 6,
  "preprocessing_mode": "ideal",
  "projection_mode": "all_components",
  "projection_subset": null,
  "num_solution_qubits": 4,
  "num_projections": 16,
  "projector_basis_states": [
    0,
    1,
    2,
    3,
    4,
    5,
    6,
    7,
    8,
    9,
    10,
    11,
    12,
    13,
    14,
    15
  ],
  "enhanced_projection_results": [
    {
      "problem_index": 0,
      "projection_tasks": [
        {
          "basis_state": 0,
          "task_id": "arn:aws:braket:eu-west-2:380012739362:quantum-task/1d19107e-287b-4650-8bf0-097ac81b6768",
          "shots": 2000,
          "projector_index": 0
        },
        {
          "basis_state": 1,
          "task_id": "arn:aws:braket:eu-west-2:380012739362:quantum-task/957725f7-765e-4be2-ba19-bfd19b2440f6",
          "shots": 2000,
          "projector_index": 1
        },
        {
          "basis_state": 2,
          "task_id": "arn:aws:braket:eu-west-2:380012739362:quantum-task/2fd2982c-0b4e-4489-af2c-89348a279e49",
          "shots": 2000,
          "projector_index": 2
        },
        {
          "basis_state": 3,
          "task_id": "arn:aws:braket:eu-west-2:380012739362:quantum-task/c397ffec-97cf-4e2e-aaf4-fd76d8536198",
          "shots": 2000,
          "projector_index": 3
        },
        {
          "basis_state": 4,
          "task_id": "arn:aws:braket:eu-west-2:380012739362:quantum-task/2bcfadf6-330d-49ea-a250-9132c4ef57a1",
          "shots": 2000,
          "projector_index": 4
        },
        {
          "basis_state": 5,
          "task_id": "arn:aws:braket:eu-west-2:380012739362:quantum-task/d3e39c4c-74cb-48e2-ba15-df38ae1bffe6",
          "shots": 2000,
          "projector_index": 5
        },
        {
          "basis_state": 6,
          "task_id": "arn:aws:braket:eu-west-2:380012739362:quantum-task/c19721ed-2c37-4ef2-8721-4544df560146",
          "shots": 2000,
          "projector_index": 6
        },
        {
          "basis_state": 7,
          "task_id": "arn:aws:braket:eu-west-2:380012739362:quantum-task/985910dd-e7ca-4a9c-bb7e-66f48624c5a6",
          "shots": 2000,
          "projector_index": 7
        },
        {
          "basis_state": 8,
          "task_id": "arn:aws:braket:eu-west-2:380012739362:quantum-task/42e8c8c1-e63f-4ba0-aa86-bff1ff4f9fe4",
          "shots": 2000,
          "projector_index": 8
        },
        {
          "basis_state": 9,
          "task_id": "arn:aws:braket:eu-west-2:380012739362:quantum-task/763a0f0f-49a5-4406-a34a-b41c7a517162",
          "shots": 2000,
          "projector_index": 9
        },
        {
          "basis_state": 10,
          "task_id": "arn:aws:braket:eu-west-2:380012739362:quantum-task/39a44b12-52cd-4092-8d4e-a1cf4fe8ed96",
          "shots": 2000,
          "projector_index": 10
        },
        {
          "basis_state": 11,
          "task_id": "arn:aws:braket:eu-west-2:380012739362:quantum-task/f16d3671-7ee8-484e-a596-7a0a6340b988",
          "shots": 2000,
          "projector_index": 11
        },
        {
          "basis_state": 12,
          "task_id": "arn:aws:braket:eu-west-2:380012739362:quantum-task/2ef1f6de-9ccc-4859-895b-17c36fdba534",
          "shots": 2000,
          "projector_index": 12
        },
        {
          "basis_state": 13,
          "task_id": "arn:aws:braket:eu-west-2:380012739362:quantum-task/dce35c7d-6004-4074-b61f-2e07ff85c6c7",
          "shots": 2000,
          "projector_index": 13
        },
        {
          "basis_state": 14,
          "task_id": "arn:aws:braket:eu-west-2:380012739362:quantum-task/845a4ad0-51af-40e0-9f9c-445804219ebc",
          "shots": 2000,
          "projector_index": 14
        },
        {
          "basis_state": 15,
          "task_id": "arn:aws:braket:eu-west-2:380012739362:quantum-task/1cf8973c-5c22-41fe-8a0b-94a3430ba4ee",
          "shots": 2000,
          "projector_index": 15
        }
      ],
      "depth": 9092,
      "num_projections": 16,
      "ideal_solution": [
        {
          "real": -0.07001295814157416,
          "imag": 0.0
        },
        {
          "real": -0.08902066634061917,
          "imag": 0.0
        },
        {
          "real": -0.13417644437103943,
          "imag": 0.0
        },
        {
          "real": 0.2729346610199639,
          "imag": 0.0
        },
        {
          "real": 0.004588103766900665,
          "imag": 0.0
        },
        {
          "real": 0.24926212833676942,
          "imag": 0.0
        },
        {
          "real": 0.2772699536618995,
          "imag": 0.0
        },
        {
          "real": 0.3196492401093775,
          "imag": 0.0
        },
        {
          "real": -0.425628133430972,
          "imag": 0.0
        },
        {
          "real": -0.14953253734710106,
          "imag": 0.0
        },
        {
          "real": 0.22568647129197056,
          "imag": 0.0
        },
        {
          "real": 0.06328000627866517,
          "imag": 0.0
        },
        {
          "real": -0.42942345312245966,
          "imag": 0.0
        },
        {
          "real": -0.1491093161234107,
          "imag": 0.0
        },
        {
          "real": 0.41546753547318116,
          "imag": 0.0
        },
        {
          "real": -0.12554099939964786,
          "imag": 0.0
        }
      ]
    }
  ]
}