{
  "problem_list": [
    {
      "A_matrix": [
        [
          0.6652324824018536,
          1.6441071741570454,
          1.4177837400616649,
          0.2108267013141898,
          1.5342235548431724,
          0.7012077777296597,
          1.4575304579600485,
          1.7316586044087579,
          0.7635362733112051,
          0.9050395819616059,
          0.27461438950652817,
          1.116169046700973,
          1.2330168814397724,
          1.4043057422908047,
          1.0004547632234302,
          0.6063662531345831
        ],
        [
          1.6441071741570454,
          1.338048193010294,
          0.8036025641644193,
          0.3345732166193097,
          1.236956404084661,
          0.9265798783746686,
          0.3564337141463023,
          0.23397653410260788,
          0.862127204518339,
          1.1157807428947653,
          1.4495652168109103,
          1.1108370530713136,
          0.29514635803213374,
          1.189027729658305,
          1.4773540596934476,
          1.2308877111049088
        ],
        [
          1.4177837400616649,
          0.8036025641644193,
          0.03626122745651528,
          0.919278163044901,
          0.5781976132599268,
          1.6775601557036017,
          0.7476875861413975,
          1.039372948784508,
          1.403427951701669,
          0.8925125670813636,
          1.0427645177221074,
          0.8236357431955379,
          1.7012436563319735,
          0.799217706427452,
          1.345833120121065,
          0.3472310443188733
        ],
        [
          0.2108267013141898,
          0.3345732166193097,
          0.919278163044901,
          0.6571978825303748,
          0.9618961140119141,
          1.6768639056742245,
          1.3723001309892182,
          0.3068193675323787,
          1.5305697143761499,
          1.8596692122268137,
          1.1794029930162786,
          1.3481346447067417,
          1.2891019276343467,
          0.5697019605723506,
          1.2251329001672735,
          1.0169493212249692
        ],
        [
          1.5342235548431724,
          1.236956404084661,
          0.5781976132599268,
          0.9618961140119141,
          0.4680862000677415,
          0.8781166301928566,
          1.5253626397495987,
          0.5450931155926887,
          1.0248955551118002,
          1.2144982384812075,
          0.440769324088949,
          0.5528108687277394,
          0.6652877164344202,
          0.8180086608008683,
          0.8009764519240689,
          1.3318548300740771
        ],
        [
          0.7012077777296597,
          0.9265798783746686,
          1.6775601557036017,
          1.6768639056742245,
          0.8781166301928566,
          1.5075097031844045,
          1.559337507590177,
          1.0750627738411618,
          1.8162231521138614,
          0.996893023417691,
          1.0600854183248334,
          1.335082166886599,
          0.8852450153727854,
          0.9049336006885361,
          0.5149582390037695,
          0.5403511895549584
        ],
        [
          1.4575304579600485,
          0.3564337141463023,
          0.7476875861413975,
          1.3723001309892182,
          1.5253626397495987,
          1.559337507590177,
          0.4214512934948462,
          0.6269311713178923,
          1.6948169151553811,
          0.907982938366049,
          1.7168769457154585,
          1.1491997687649143,
          0.8739600052388496,
          0.2126285933970784,
          0.4710934074438522,
          0.8696200261839566
        ],
        [
          1.7316586044087579,
          0.23397653410260788,
          1.039372948784508,
          0.3068193675323787,
          0.5450931155926887,
          1.0750627738411618,
          0.6269311713178923,
          1.9622150862158538,
          0.9150844335929043,
          0.9384460567583846,
          0.7927490373527554,
          1.3248044139825716,
          1.5838010309790145,
          1.336185725834378,
          1.731360503629792,
          0.9374751924564748
        ],
        [
          0.7635362733112051,
          0.862127204518339,
          1.403427951701669,
          1.5305697143761499,
          1.0248955551118002,
          1.8162231521138614,
          1.6948169151553811,
          0.9150844335929043,
          1.544791051359146,
          0.9159691206832731,
          1.1109087624949954,
          0.7830925068059279,
          1.18666035506272,
          0.36287687282671777,
          0.5502505324715918,
          1.2231412409051328
        ],
        [
          0.9050395819616059,
          1.1157807428947653,
          0.8925125670813636,
          1.8596692122268137,
          1.2144982384812075,
          0.996893023417691,
          0.907982938366049,
          0.9384460567583846,
          0.9159691206832731,
          1.9589077216064068,
          1.1433245902765536,
          1.0738381187000887,
          1.1929164860857906,
          0.9454624748610023,
          1.1700955090304683,
          0.6068827789697446
        ],
        [
          0.27461438950652817,
          1.4495652168109103,
          1.0427645177221074,
          1.1794029930162786,
          0.440769324088949,
          1.0600854183248334,
          1.7168769457154585,
          0.7927490373527554,
          1.1109087624949954,
          1.1433245902765536,
          0.25244343825141957,
          0.8566896313753378,
          1.2407665416675493,
          0.8869330220140976,
          1.3057600385820856,
          0.9925006869826699
        ],
        [
          1.116169046700973,
          1.1108370530713136,
          0.8236357431955379,
          1.3481346447067417,
          0.5528108687277394,
          1.335082166886599,
          1.1491997687649143,
          1.3248044139825716,
          0.7830925068059279,
          1.0738381187000887,
          0.8566896313753378,
          0.7344471359555869,
          0.803750046555833,
          0.6759868136289959,
          0.12619344429413626,
          0.8097821268030434
        ],
        [
          1.2330168814397724,
          0.29514635803213374,
          1.7012436563319735,
          1.2891019276343467,
          0.6652877164344202,
          0.8852450153727854,
          0.8739600052388496,
          1.5838010309790145,
          1.18666035506272,
          1.1929164860857906,
          1.2407665416675493,
          0.803750046555833,
          1.712857115185652,
          0.9536350616963282,
          1.2324718460336688,
          1.5064418596772278
        ],
        [
          1.4043057422908047,
          1.189027729658305,
          0.799217706427452,
          0.5697019605723506,
          0.8180086608008683,
          0.9049336006885361,
          0.2126285933970784,
          1.336185725834378,
          0.36287687282671777,
          0.9454624748610023,
          0.8869330220140976,
          0.6759868136289959,
          0.9536350616963282,
          0.30341206737837956,
          0.9710639310109441,
          1.2891971622089975
        ],
        [
          1.0004547632234302,
          1.4773540596934476,
          1.345833120121065,
          1.2251329001672735,
          0.8009764519240689,
          0.5149582390037695,
          0.4710934074438522,
          1.731360503629792,
          0.5502505324715918,
          1.1700955090304683,
          1.3057600385820856,
          0.12619344429413626,
          1.2324718460336688,
          0.9710639310109441,
          1.426548041042011,
          1.293466253248674
        ],
        [
          0.6063662531345831,
          1.2308877111049088,
          0.3472310443188733,
          1.0169493212249692,
          1.3318548300740771,
          0.5403511895549584,
          0.8696200261839566,
          0.9374751924564748,
          1.2231412409051328,
          0.6068827789697446,
          0.9925006869826699,
          0.8097821268030434,
          1.5064418596772278,
          1.2891971622089975,
          1.293466253248674,
          0.8825063757415863
        ]
      ],
      "b_vector": [
        0.08198459895028654,
        0.16851580864940463,
        0.24377875784201028,
        0.07293356150377898,
        0.0568349238465161,
        0.27342041795560135,
        0.1284595070859469,
        0.3107146513351004,
        0.3176119794903866,
        0.4069439381880456,
        0.23580779453507328,
        0.3859581298477887,
        0.07168547549421153,
        0.2771720156264988,
        0.39491822174355534,
        0.011221397042775763
      ]
    }
  ],
  "shots": 2000,
  "backend": "sv1",
  "device_arn": "SV1",
  "aws_region": "eu-west-2",
  "ideal_preprocessing_list": [
    [
      [
        -2.774318412944347,
        -2.191436113860854,
        -1.74600244467908,
        -1.6911825516392995,
        -1.1460944317061648,
        -0.5607859526304331,
        -0.31144091144183533,
        -0.036489635012756386,
        0.22047208625514286,
        0.4585176506144777,
        0.8429235975797582,
        1.2661015397525683,
        1.7329133653187994,
        2.2212015588890175,
        3.23075752321882,
        16.356778147168253
      ],
      [
        0.0012201442368582338,
        0.2434890107306677,
        0.09924486712897067,
        0.09061542015906922,
        0.07637380512703877,
        0.029852508252949772,
        0.15291250636610015,
        0.011798934500644925,
        0.13651906511553089,
        0.05204508416087794,
        0.23737108908959986,
        0.25915805950179543,
        0.021863577269689377,
        0.03967330576916657,
        0.03629049261334901,
        0.8626599957925778
      ]
    ]
  ],
  "probability_threshold": 0,
  "k_qubits": 6,
  "preprocessing_mode": "ideal",
  "projection_mode": "all_components",
  "projection_subset": null,
  "num_solution_qubits": 4,
  "num_projections": 16,
  "projector_basis_states": [
    0,
    1,
    2,
    3,
    4,
    5,
    6,
    7,
    8,
    9,
    10,
    11,
    12,
    13,
    14,
    15
  ],
  "enhanced_projection_results": [
    {
      "problem_index": 0,
      "projection_tasks": [
        {
          "basis_state": 0,
          "task_id": "arn:aws:braket:eu-west-2:380012739362:quantum-task/1d19107e-287b-4650-8bf0-097ac81b6768",
          "status": "DONE",
          "shots": 2000,
          "created_at": "2025-12-22 19:18:56.991000+00:00",
          "ended_at": "2025-12-22 19:19:05.177000+00:00",
          "execution_time_seconds": 8.186,
          "counts": {
            "01010000000": 218,
            "10000000001": 25,
            "00100000000": 147,
            "10010000000": 262,
            "10000000000": 98,
            "10110000000": 266,
            "11010000000": 192,
            "11100000000": 335,
            "01110000000": 138,
            "11010100001": 1,
            "10100000000": 111,
            "00010000000": 24,
            "11101000001": 1,
            "11100000001": 11,
            "01100000000": 40,
            "01010000001": 14,
            "00000000000": 25,
            "00110000001": 5,
            "11000000000": 16,
            "11100001000": 1,
            "01000000000": 19,
            "00110000000": 19,
            "00110011100": 1,
            "10010000001": 2,
            "01110000001": 1,
            "11001001001": 1,
            "11001000001": 2,
            "11000000001": 6,
            "10111000000": 1,
            "11100010001": 1,
            "11110111001": 1,
            "01010100001": 1,
            "11110000001": 2,
            "00010100001": 1,
            "11110000000": 1,
            "01101000000": 1,
            "01110101111": 1,
            "11000100001": 1,
            "11001100000": 1,
            "00010000001": 2,
            "01001010001": 1,
            "01010110001": 1,
            "01110010001": 1,
            "00000101111": 1,
            "11001000000": 1
          },
          "component_probability": 0.012048192771084338,
          "success_rate": 0.0415
        },
        {
          "basis_state": 1,
          "task_id": "arn:aws:braket:eu-west-2:380012739362:quantum-task/957725f7-765e-4be2-ba19-bfd19b2440f6",
          "status": "DONE",
          "shots": 2000,
          "created_at": "2025-12-22 19:19:00.836000+00:00",
          "ended_at": "2025-12-22 19:19:06.763000+00:00",
          "execution_time_seconds": 5.927,
          "counts": {
            "11100000000": 332,
            "00100000000": 117,
            "11000000000": 30,
            "10110000000": 277,
            "10000000001": 19,
            "10010000000": 264,
            "10100000000": 118,
            "01110000000": 126,
            "01010000000": 205,
            "10000000000": 88,
            "11010000000": 217,
            "00110000001": 8,
            "01100000000": 51,
            "00000000000": 14,
            "00110000000": 28,
            "11100000001": 6,
            "01000000000": 17,
            "01010000001": 14,
            "00010000000": 41,
            "11000000001": 6,
            "01100000001": 1,
            "00011010001": 1,
            "11110000001": 1,
            "01111000001": 1,
            "11011000001": 1,
            "11010000001": 2,
            "00100000001": 1,
            "10010000001": 2,
            "11000010001": 1,
            "01001011001": 1,
            "00100110001": 1,
            "11000010101": 1,
            "11001000000": 1,
            "10100110001": 1,
            "11000011101": 1,
            "11110110111": 1,
            "00010000001": 1,
            "11000110101": 1,
            "11001000001": 1,
            "00000111101": 1
          },
          "component_probability": 0.02702702702702703,
          "success_rate": 0.037
        },
        {
          "basis_state": 2,
          "task_id": "arn:aws:braket:eu-west-2:380012739362:quantum-task/2fd2982c-0b4e-4489-af2c-89348a279e49",
          "status": "DONE",
          "shots": 2000,
          "created_at": "2025-12-22 19:19:04.492000+00:00",
          "ended_at": "2025-12-22 19:19:12.585000+00:00",
          "execution_time_seconds": 8.093,
          "counts": {
            "10110000000": 290,
            "01010000000": 200,
            "00100000000": 145,
            "11100000000": 306,
            "11000000000": 16,
            "11010000000": 191,
            "10010000000": 264,
            "01110000000": 135,
            "00000000000": 26,
            "01100000000": 52,
            "10000000001": 26,
            "00110000000": 26,
            "10100000000": 91,
            "11011000001": 1,
            "11010000001": 1,
            "00010000000": 39,
            "10000000000": 96,
            "11001000001": 3,
            "00000011100": 1,
            "00110000001": 10,
            "01011001001": 1,
            "00000000001": 1,
            "01010000001": 22,
            "01000000000": 22,
            "11100000001": 8,
            "01110010001": 1,
            "11000000001": 2,
            "01000100001": 1,
            "11100010001": 1,
            "11001000000": 1,
            "11100010000": 1,
            "11101100000": 1,
            "01110000001": 1,
            "01100000001": 1,
            "00100100001": 1,
            "11000010000": 1,
            "00000010100": 1,
            "00100101001": 1,
            "00100110001": 1,
            "01000111001": 1,
            "10111000000": 1,
            "01111000001": 2,
            "01101000000": 1,
            "00000100111": 1,
            "10010000001": 1,
            "11100110000": 1,
            "01011010001": 1,
            "00111111000": 1,
            "10000010100": 1,
            "00010111001": 1
          },
          "component_probability": 0.03333333333333333,
          "success_rate": 0.045
        },
        {
          "basis_state": 3,
          "task_id": "arn:aws:braket:eu-west-2:380012739362:quantum-task/c397ffec-97cf-4e2e-aaf4-fd76d8536198",
          "status": "DONE",
          "shots": 2000,
          "created_at": "2025-12-22 19:19:08.630000+00:00",
          "ended_at": "2025-12-22 19:19:14.978000+00:00",
          "execution_time_seconds": 6.348,
          "counts": {
            "11010000000": 215,
            "11100000000": 351,
            "01010000000": 202,
            "10010000000": 254,
            "10110000000": 260,
            "01110000000": 127,
            "10100000000": 105,
            "01000000000": 24,
            "10000000000": 82,
            "00100000000": 156,
            "10000000001": 25,
            "01110100001": 2,
            "11100000001": 7,
            "00010000001": 1,
            "01100010000": 1,
            "00010000000": 36,
            "01010000001": 18,
            "11001101001": 1,
            "01100000000": 46,
            "11010000001": 1,
            "11000000000": 22,
            "00110000000": 17,
            "00000000000": 15,
            "00110000001": 5,
            "01100100001": 1,
            "01100000001": 1,
            "11001000001": 2,
            "10010000001": 1,
            "11000000001": 7,
            "00010111001": 2,
            "00000000001": 1,
            "01100110111": 1,
            "10000100001": 2,
            "01000011000": 1,
            "11100100001": 1,
            "10111100001": 1,
            "10101000001": 1,
            "01000100001": 1,
            "11110000001": 2,
            "11100001001": 1,
            "10010100101": 1
          },
          "component_probability": 0.05813953488372093,
          "success_rate": 0.043
        },
        {
          "basis_state": 4,
          "task_id": "arn:aws:braket:eu-west-2:380012739362:quantum-task/2bcfadf6-330d-49ea-a250-9132c4ef57a1",
          "status": "DONE",
          "shots": 2000,
          "created_at": "2025-12-22 19:19:12.385000+00:00",
          "ended_at": "2025-12-22 19:19:19.975000+00:00",
          "execution_time_seconds": 7.59,
          "counts": {
            "11100000000": 362,
            "00010000000": 31,
            "10010000000": 257,
            "10100000000": 116,
            "01010000000": 195,
            "11100000001": 14,
            "10000000001": 20,
            "11000000000": 20,
            "01110000000": 154,
            "00100000000": 138,
            "10110000000": 269,
            "01000000000": 26,
            "01100000000": 42,
            "11010000000": 189,
            "10000000000": 72,
            "00000000000": 30,
            "11000100001": 1,
            "01010000001": 11,
            "00000110000": 1,
            "01100000001": 4,
            "00110101101": 1,
            "00110000000": 20,
            "00000000001": 1,
            "11100110111": 1,
            "00010011000": 1,
            "10010000001": 2,
            "11011000001": 2,
            "10110100001": 1,
            "00100000001": 1,
            "11001000000": 1,
            "11000000001": 2,
            "00010100001": 1,
            "00110000001": 2,
            "01110011000": 1,
            "11001001000": 1,
            "11000010100": 1,
            "11100110000": 1,
            "00100101001": 1,
            "01110011101": 1,
            "00010000001": 1,
            "01010010000": 1,
            "00100110001": 1,
            "11001000001": 1,
            "01000100101": 1,
            "01110010100": 1
          },
          "component_probability": 0.014285714285714285,
          "success_rate": 0.035
        },
        {
          "basis_state": 5,
          "task_id": "arn:aws:braket:eu-west-2:380012739362:quantum-task/d3e39c4c-74cb-48e2-ba15-df38ae1bffe6",
          "status": "DONE",
          "shots": 2000,
          "created_at": "2025-12-22 19:19:16.319000+00:00",
          "ended_at": "2025-12-22 19:19:22.284000+00:00",
          "execution_time_seconds": 5.965,
          "counts": {
            "00100000000": 151,
            "11010000000": 185,
            "11100000000": 318,
            "01010000000": 218,
            "10010000000": 271,
            "10100000000": 107,
            "10000000000": 91,
            "10000000001": 29,
            "10110000000": 278,
            "00110000001": 7,
            "01110000000": 117,
            "00000000000": 29,
            "00010000000": 30,
            "00100000001": 1,
            "01000000001": 1,
            "11000000000": 21,
            "01100000000": 44,
            "01010000001": 16,
            "00110000000": 24,
            "11110000001": 1,
            "00010000001": 4,
            "11010000001": 3,
            "00101100001": 1,
            "11000000001": 5,
            "01000000000": 18,
            "11000110000": 1,
            "11001000001": 1,
            "01111000001": 1,
            "01110000001": 2,
            "11100000001": 8,
            "01000010000": 1,
            "11101000001": 2,
            "11001110001": 1,
            "00001101000": 1,
            "01110100001": 1,
            "01000100001": 1,
            "10010000001": 1,
            "10111000000": 1,
            "11100010001": 1,
            "11010010001": 1,
            "00110111101": 1,
            "00010101001": 1,
            "01010111001": 1,
            "01011011001": 1,
            "10100100001": 1,
            "01111101001": 1
          },
          "component_probability": 0.19148936170212766,
          "success_rate": 0.047
        },
        {
          "basis_state": 6,
          "task_id": "arn:aws:braket:eu-west-2:380012739362:quantum-task/c19721ed-2c37-4ef2-8721-4544df560146",
          "status": "DONE",
          "shots": 2000,
          "created_at": "2025-12-22 19:19:19.939000+00:00",
          "ended_at": "2025-12-22 19:19:27.489000+00:00",
          "execution_time_seconds": 7.55,
          "counts": {
            "00010000000": 39,
            "01010000000": 192,
            "10110000000": 272,
            "10100000000": 95,
            "11100000000": 349,
            "11010000000": 201,
            "10010000000": 271,
            "00110000000": 20,
            "10000000000": 101,
            "00100000000": 113,
            "01110000000": 146,
            "01010000001": 23,
            "11000000001": 7,
            "00000000000": 22,
            "10010000001": 3,
            "10000000001": 34,
            "01001100001": 1,
            "01100000000": 42,
            "11111100001": 1,
            "01000000000": 16,
            "11000000000": 23,
            "01000000100": 1,
            "11100000001": 8,
            "01011000001": 1,
            "00110101111": 1,
            "11100111000": 1,
            "11110100001": 1,
            "01111000001": 1,
            "11001000000": 1,
            "11010000001": 1,
            "01000101001": 1,
            "00110000001": 4,
            "01000100001": 1,
            "11000100001": 1,
            "01001010100": 1,
            "11101000000": 1,
            "00100100001": 1,
            "00010000001": 1,
            "00100110001": 1,
            "01010110000": 1
          },
          "component_probability": 0.0,
          "success_rate": 0.046
        },
        {
          "basis_state": 7,
          "task_id": "arn:aws:braket:eu-west-2:380012739362:quantum-task/985910dd-e7ca-4a9c-bb7e-66f48624c5a6",
          "status": "DONE",
          "shots": 2000,
          "created_at": "2025-12-22 19:19:23.468000+00:00",
          "ended_at": "2025-12-22 19:19:29.451000+00:00",
          "execution_time_seconds": 5.983,
          "counts": {
            "11100000000": 330,
            "00000000000": 25,
            "00100000000": 143,
            "01100000000": 52,
            "10000000000": 93,
            "10010000000": 277,
            "01010000000": 197,
            "10110000000": 255,
            "00010000000": 42,
            "11010000000": 213,
            "01110000000": 132,
            "00010011000": 1,
            "10100000000": 95,
            "11000000000": 22,
            "01010000001": 14,
            "01110011100": 1,
            "01100000001": 1,
            "11010000001": 2,
            "10000000001": 22,
            "00100100001": 2,
            "11100000001": 10,
            "11100111000": 1,
            "00110000000": 21,
            "01000000000": 17,
            "11001000001": 1,
            "11101011001": 2,
            "11000000001": 2,
            "10010111101": 1,
            "10100010000": 1,
            "01111111000": 1,
            "00100000001": 1,
            "10111100001": 1,
            "00000000001": 2,
            "11110000000": 1,
            "11110111101": 1,
            "00010000001": 2,
            "00110000001": 4,
            "01111000001": 1,
            "10010000001": 2,
            "00110011010": 1,
            "10001000001": 1,
            "10111000001": 1,
            "00101110001": 1,
            "11000011110": 1,
            "00011000001": 1,
            "01100100000": 1,
            "00101110000": 1,
            "11110000001": 1
          },
          "component_probability": 0.013157894736842105,
          "success_rate": 0.038
        },
        {
          "basis_state": 8,
          "task_id": "arn:aws:braket:eu-west-2:380012739362:quantum-task/42e8c8c1-e63f-4ba0-aa86-bff1ff4f9fe4",
          "status": "DONE",
          "shots": 2000,
          "created_at": "2025-12-22 19:19:26.973000+00:00",
          "ended_at": "2025-12-22 19:19:33.151000+00:00",
          "execution_time_seconds": 6.178,
          "counts": {
            "01100000000": 47,
            "01010000000": 195,
            "11100000000": 355,
            "00010000000": 37,
            "10100000000": 120,
            "10110000000": 263,
            "01110000000": 118,
            "11010000000": 204,
            "00100000000": 139,
            "00000000000": 19,
            "10010000000": 257,
            "10000000000": 113,
            "10000000001": 24,
            "11000000000": 18,
            "00110000000": 16,
            "01010000001": 17,
            "00100100001": 2,
            "10010000001": 2,
            "00000000001": 1,
            "00011011000": 1,
            "11000000001": 4,
            "11010100001": 2,
            "01000000000": 13,
            "10111000000": 2,
            "00110000001": 6,
            "01000100001": 1,
            "11100000001": 7,
            "01000000001": 2,
            "11000001001": 1,
            "11110000001": 1,
            "01000110001": 2,
            "01011010001": 1,
            "10000011100": 1,
            "11100011000": 1,
            "00100000001": 1,
            "01001000000": 1,
            "00010000001": 1,
            "01000101001": 1,
            "00000011101": 1,
            "11000011100": 1,
            "11000010001": 1,
            "11010000001": 1
          },
          "component_probability": 0.3037974683544304,
          "success_rate": 0.0395
        },
        {
          "basis_state": 9,
          "task_id": "arn:aws:braket:eu-west-2:380012739362:quantum-task/763a0f0f-49a5-4406-a34a-b41c7a517162",
          "status": "DONE",
          "shots": 2000,
          "created_at": "2025-12-22 19:19:30.525000+00:00",
          "ended_at": "2025-12-22 19:19:37.965000+00:00",
          "execution_time_seconds": 7.44,
          "counts": {
            "10100000000": 104,
            "10000000000": 94,
            "01110000000": 139,
            "10010000000": 251,
            "10110000000": 289,
            "11100000000": 343,
            "11010000000": 189,
            "01010000000": 197,
            "11100000001": 10,
            "01100000000": 38,
            "11000000000": 23,
            "01100000001": 2,
            "00010000000": 41,
            "10100010000": 1,
            "00000000001": 2,
            "00110000000": 28,
            "00110000001": 5,
            "01010000001": 15,
            "11000100001": 1,
            "00100000000": 143,
            "10010000001": 2,
            "10000000001": 25,
            "11101000001": 1,
            "00000000000": 16,
            "01000000000": 17,
            "11000000001": 4,
            "11110000001": 2,
            "11001000001": 3,
            "00010110001": 1,
            "00101010000": 1,
            "10110110000": 1,
            "11000011100": 1,
            "11001100000": 1,
            "11010000001": 1,
            "00010000001": 2,
            "01000110001": 1,
            "00100110001": 2,
            "10000010001": 1,
            "01111000001": 1,
            "01001000001": 1,
            "00010111111": 1
          },
          "component_probability": 0.024096385542168676,
          "success_rate": 0.0415
        },
        {
          "basis_state": 10,
          "task_id": "arn:aws:braket:eu-west-2:380012739362:quantum-task/39a44b12-52cd-4092-8d4e-a1cf4fe8ed96",
          "status": "DONE",
          "shots": 2000,
          "created_at": "2025-12-22 19:19:34.327000+00:00",
          "ended_at": "2025-12-22 19:19:40.661000+00:00",
          "execution_time_seconds": 6.334,
          "counts": {
            "10010000000": 262,
            "11010000000": 209,
            "01110000000": 124,
            "01010000000": 208,
            "10110000000": 259,
            "10100000000": 111,
            "01000000000": 20,
            "10000000001": 23,
            "11100000000": 321,
            "00100000000": 133,
            "10000000000": 96,
            "00110000000": 19,
            "00000000000": 21,
            "01100000000": 52,
            "11000000000": 29,
            "00010000000": 52,
            "00110000001": 3,
            "11100000001": 9,
            "10010000001": 2,
            "11000000001": 8,
            "00010000001": 2,
            "01010000001": 9,
            "11101011000": 1,
            "00101010111": 1,
            "11000010101": 1,
            "00001011101": 2,
            "11101000001": 1,
            "01111000001": 1,
            "00000000001": 2,
            "11110000001": 1,
            "11001000001": 4,
            "01010011000": 1,
            "11011000001": 1,
            "00011111001": 1,
            "11000100001": 2,
            "10010111101": 1,
            "11100010001": 1,
            "00100010000": 1,
            "00010110001": 2,
            "11011011100": 1,
            "11000011100": 1,
            "10010010111": 1,
            "01010101001": 1
          },
          "component_probability": 0.0,
          "success_rate": 0.0395
        },
        {
          "basis_state": 11,
          "task_id": "arn:aws:braket:eu-west-2:380012739362:quantum-task/f16d3671-7ee8-484e-a596-7a0a6340b988",
          "status": "DONE",
          "shots": 2000,
          "created_at": "2025-12-22 19:19:37.983000+00:00",
          "ended_at": "2025-12-22 19:19:43.749000+00:00",
          "execution_time_seconds": 5.766,
          "counts": {
            "10010000000": 269,
            "01010000000": 203,
            "10000000001": 19,
            "11100000000": 320,
            "10110000000": 308,
            "10100000000": 97,
            "10000000000": 96,
            "01100000000": 50,
            "11010000000": 199,
            "00100000000": 131,
            "01110000000": 123,
            "00000000000": 22,
            "11000000000": 20,
            "00010000000": 35,
            "00110000000": 28,
            "11100000001": 10,
            "00010100001": 2,
            "01000000000": 22,
            "10111000000": 1,
            "00010110001": 1,
            "00011000001": 1,
            "00101010000": 1,
            "01010000001": 14,
            "10010000001": 4,
            "00000000001": 1,
            "01010010100": 1,
            "01100101001": 1,
            "11000000001": 6,
            "00110000001": 3,
            "01111000001": 1,
            "01100000001": 2,
            "00000101101": 1,
            "10110100001": 1,
            "01100011100": 1,
            "00010111000": 1,
            "00010000001": 1,
            "11000010001": 1,
            "00100100001": 1,
            "11001011100": 1,
            "11110000001": 1
          },
          "component_probability": 0.014084507042253521,
          "success_rate": 0.0355
        },
        {
          "basis_state": 12,
          "task_id": "arn:aws:braket:eu-west-2:380012739362:quantum-task/2ef1f6de-9ccc-4859-895b-17c36fdba534",
          "status": "DONE",
          "shots": 2000,
          "created_at": "2025-12-22 19:19:41.725000+00:00",
          "ended_at": "2025-12-22 19:19:49.474000+00:00",
          "execution_time_seconds": 7.749,
          "counts": {
            "10010000000": 279,
            "10110000000": 279,
            "11100000000": 322,
            "00100000000": 148,
            "11010000000": 161,
            "00000000000": 22,
            "01010000000": 201,
            "11000000000": 25,
            "10100000000": 111,
            "01100000000": 53,
            "01010101000": 1,
            "01110000000": 133,
            "01010000001": 20,
            "11100000001": 9,
            "10000000000": 92,
            "00110000000": 34,
            "01000000000": 18,
            "10000000001": 22,
            "11000000001": 9,
            "01100000001": 3,
            "00010000000": 24,
            "01010010000": 1,
            "00110000001": 11,
            "11011000001": 1,
            "01000000001": 1,
            "01101010111": 1,
            "10011100001": 1,
            "11001011100": 1,
            "00110111101": 1,
            "01000110001": 1,
            "01110110000": 1,
            "11110110111": 1,
            "00010000001": 3,
            "10010000001": 4,
            "01001000001": 1,
            "11000100001": 1,
            "01110000001": 1,
            "11001000001": 2,
            "00111000001": 1
          },
          "component_probability": 0.1276595744680851,
          "success_rate": 0.047
        },
        {
          "basis_state": 13,
          "task_id": "arn:aws:braket:eu-west-2:380012739362:quantum-task/dce35c7d-6004-4074-b61f-2e07ff85c6c7",
          "status": "DONE",
          "shots": 2000,
          "created_at": "2025-12-22 19:19:45.328000+00:00",
          "ended_at": "2025-12-22 19:19:51.018000+00:00",
          "execution_time_seconds": 5.69,
          "counts": {
            "10110000000": 291,
            "01010000000": 192,
            "10100000000": 111,
            "11010000000": 180,
            "11100000000": 340,
            "00010000000": 34,
            "10010000000": 284,
            "11100000001": 8,
            "00000000000": 27,
            "01110000000": 159,
            "01100000000": 43,
            "00100000000": 121,
            "10000000000": 72,
            "00110000000": 18,
            "10000000001": 21,
            "01110100001": 1,
            "01000000000": 20,
            "10010000001": 3,
            "00110000001": 4,
            "11000000000": 24,
            "00000000001": 1,
            "01010000001": 19,
            "01100000001": 2,
            "00010000001": 3,
            "11000000001": 5,
            "11010000001": 1,
            "11001000000": 1,
            "11000100001": 1,
            "10101010001": 1,
            "10010110101": 1,
            "00100100001": 2,
            "00010111001": 1,
            "01001010001": 1,
            "10000100000": 1,
            "01111000001": 1,
            "11001000001": 1,
            "10100100001": 1,
            "11110111000": 1,
            "10111000000": 1,
            "01111110001": 1,
            "01000101001": 1
          },
          "component_probability": 0.0125,
          "success_rate": 0.04
        },
        {
          "basis_state": 14,
          "task_id": "arn:aws:braket:eu-west-2:380012739362:quantum-task/845a4ad0-51af-40e0-9f9c-445804219ebc",
          "status": "DONE",
          "shots": 2000,
          "created_at": "2025-12-22 19:19:48.968000+00:00",
          "ended_at": "2025-12-22 19:19:56.603000+00:00",
          "execution_time_seconds": 7.635,
          "counts": {
            "10110000000": 256,
            "10000000000": 104,
            "00100000000": 137,
            "10010000000": 227,
            "10100000000": 133,
            "11100000000": 376,
            "01110000000": 144,
            "01010000000": 190,
            "01100000000": 46,
            "00000000000": 22,
            "11010000000": 186,
            "00110000000": 22,
            "10000000001": 20,
            "00110000001": 8,
            "00010000000": 26,
            "11000000000": 19,
            "10100110001": 1,
            "01000000000": 20,
            "00000000001": 1,
            "10010000001": 4,
            "01101000000": 1,
            "11011000001": 1,
            "01010000001": 26,
            "11100000001": 6,
            "11001000001": 2,
            "11000000001": 4,
            "00100000001": 1,
            "01111000001": 2,
            "11000100001": 1,
            "00100100001": 1,
            "11101000001": 2,
            "11010100001": 1,
            "01000101001": 1,
            "00011000000": 1,
            "10000001001": 1,
            "11110000001": 2,
            "01100000001": 1,
            "01010110001": 1,
            "00000010100": 1,
            "10100100001": 1,
            "01101000001": 1
          },
          "component_probability": 0.0898876404494382,
          "success_rate": 0.0445
        },
        {
          "basis_state": 15,
          "task_id": "arn:aws:braket:eu-west-2:380012739362:quantum-task/1cf8973c-5c22-41fe-8a0b-94a3430ba4ee",
          "status": "DONE",
          "shots": 2000,
          "created_at": "2025-12-22 19:19:52.627000+00:00",
          "ended_at": "2025-12-22 19:19:58.171000+00:00",
          "execution_time_seconds": 5.544,
          "counts": {
            "11100000000": 324,
            "01110000000": 124,
            "00100000000": 133,
            "10010000000": 262,
            "10110000000": 282,
            "01010000000": 229,
            "00010000000": 39,
            "11010000000": 197,
            "00000000000": 23,
            "10100000000": 111,
            "01100000000": 47,
            "10000000001": 29,
            "10000000000": 95,
            "01010000001": 14,
            "11000000000": 20,
            "11110010101": 1,
            "01100000001": 2,
            "11110000001": 3,
            "01110100001": 2,
            "00110000000": 13,
            "11100000001": 9,
            "11000000001": 3,
            "00011000000": 2,
            "01000000000": 14,
            "00101000001": 1,
            "11100110111": 1,
            "01010100001": 1,
            "11010000001": 1,
            "10010000001": 2,
            "00000010100": 1,
            "01011010001": 1,
            "10100110001": 1,
            "00011011000": 2,
            "10100000001": 1,
            "00111111000": 1,
            "00110000001": 3,
            "00100000001": 1,
            "11000110001": 1,
            "01110011110": 1,
            "11110000000": 1,
            "00010000001": 1,
            "10010101001": 1
          },
          "component_probability": 0.05063291139240506,
          "success_rate": 0.0395
        }
      ],
      "depth": 9092,
      "num_projections": 16,
      "ideal_solution": [
        {
          "real": -0.07001295814157416,
          "imag": 0.0
        },
        {
          "real": -0.08902066634061917,
          "imag": 0.0
        },
        {
          "real": -0.13417644437103943,
          "imag": 0.0
        },
        {
          "real": 0.2729346610199639,
          "imag": 0.0
        },
        {
          "real": 0.004588103766900665,
          "imag": 0.0
        },
        {
          "real": 0.24926212833676942,
          "imag": 0.0
        },
        {
          "real": 0.2772699536618995,
          "imag": 0.0
        },
        {
          "real": 0.3196492401093775,
          "imag": 0.0
        },
        {
          "real": -0.425628133430972,
          "imag": 0.0
        },
        {
          "real": -0.14953253734710106,
          "imag": 0.0
        },
        {
          "real": 0.22568647129197056,
          "imag": 0.0
        },
        {
          "real": 0.06328000627866517,
          "imag": 0.0
        },
        {
