{
  "problem_list": [
    {
      "A_matrix": [
        [
          1.9603071967255499,
          0.784816910804358,
          1.563797003519121,
          1.0052843323242793,
          0.735275998214659,
          0.4923055319207311,
          0.9418067618172902,
          0.4481748169695815,
          0.702043848273957,
          0.8077371828173919,
          1.396976379711619,
          1.5446102565464621,
          0.3593277546233,
          0.371752199326737,
          1.3021863586533837,
          0.9324554342237846
        ],
        [
          0.784816910804358,
          1.5491968534068266,
          1.4203952436211662,
          0.2192530022758863,
          0.8317738492181739,
          0.6861529151631635,
          1.1485132103142783,
          1.1035782928043112,
          1.5675079547226394,
          0.6487300532836417,
          1.1185404087581083,
          0.8075461497553932,
          1.0808688241028301,
          1.4982940430265623,
          0.8796045416990772,
          1.32577296198714
        ],
        [
          1.563797003519121,
          1.4203952436211662,
          1.6824014819599382,
          1.405054491279475,
          1.0330590251126033,
          0.985597395502605,
          0.8484026155347825,
          1.3358314662863786,
          1.0667538627788473,
          0.4698980367267166,
          1.0450965869008533,
          1.4297718412022742,
          0.8679259466930953,
          1.4407014587221227,
          0.9019413864366407,
          1.0378734908149339
        ],
        [
          1.0052843323242793,
          0.2192530022758863,
          1.405054491279475,
          0.2184626677974888,
          0.7430904351547103,
          1.2493789529279629,
          1.0027144106698604,
          1.060358341442599,
          1.2189893797769522,
          0.622383620318757,
          1.222850737507092,
          1.5672311180669554,
          1.4863435430425072,
          1.335244770068871,
          1.852680003689812,
          0.6426322815230809
        ],
        [
          0.735275998214659,
          0.8317738492181739,
          1.0330590251126033,
          0.7430904351547103,
          0.4674388632712252,
          0.7569763692673415,
          0.24407794180486087,
          0.5679774640236458,
          0.9952777028232298,
          0.9567938757253078,
          0.33452687206160725,
          0.8802257706900611,
          0.8476020787250663,
          1.8513523964457128,
          0.9936223080094749,
          0.4704826283193895
        ],
        [
          0.4923055319207311,
          0.6861529151631635,
          0.985597395502605,
          1.2493789529279629,
          0.7569763692673415,
          1.1388049643956342,
          1.1502690705110015,
          1.7526019349102084,
          1.5966229235074336,
          1.0061865039288418,
          0.8355067306555418,
          0.9576291221826274,
          0.4612809492921237,
          1.4174315723886202,
          0.7318900271979517,
          1.172496091386282
        ],
        [
          0.9418067618172902,
          1.1485132103142783,
          0.8484026155347825,
          1.0027144106698604,
          0.24407794180486087,
          1.1502690705110015,
          0.36265918361713556,
          1.8678550114814445,
          0.6309247530004614,
          1.3796535999119992,
          0.9332615327231067,
          0.8562703053396024,
          0.35519833384494226,
          1.3117489652886136,
          0.687291582756876,
          0.8302397665691844
        ],
        [
          0.4481748169695815,
          1.1035782928043112,
          1.3358314662863786,
          1.060358341442599,
          0.5679774640236458,
          1.7526019349102084,
          1.8678550114814445,
          1.1789781041633214,
          1.772032435085292,
          1.2522119584495952,
          1.1608005093304716,
          0.8025675527763338,
          1.8325488736497593,
          1.003760339101757,
          1.4758932596055516,
          0.5477038224971795
        ],
        [
          0.702043848273957,
          1.5675079547226394,
          1.0667538627788473,
          1.2189893797769522,
          0.9952777028232298,
          1.5966229235074336,
          0.6309247530004614,
          1.772032435085292,
          1.0170988318782526,
          1.3895728825440563,
          1.0051608559170906,
          0.3616610567562162,
          0.6283678205352453,
          1.0719638215100304,
          1.1021245256811185,
          0.2908786192791132
        ],
        [
          0.8077371828173919,
          0.6487300532836417,
          0.4698980367267166,
          0.622383620318757,
          0.9567938757253078,
          1.0061865039288418,
          1.3796535999119992,
          1.2522119584495952,
          1.3895728825440563,
          1.214791630287843,
          1.1048360450753298,
          0.9024995010466894,
          1.2325684760907798,
          1.1632977281433576,
          0.7323812103760156,
          1.663742521113844
        ],
        [
          1.396976379711619,
          1.1185404087581083,
          1.0450965869008533,
          1.222850737507092,
          0.33452687206160725,
          0.8355067306555418,
          0.9332615327231067,
          1.1608005093304716,
          1.0051608559170906,
          1.1048360450753298,
          1.9675536762044519,
          1.427949446500642,
          1.3008709081821586,
          0.3646590816285997,
          1.0439485500417407,
          0.8225444289140521
        ],
        [
          1.5446102565464621,
          0.8075461497553932,
          1.4297718412022742,
          1.5672311180669554,
          0.8802257706900611,
          0.9576291221826274,
          0.8562703053396024,
          0.8025675527763338,
          0.3616610567562162,
          0.9024995010466894,
          1.427949446500642,
          1.8869390132693298,
          1.1624304047741387,
          1.2299082657660323,
          0.7250785897520008,
          1.765267729117823
        ],
        [
          0.3593277546233,
          1.0808688241028301,
          0.8679259466930953,
          1.4863435430425072,
          0.8476020787250663,
          0.4612809492921237,
          0.35519833384494226,
          1.8325488736497593,
          0.6283678205352453,
          1.2325684760907798,
          1.3008709081821586,
          1.1624304047741387,
          1.9515428184523973,
          0.841293094750256,
          1.265039732494343,
          0.8668659307207776
        ],
        [
          0.371752199326737,
          1.4982940430265623,
          1.4407014587221227,
          1.335244770068871,
          1.8513523964457128,
          1.4174315723886202,
          1.3117489652886136,
          1.003760339101757,
          1.0719638215100304,
          1.1632977281433576,
          0.3646590816285997,
          1.2299082657660323,
          0.841293094750256,
          1.1823615379902892,
          0.742302531119823,
          0.513807611822129
        ],
        [
          1.3021863586533837,
          0.8796045416990772,
          0.9019413864366407,
          1.852680003689812,
          0.9936223080094749,
          0.7318900271979517,
          0.687291582756876,
          1.4758932596055516,
          1.1021245256811185,
          0.7323812103760156,
          1.0439485500417407,
          0.7250785897520008,
          1.265039732494343,
          0.742302531119823,
          1.331175530595094,
          1.5685990115486987
        ],
        [
          0.9324554342237846,
          1.32577296198714,
          1.0378734908149339,
          0.6426322815230809,
          0.4704826283193895,
          1.172496091386282,
          0.8302397665691844,
          0.5477038224971795,
          0.2908786192791132,
          1.663742521113844,
          0.8225444289140521,
          1.765267729117823,
          0.8668659307207776,
          0.513807611822129,
          1.5685990115486987,
          1.826857902776975
        ]
      ],
      "b_vector": [
        0.3963912068575285,
        0.24409110871193973,
        0.0957986218764072,
        0.09964722835538112,
        0.22071600741541203,
        0.40991664483994994,
        0.057084278752498434,
        0.0017623344654370409,
        0.31907223015362524,
        0.12427759960019504,
        0.35032362922797144,
        0.13004252616582165,
        0.23221569231700367,
        0.40730561642471297,
        0.013275210522376351,
        0.25940263218275733
      ]
    }
  ],
  "shots": 2000,
  "backend": "sv1",
  "device_arn": "SV1",
  "aws_region": "eu-west-2",
  "ideal_preprocessing_list": [
    [
      [
        -2.424745269176471,
        -1.9190756753228297,
        -1.7363220781328854,
        -0.9646591635079492,
        -0.7227702685354567,
        -0.3771867557650978,
        -0.038635760983864995,
        0.28964829976128154,
        0.7193842618392129,
        1.1021136301025647,
        1.305901693853496,
        1.6682397015011323,
        1.8718992155078076,
        2.2463274546092147,
        3.156335919673223,
        16.760115051368377
      ],
      [
        0.07961382573337228,
        0.16124368430112146,
        0.05376701569683118,
        0.17951335692847972,
        0.32452965096888364,
        0.07805310982507951,
        0.03974001551774824,
        0.23376994702720116,
        0.21253104958744468,
        0.06471902997593441,
        0.05798696237304564,
        0.08132374418595131,
        0.012323454672489076,
        0.1659014394305535,
        0.012919555610643549,
        0.8232439658714824
      ]
    ]
  ],
  "probability_threshold": 0,
  "k_qubits": 7,
  "preprocessing_mode": "ideal",
  "projection_mode": "all_components",
  "projection_subset": null,
  "num_solution_qubits": 4,
  "num_projections": 16,
  "projector_basis_states": [
    0,
    1,
    2,
    3,
    4,
    5,
    6,
    7,
    8,
    9,
    10,
    11,
    12,
    13,
    14,
    15
  ],
  "enhanced_projection_results": [
    {
      "problem_index": 0,
      "projection_tasks": [
        {
          "basis_state": 0,
          "task_id": "arn:aws:braket:eu-west-2:380012739362:quantum-task/2f545b18-afc0-4e68-b7d2-a732f979e4c1",
          "shots": 2000,
          "projector_index": 0
        },
        {
          "basis_state": 1,
          "task_id": "arn:aws:braket:eu-west-2:380012739362:quantum-task/4b524a32-b7fc-40a9-9a69-cad48c5cee59",
          "shots": 2000,
          "projector_index": 1
        },
        {
          "basis_state": 2,
          "task_id": "arn:aws:braket:eu-west-2:380012739362:quantum-task/edff081f-5724-4ce5-bfa9-78e0cb779b3a",
          "shots": 2000,
          "projector_index": 2
        },
        {
          "basis_state": 3,
          "task_id": "arn:aws:braket:eu-west-2:380012739362:quantum-task/f2713c46-8b6a-4736-a821-b8275a7b8eee",
          "shots": 2000,
          "projector_index": 3
        },
        {
          "basis_state": 4,
          "task_id": "arn:aws:braket:eu-west-2:380012739362:quantum-task/5b271950-f624-40c7-9fe5-61da37d47ac7",
          "shots": 2000,
          "projector_index": 4
        },
        {
          "basis_state": 5,
          "task_id": "arn:aws:braket:eu-west-2:380012739362:quantum-task/b617860a-86df-411b-a500-a5f008e8f1eb",
          "shots": 2000,
          "projector_index": 5
        },
        {
          "basis_state": 6,
          "task_id": "arn:aws:braket:eu-west-2:380012739362:quantum-task/64a54f6f-4f45-4909-9901-06f9082c97fa",
          "shots": 2000,
          "projector_index": 6
        },
        {
          "basis_state": 7,
          "task_id": "arn:aws:braket:eu-west-2:380012739362:quantum-task/c44f7b8f-4590-4b37-8091-4e9272b3f36f",
          "shots": 2000,
          "projector_index": 7
        },
        {
          "basis_state": 8,
          "task_id": "arn:aws:braket:eu-west-2:380012739362:quantum-task/79c5a6f4-39a6-4e0e-a019-b39320490bf1",
          "shots": 2000,
          "projector_index": 8
        },
        {
          "basis_state": 9,
          "task_id": "arn:aws:braket:eu-west-2:380012739362:quantum-task/34c9b814-bb88-4ad4-b6d6-4d0ea7017f12",
          "shots": 2000,
          "projector_index": 9
        },
        {
          "basis_state": 10,
          "task_id": "arn:aws:braket:eu-west-2:380012739362:quantum-task/d48c75eb-6e67-4991-8aea-856548fd7bdd",
          "shots": 2000,
          "projector_index": 10
        },
        {
          "basis_state": 11,
          "task_id": "arn:aws:braket:eu-west-2:380012739362:quantum-task/aadc6cd1-7e49-41e4-b541-fc290f900cb5",
          "shots": 2000,
          "projector_index": 11
        },
        {
          "basis_state": 12,
          "task_id": "arn:aws:braket:eu-west-2:380012739362:quantum-task/1f8632a1-03a9-419c-9c71-43edec89902c",
          "shots": 2000,
          "projector_index": 12
        },
        {
          "basis_state": 13,
          "task_id": "arn:aws:braket:eu-west-2:380012739362:quantum-task/e012fc3e-f05b-4b7d-a361-5c9b9cf7c2f1",
          "shots": 2000,
          "projector_index": 13
        },
        {
          "basis_state": 14,
          "task_id": "arn:aws:braket:eu-west-2:380012739362:quantum-task/30f95646-7f7b-4a00-b68e-0a601fc987aa",
          "shots": 2000,
          "projector_index": 14
        },
        {
          "basis_state": 15,
          "task_id": "arn:aws:braket:eu-west-2:380012739362:quantum-task/f5dc38e9-54d7-4aaa-9f9a-f2391fd85cfe",
          "shots": 2000,
          "projector_index": 15
        }
      ],
      "depth": 13359,
      "num_projections": 16,
      "ideal_solution": [
        {
          "real": -0.35136034842879066,
          "imag": 0.0
        },
        {
          "real": 0.1799419088896011,
          "imag": 0.0
        },
        {
          "real": -0.33591677407295595,
          "imag": 0.0
        },
        {
          "real": 0.17050639266390868,
          "imag": 0.0
        },
        {
          "real": 0.1623604144133106,
          "imag": 0.0
        },
        {
          "real": -0.15942859134907503,
          "imag": 0.0
        },
        {
          "real": 0.05479746300087349,
          "imag": 0.0
        },
        {
          "real": -0.2341017533698438,
          "imag": 0.0
        },
        {
          "real": 0.06052515144119244,
          "imag": 0.0
        },
        {
          "real": -0.06205463790084321,
          "imag": 0.0
        },
        {
          "real": 0.47627881235162156,
          "imag": 0.0
        },
        {
          "real": 0.18190580043404916,
          "imag": 0.0
        },
        {
          "real": -0.4185256211763802,
          "imag": 0.0
        },
        {
          "real": 0.22653562006386652,
          "imag": 0.0
        },
        {
          "real": 0.3025560850593794,
          "imag": 0.0
        },
        {
          "real": -0.08486440025289946,
          "imag": 0.0
        }
      ]
    }
  ]
}