{
  "problem_list": [
    {
      "A_matrix": [
        [
          1.240278380647202,
          1.297478628364686,
          1.69101846802454,
          1.2606557954518116,
          0.4735695614546449,
          1.4875720351017019,
          0.6738098793634989,
          0.7727014712635455,
          0.620302743589209,
          1.0522734720221287,
          0.34809712918153835,
          0.726152755549466,
          0.6855800301924051,
          1.3483645506462867,
          1.6680742558548671,
          1.4712713750279205
        ],
        [
          1.297478628364686,
          1.3053649932628755,
          1.1148893887088969,
          1.051709081750999,
          0.8408509437470172,
          1.1205754146608555,
          0.8148772881502808,
          1.06582739251763,
          0.7242313323020978,
          1.1793683898275897,
          0.961014026814371,
          1.1535619709686875,
          1.1505406108666612,
          0.711243422723356,
          1.3976469089568548,
          0.5773366308613297
        ],
        [
          1.69101846802454,
          1.1148893887088969,
          0.6623029936419071,
          0.5923630021688385,
          0.9405886237004644,
          1.7470400773478796,
          1.1755938732129354,
          1.4990791379360284,
          1.5254620846058438,
          0.7539149267071983,
          0.5074051253787428,
          0.39241773071741237,
          0.535104792859174,
          1.0148569030510235,
          0.3012855965324265,
          1.1697436025136643
        ],
        [
          1.2606557954518116,
          1.051709081750999,
          0.5923630021688385,
          0.1849229379362891,
          0.24666200904280322,
          1.1992532184957803,
          1.6874874517647072,
          0.9170884567398643,
          0.9779002012871321,
          1.584326628137973,
          0.5455522168985133,
          0.9200439524630835,
          1.780011878941942,
          0.5801925769007161,
          0.7401526751910102,
          0.22659678245181503
        ],
        [
          0.4735695614546449,
          0.8408509437470172,
          0.9405886237004644,
          0.24666200904280322,
          0.10791807824432764,
          1.7464616913273765,
          1.5298588928732741,
          0.9141867248609972,
          0.6112737499206548,
          1.0119471140969991,
          0.4023409669625455,
          1.5853253139898862,
          0.9001067777853922,
          0.531368437786353,
          1.1807416478429051,
          1.270694267918046
        ],
        [
          1.4875720351017019,
          1.1205754146608555,
          1.7470400773478796,
          1.1992532184957803,
          1.7464616913273765,
          1.7885083340420729,
          1.0813222119200576,
          0.6811275382626166,
          1.7881710343685246,
          0.3830637812682216,
          1.3467280766098175,
          0.6236637756960961,
          0.8188318568800437,
          0.8661304559588088,
          0.5893775763138506,
          1.0704313090673478
        ],
        [
          0.6738098793634989,
          0.8148772881502808,
          1.1755938732129354,
          1.6874874517647072,
          1.5298588928732741,
          1.0813222119200576,
          0.6753369604241741,
          0.06864530538941938,
          0.512752369601339,
          0.9456677535388548,
          1.229383710394105,
          1.916905339976104,
          0.9750489649772017,
          1.5446490262707422,
          0.6398938876855127,
          0.4366248842792202
        ],
        [
          0.7727014712635455,
          1.06582739251763,
          1.4990791379360284,
          0.9170884567398643,
          0.9141867248609972,
          0.6811275382626166,
          0.06864530538941938,
          0.8356167552037101,
          1.443637152546255,
          0.9008792496888475,
          1.6506250933376738,
          1.3396031813627916,
          0.7582219868578626,
          0.4142856624695811,
          1.2126975460916407,
          1.30837018100627
        ],
        [
          0.620302743589209,
          0.7242313323020978,
          1.5254620846058438,
          0.9779002012871321,
          0.6112737499206548,
          1.7881710343685246,
          0.512752369601339,
          1.443637152546255,
          0.9007490265033204,
          1.321402177580595,
          0.9749151925475658,
          0.908778216566852,
          0.783383088737077,
          0.8626461422107699,
          1.3311014661927427,
          0.28076151024837837
        ],
        [
          1.0522734720221287,
          1.1793683898275897,
          0.7539149267071983,
          1.584326628137973,
          1.0119471140969991,
          0.3830637812682216,
          0.9456677535388548,
          0.9008792496888475,
          1.321402177580595,
          1.160693553161393,
          0.6402235269450074,
          0.5789562370992669,
          1.4851637570120841,
          1.4924439174578505,
          1.2236185757097797,
          1.3517379274428825
        ],
        [
          0.34809712918153835,
          0.961014026814371,
          0.5074051253787428,
          0.5455522168985133,
          0.4023409669625455,
          1.3467280766098175,
          1.229383710394105,
          1.6506250933376738,
          0.9749151925475658,
          0.6402235269450074,
          1.3831413242617951,
          0.22677846153175474,
          0.793417135318042,
          1.4012764406615936,
          0.782551959641895,
          0.4067188278283398
        ],
        [
          0.726152755549466,
          1.1535619709686875,
          0.39241773071741237,
          0.9200439524630835,
          1.5853253139898862,
          0.6236637756960961,
          1.916905339976104,
          1.3396031813627916,
          0.908778216566852,
          0.5789562370992669,
          0.22677846153175474,
          1.278667330928017,
          1.2524434476136657,
          0.8483965949912763,
          0.614571716878226,
          0.47209895198766805
        ],
        [
          0.6855800301924051,
          1.1505406108666612,
          0.535104792859174,
          1.780011878941942,
          0.9001067777853922,
          0.8188318568800437,
          0.9750489649772017,
          0.7582219868578626,
          0.783383088737077,
          1.4851637570120841,
          0.793417135318042,
          1.2524434476136657,
          1.4119192740283535,
          0.6971355674795049,
          0.12119970927340618,
          1.2283096252664178
        ],
        [
          1.3483645506462867,
          0.711243422723356,
          1.0148569030510235,
          0.5801925769007161,
          0.531368437786353,
          0.8661304559588088,
          1.5446490262707422,
          0.4142856624695811,
          0.8626461422107699,
          1.4924439174578505,
          1.4012764406615936,
          0.8483965949912763,
          0.6971355674795049,
          1.6182036097193906,
          1.0824734576030415,
          1.2547899061630634
        ],
        [
          1.6680742558548671,
          1.3976469089568548,
          0.3012855965324265,
          0.7401526751910102,
          1.1807416478429051,
          0.5893775763138506,
          0.6398938876855127,
          1.2126975460916407,
          1.3311014661927427,
          1.2236185757097797,
          0.782551959641895,
          0.614571716878226,
          0.12119970927340618,
          1.0824734576030415,
          1.6843839899422084,
          0.32696645105988886
        ],
        [
          1.4712713750279205,
          0.5773366308613297,
          1.1697436025136643,
          0.22659678245181503,
          1.270694267918046,
          1.0704313090673478,
          0.4366248842792202,
          1.30837018100627,
          0.28076151024837837,
          1.3517379274428825,
          0.4067188278283398,
          0.47209895198766805,
          1.2283096252664178,
          1.2547899061630634,
          0.32696645105988886,
          0.3449794408034479
        ]
      ],
      "b_vector": [
        0.10569574465482645,
        0.24210950116449817,
        0.115461537370832,
        0.13914865996270537,
        0.1575146522736177,
        0.23782100616102628,
        0.32712992546967407,
        0.2165349198690411,
        0.401955616417368,
        0.4124683170408056,
        0.22308787160623897,
        0.18513136109893555,
        0.05152599992312225,
        0.3831182219404882,
        0.09812170663897168,
        0.2957093287279397
      ]
    }
  ],
  "shots": 2000,
  "backend": "sv1",
  "device_arn": "SV1",
  "aws_region": "eu-west-2",
  "ideal_preprocessing_list": [
    [
      [
        -2.920965511708048,
        -2.495502991952833,
        -1.9886349662987435,
        -1.579345288491687,
        -1.0973018403421557,
        -0.5147004478809888,
        -0.2202082050509157,
        0.23666708959096522,
        0.591322372564627,
        1.0362591923904136,
        1.5446488444490116,
        1.6939177320198677,
        1.8405127123437177,
        2.1659835018226543,
        2.6567644292925356,
        15.633570360002063
      ],
      [
        0.08513804397042835,
        0.03688936565833176,
        0.1666402026988845,
        0.009999607143345912,
        0.17234463287447474,
        0.0030321486644884627,
        0.1895995361662478,
        0.009434179644011283,
        0.17821828388286048,
        0.07782987179546137,
        0.03824831477382708,
        0.20915068417305274,
        0.00196781877022964,
        0.028255692994317558,
        0.0021652155857580513,
        0.9021860961147197
      ]
    ]
  ],
  "probability_threshold": 0,
  "k_qubits": 4,
  "preprocessing_mode": "ideal",
  "projection_mode": "all_components",
  "projection_subset": null,
  "num_solution_qubits": 4,
  "num_projections": 16,
  "projector_basis_states": [
    0,
    1,
    2,
    3,
    4,
    5,
    6,
    7,
    8,
    9,
    10,
    11,
    12,
    13,
    14,
    15
  ],
  "enhanced_projection_results": [
    {
      "problem_index": 0,
      "projection_tasks": [
        {
          "basis_state": 0,
          "task_id": "arn:aws:braket:eu-west-2:380012739362:quantum-task/bb068c2f-010d-49b2-88f2-d3cff1b8ea46",
          "shots": 2000,
          "projector_index": 0
        },
        {
          "basis_state": 1,
          "task_id": "arn:aws:braket:eu-west-2:380012739362:quantum-task/438afe61-8855-4ea4-8f56-cee9f75a0934",
          "shots": 2000,
          "projector_index": 1
        },
        {
          "basis_state": 2,
          "task_id": "arn:aws:braket:eu-west-2:380012739362:quantum-task/138b58fb-019f-4fcc-b0d8-e4596741800f",
          "shots": 2000,
          "projector_index": 2
        },
        {
          "basis_state": 3,
          "task_id": "arn:aws:braket:eu-west-2:380012739362:quantum-task/aae09e29-3937-4cc7-89f5-86a27c9e80a5",
          "shots": 2000,
          "projector_index": 3
        },
        {
          "basis_state": 4,
          "task_id": "arn:aws:braket:eu-west-2:380012739362:quantum-task/1213c8b8-1f7d-45fb-a6e5-c8d4ee0bd1cd",
          "shots": 2000,
          "projector_index": 4
        },
        {
          "basis_state": 5,
          "task_id": "arn:aws:braket:eu-west-2:380012739362:quantum-task/0849d1f1-9f0b-4ce7-a133-a4a7953f1c7d",
          "shots": 2000,
          "projector_index": 5
        },
        {
          "basis_state": 6,
          "task_id": "arn:aws:braket:eu-west-2:380012739362:quantum-task/2a630a6d-5148-474b-8cd5-ff2cce1d922d",
          "shots": 2000,
          "projector_index": 6
        },
        {
          "basis_state": 7,
          "task_id": "arn:aws:braket:eu-west-2:380012739362:quantum-task/6b1fce02-e276-4e86-bfd7-6c14774e92e5",
          "shots": 2000,
          "projector_index": 7
        },
        {
          "basis_state": 8,
          "task_id": "arn:aws:braket:eu-west-2:380012739362:quantum-task/d62d8bc3-6bea-4617-9bda-d70bcee35424",
          "shots": 2000,
          "projector_index": 8
        },
        {
          "basis_state": 9,
          "task_id": "arn:aws:braket:eu-west-2:380012739362:quantum-task/5c079821-70b9-478c-ba6f-f583f32ed81d",
          "shots": 2000,
          "projector_index": 9
        },
        {
          "basis_state": 10,
          "task_id": "arn:aws:braket:eu-west-2:380012739362:quantum-task/5a247e0a-7d4b-473f-bbfd-c6acf6486a98",
          "shots": 2000,
          "projector_index": 10
        },
        {
          "basis_state": 11,
          "task_id": "arn:aws:braket:eu-west-2:380012739362:quantum-task/8b94cd28-9420-4c75-980f-cac76ff552bc",
          "shots": 2000,
          "projector_index": 11
        },
        {
          "basis_state": 12,
          "task_id": "arn:aws:braket:eu-west-2:380012739362:quantum-task/bb95c45a-b9e4-4188-aedb-9a73212080f9",
          "shots": 2000,
          "projector_index": 12
        },
        {
          "basis_state": 13,
          "task_id": "arn:aws:braket:eu-west-2:380012739362:quantum-task/3004832d-939f-4097-89b1-df5a2a7ee95b",
          "shots": 2000,
          "projector_index": 13
        },
        {
          "basis_state": 14,
          "task_id": "arn:aws:braket:eu-west-2:380012739362:quantum-task/271d2547-7f1e-4f22-9a2e-5086b4322bb8",
          "shots": 2000,
          "projector_index": 14
        },
        {
          "basis_state": 15,
          "task_id": "arn:aws:braket:eu-west-2:380012739362:quantum-task/9de6b665-ed5e-4c33-aef5-16af2bc5f355",
          "shots": 2000,
          "projector_index": 15
        }
      ],
      "depth": 5771,
      "num_projections": 16,
      "ideal_solution": [
        {
          "real": 0.25083773582032115,
          "imag": 0.0
        },
        {
          "real": -0.8146996671455855,
          "imag": 0.0
        },
        {
          "real": -0.10328192439364947,
          "imag": 0.0
        },
        {
          "real": 0.21428139564879423,
          "imag": 0.0
        },
        {
          "real": -0.02081262705891623,
          "imag": 0.0
        },
        {
          "real": 0.0010745129239348526,
          "imag": 0.0
        },
        {
          "real": 0.023089755844456817,
          "imag": 0.0
        },
        {
          "real": 0.17724475065862094,
          "imag": 0.0
        },
        {
          "real": 0.0337440955021367,
          "imag": 0.0
        },
        {
          "real": -0.18644037138692154,
          "imag": 0.0
        },
        {
          "real": 0.11888824751275104,
          "imag": 0.0
        },
        {
          "real": 0.07818093916745952,
          "imag": 0.0
        },
        {
          "real": 0.230078724736357,
          "imag": 0.0
        },
        {
          "real": 0.038415967326908475,
          "imag": 0.0
        },
        {
          "real": 0.27070649862249097,
          "imag": 0.0
        },
        {
          "real": 0.02320962087834981,
          "imag": 0.0
        }
      ]
    }
  ]
}