{
  "problem_list": [
    {
      "A_matrix": [
        [
          0.15937853062696683,
          1.1318070857043367,
          1.0624187588200558,
          1.5617304147689703,
          1.0199139763806249,
          0.9582765533226513,
          0.5163423802102538,
          1.3061245899949556
        ],
        [
          1.1318070857043367,
          1.4668430785636448,
          1.4517233452632916,
          1.680360821536743,
          0.40546631924041066,
          0.9485583106038751,
          0.7680811943311259,
          0.27309526152626207
        ],
        [
          1.0624187588200558,
          1.4517233452632916,
          0.7468684368810417,
          0.9654943635782729,
          1.8158339938142753,
          1.6831324701242019,
          0.7447784674742699,
          1.6890156817373383
        ],
        [
          1.5617304147689703,
          1.680360821536743,
          0.9654943635782729,
          0.630227284426436,
          1.509011160163046,
          0.9286355330017588,
          0.6777825097293321,
          0.36644908382786345
        ],
        [
          1.0199139763806249,
          0.40546631924041066,
          1.8158339938142753,
          1.509011160163046,
          0.5520879978307267,
          0.20715806493573052,
          1.702146648000785,
          0.5879777041419324
        ],
        [
          0.9582765533226513,
          0.9485583106038751,
          1.6831324701242019,
          0.9286355330017588,
          0.20715806493573052,
          1.893851465384914,
          0.9791992690357962,
          0.9101066811758157
        ],
        [
          0.5163423802102538,
          0.7680811943311259,
          0.7447784674742699,
          0.6777825097293321,
          1.702146648000785,
          0.9791992690357962,
          0.9494338464546808,
          1.1365902063033317
        ],
        [
          1.3061245899949556,
          0.27309526152626207,
          1.6890156817373383,
          0.36644908382786345,
          0.5879777041419324,
          0.9101066811758157,
          1.1365902063033317,
          0.4968662557540615
        ]
      ],
      "b_vector": [
        0.172746521389991,
        0.4062298421454359,
        0.20864847391383828,
        0.38248329245825763,
        0.441884887312001,
        0.05431268677793399,
        0.4334788770907554,
        0.47874026523599306
      ]
    }
  ],
  "shots": 2000,
  "backend": "sv1",
  "device_arn": "SV1",
  "aws_region": "eu-west-2",
  "ideal_preprocessing_list": [
    [
      [
        -2.430142578115042,
        -1.5857257646828704,
        -0.349916038965909,
        -0.1310020366495674,
        0.29702130720519515,
        1.4121687984191376,
        1.4753526109738495,
        8.207800597737682
      ],
      [
        0.16972279111869581,
        0.17372070965289338,
        0.12108567005641308,
        0.19980599915865233,
        0.01573386625640022,
        0.28399045984778776,
        0.17066225090421297,
        0.881139814504005
      ]
    ]
  ],
  "probability_threshold": 0,
  "k_qubits": 4,
  "preprocessing_mode": "ideal",
  "projection_mode": "all_components",
  "projection_subset": null,
  "num_solution_qubits": 3,
  "num_projections": 8,
  "projector_basis_states": [
    0,
    1,
    2,
    3,
    4,
    5,
    6,
    7
  ],
  "enhanced_projection_results": [
    {
      "problem_index": 0,
      "projection_tasks": [
        {
          "basis_state": 0,
          "task_id": "arn:aws:braket:eu-west-2:380012739362:quantum-task/5c11d839-2046-4ba1-86d8-820bef51dfe5",
          "shots": 2000,
          "projector_index": 0
        },
        {
          "basis_state": 1,
          "task_id": "arn:aws:braket:eu-west-2:380012739362:quantum-task/a715a4d1-854d-4e1f-b1b8-050aa436ea4f",
          "shots": 2000,
          "projector_index": 1
        },
        {
          "basis_state": 2,
          "task_id": "arn:aws:braket:eu-west-2:380012739362:quantum-task/581e84d5-9409-45bd-84df-4b4fa2e51b9e",
          "shots": 2000,
          "projector_index": 2
        },
        {
          "basis_state": 3,
          "task_id": "arn:aws:braket:eu-west-2:380012739362:quantum-task/934fd542-38f7-4788-bb43-18387305b666",
          "shots": 2000,
          "projector_index": 3
        },
        {
          "basis_state": 4,
          "task_id": "arn:aws:braket:eu-west-2:380012739362:quantum-task/30144eba-054c-4dbf-bfe5-af045093ed09",
          "shots": 2000,
          "projector_index": 4
        },
        {
          "basis_state": 5,
          "task_id": "arn:aws:braket:eu-west-2:380012739362:quantum-task/3ba26bc1-b940-4c51-a82b-5e12918d5f10",
          "shots": 2000,
          "projector_index": 5
        },
        {
          "basis_state": 6,
          "task_id": "arn:aws:braket:eu-west-2:380012739362:quantum-task/1c4b02d2-70a5-458c-bba6-aa3b9ac39f91",
          "shots": 2000,
          "projector_index": 6
        },
        {
          "basis_state": 7,
          "task_id": "arn:aws:braket:eu-west-2:380012739362:quantum-task/6d4673b4-592b-42e3-b2ad-f7526c6d82f8",
          "shots": 2000,
          "projector_index": 7
        }
      ],
      "depth": 1363,
      "num_projections": 8,
      "ideal_solution": [
        {
          "real": 0.14413016165858986,
          "imag": 0.0
        },
        {
          "real": -0.5342040663566419,
          "imag": 0.0
        },
        {
          "real": 0.06989379986135305,
          "imag": 0.0
        },
        {
          "real": 0.3944038597801772,
          "imag": 0.0
        },
        {
          "real": 0.46175806230564853,
          "imag": 0.0
        },
        {
          "real": 0.2478818018759262,
          "imag": 0.0
        },
        {
          "real": -0.2463548826095826,
          "imag": 0.0
        },
        {
          "real": -0.44503521223452913,
          "imag": 0.0
        }
      ]
    }
  ]
}