{
  "problem_list": [
    {
      "A_matrix": [
        [
          0.9206521203482281,
          1.2012626363877676,
          1.645187431151581,
          0.6117971799909899,
          0.8932429131454923,
          1.2205890230949685,
          1.6668266776227605,
          1.3124686728521051
        ],
        [
          1.2012626363877676,
          1.0796828701892243,
          1.06633349061666,
          1.019049120798934,
          0.8406338438278829,
          0.495882755195875,
          0.6052496039596883,
          1.1378500207606383
        ],
        [
          1.645187431151581,
          1.06633349061666,
          0.4977418455741742,
          0.12125662792250647,
          0.9213704909167588,
          0.9801765336793066,
          1.4602968789150452,
          0.83184255232737
        ],
        [
          0.6117971799909899,
          1.019049120798934,
          0.12125662792250647,
          0.29699227310018816,
          0.8058111213416745,
          0.15920031041460392,
          1.5882144131721128,
          0.6853385900484928
        ],
        [
          0.8932429131454923,
          0.8406338438278829,
          0.9213704909167588,
          0.8058111213416745,
          0.3928280557090498,
          0.8549116280336554,
          0.559659414980448,
          1.4851124327333194
        ],
        [
          1.2205890230949685,
          0.495882755195875,
          0.9801765336793066,
          0.15920031041460392,
          0.8549116280336554,
          1.9834538358112623,
          0.9931008694886581,
          1.845271111071249
        ],
        [
          1.6668266776227605,
          0.6052496039596883,
          1.4602968789150452,
          1.5882144131721128,
          0.559659414980448,
          0.9931008694886581,
          0.9275061189133731,
          1.0184134529296776
        ],
        [
          1.3124686728521051,
          1.1378500207606383,
          0.83184255232737,
          0.6853385900484928,
          1.4851124327333194,
          1.845271111071249,
          1.0184134529296776,
          0.5787507569204153
        ]
      ],
      "b_vector": [
        0.5010277589011989,
        0.39011733649243113,
        0.16905718154142382,
        0.3162147623706674,
        0.33099720153591744,
        0.3692850420894915,
        0.3726552571829608,
        0.28879925824849506
      ]
    }
  ],
  "shots": 2000,
  "backend": "sv1",
  "device_arn": "SV1",
  "aws_region": "eu-west-2",
  "ideal_preprocessing_list": [
    [
      [
        -1.8086484174214978,
        -1.246267580775079,
        -0.8797888683495858,
        -0.22962800168205286,
        0.4507010506106076,
        0.7332120426323379,
        1.6046515099245515,
        8.053376141626636
      ],
      [
        0.07323096761825765,
        0.15305875688374318,
        0.10313072883337619,
        0.06318083008723746,
        0.06899643079246011,
        0.05860823033999368,
        0.09672388438195606,
        0.9690363955327291
      ]
    ]
  ],
  "probability_threshold": 0,
  "k_qubits": 6,
  "preprocessing_mode": "ideal",
  "projection_mode": "all_components",
  "projection_subset": null,
  "num_solution_qubits": 3,
  "num_projections": 8,
  "projector_basis_states": [
    0,
    1,
    2,
    3,
    4,
    5,
    6,
    7
  ],
  "enhanced_projection_results": [
    {
      "problem_index": 0,
      "projection_tasks": [
        {
          "basis_state": 0,
          "task_id": "arn:aws:braket:eu-west-2:380012739362:quantum-task/d0e40ede-3a98-4074-bb23-131f30b906e6",
          "shots": 2000,
          "projector_index": 0
        },
        {
          "basis_state": 1,
          "task_id": "arn:aws:braket:eu-west-2:380012739362:quantum-task/5ee62098-7dd2-4bd5-8c5e-095bc4ed3cee",
          "shots": 2000,
          "projector_index": 1
        },
        {
          "basis_state": 2,
          "task_id": "arn:aws:braket:eu-west-2:380012739362:quantum-task/a607d312-d787-4813-9a43-7a75ca9ef487",
          "shots": 2000,
          "projector_index": 2
        },
        {
          "basis_state": 3,
          "task_id": "arn:aws:braket:eu-west-2:380012739362:quantum-task/581a5dbd-0452-47d6-bc6f-bba9a7bb2b41",
          "shots": 2000,
          "projector_index": 3
        },
        {
          "basis_state": 4,
          "task_id": "arn:aws:braket:eu-west-2:380012739362:quantum-task/65737e53-296a-4939-8512-af531553d800",
          "shots": 2000,
          "projector_index": 4
        },
        {
          "basis_state": 5,
          "task_id": "arn:aws:braket:eu-west-2:380012739362:quantum-task/34b36450-41a7-40f0-9832-8780a64d7cc3",
          "shots": 2000,
          "projector_index": 5
        },
        {
          "basis_state": 6,
          "task_id": "arn:aws:braket:eu-west-2:380012739362:quantum-task/55780f41-b412-47d3-9b55-895138e701ca",
          "shots": 2000,
          "projector_index": 6
        },
        {
          "basis_state": 7,
          "task_id": "arn:aws:braket:eu-west-2:380012739362:quantum-task/0528f33f-1f65-4fc9-bfa9-dc8e965c0dae",
          "shots": 2000,
          "projector_index": 7
        }
      ],
      "depth": 2798,
      "num_projections": 8,
      "ideal_solution": [
        {
          "real": -0.33463374085592906,
          "imag": 0.0
        },
        {
          "real": -0.22530786610677547,
          "imag": 0.0
        },
        {
          "real": 0.2571126525672956,
          "imag": 0.0
        },
        {
          "real": 0.29506916809489425,
          "imag": 0.0
        },
        {
          "real": 0.6223803353393325,
          "imag": 0.0
        },
        {
          "real": -0.21197501447132902,
          "imag": 0.0
        },
        {
          "real": 0.21584202299923264,
          "imag": 0.0
        },
        {
          "real": 0.4529960567280393,
          "imag": 0.0
        }
      ]
    }
  ]
}