{
  "problem_list": [
    {
      "A_matrix": [
        [
          0.8910213742495154,
          0.9334422287213977,
          1.7570136643588325,
          1.5891515638960008,
          0.3520097168276478,
          0.4380420141860699,
          0.8091763474779208,
          1.85393390756993,
          1.4108180621157496,
          1.046617260408825,
          1.8063520722841677,
          0.6794097553809891,
          0.9875280890003844,
          1.2579207424544303,
          0.7507832879908807,
          1.517429800589356
        ],
        [
          0.9334422287213977,
          0.6330660253354892,
          0.3158040181652466,
          0.27446719512275963,
          1.1131737304408684,
          0.08209776774329425,
          0.7145139458894741,
          1.876175385305999,
          1.2408875461053075,
          0.8126016200189073,
          0.5273143655098976,
          0.22774997245833994,
          0.33105944440631296,
          0.5392721165305431,
          1.016592703515575,
          1.4867555396405403
        ],
        [
          1.7570136643588325,
          0.3158040181652466,
          1.7652720318678465,
          0.677339255682973,
          0.8055967811482573,
          1.0461883730676416,
          0.4157432884357892,
          0.8871994698908956,
          0.23595001321060294,
          1.0635350516216708,
          0.9394116283932424,
          1.5308624787535412,
          0.8646640160107721,
          0.8930005636848048,
          0.8544606516726619,
          0.882323159478605
        ],
        [
          1.5891515638960008,
          0.27446719512275963,
          0.677339255682973,
          0.391997410060549,
          0.6774449290308716,
          0.09391099431721284,
          1.0273588400552327,
          1.2950392467366996,
          0.8008265397121933,
          1.817498971972438,
          0.9944659013370918,
          1.6587708981773384,
          0.23440758493125413,
          0.5209474459087559,
          0.7319092241323176,
          0.9707119707920824
        ],
        [
          0.3520097168276478,
          1.1131737304408684,
          0.8055967811482573,
          0.6774449290308716,
          1.37465619110989,
          0.4405124152233667,
          1.5820414550662414,
          1.5473273888019277,
          0.2068185421850156,
          0.649364903492638,
          0.4972241125652227,
          1.8616337961140792,
          0.7289021850743476,
          0.8874820560897784,
          1.4759558842423117,
          1.0128469181219208
        ],
        [
          0.4380420141860699,
          0.08209776774329425,
          1.0461883730676416,
          0.09391099431721284,
          0.4405124152233667,
          0.007914298070545334,
          1.7386007535441925,
          0.5622141334617412,
          0.9756449226100217,
          1.7310840958360014,
          0.3473839235288403,
          0.12572496044202874,
          0.729939271339999,
          0.8447083865563816,
          1.7182380349859039,
          1.6121846823740011
        ],
        [
          0.8091763474779208,
          0.7145139458894741,
          0.4157432884357892,
          1.0273588400552327,
          1.5820414550662414,
          1.7386007535441925,
          0.8343685586896827,
          1.3633006940457024,
          0.6628808705524577,
          1.0437801886566809,
          0.833568588504623,
          1.0870524335511416,
          0.671682231823048,
          0.44879669036592607,
          1.0856788680607004,
          1.1258031353024003
        ],
        [
          1.85393390756993,
          1.876175385305999,
          0.8871994698908956,
          1.2950392467366996,
          1.5473273888019277,
          0.5622141334617412,
          1.3633006940457024,
          0.6439501230933034,
          1.7161663315437892,
          1.2978374828797816,
          0.9770457681907471,
          1.0451674248974734,
          1.0342565503724306,
          0.8816302385243037,
          0.9046604039548194,
          1.7740563676418635
        ],
        [
          1.4108180621157496,
          1.2408875461053075,
          0.23595001321060294,
          0.8008265397121933,
          0.2068185421850156,
          0.9756449226100217,
          0.6628808705524577,
          1.7161663315437892,
          1.7259858137939905,
          0.314616059343922,
          0.7548603617062896,
          1.350604542208298,
          0.8825979647405143,
          0.15672228270367616,
          1.8954525563342508,
          0.9390059502088489
        ],
        [
          1.046617260408825,
          0.8126016200189073,
          1.0635350516216708,
          1.817498971972438,
          0.649364903492638,
          1.7310840958360014,
          1.0437801886566809,
          1.2978374828797816,
          0.314616059343922,
          1.840667622114235,
          0.8924567089313299,
          0.8161912113092475,
          0.4190770665505964,
          0.3978330429625049,
          1.5160512100872703,
          1.7053153911875092
        ],
        [
          1.8063520722841677,
          0.5273143655098976,
          0.9394116283932424,
          0.9944659013370918,
          0.4972241125652227,
          0.3473839235288403,
          0.833568588504623,
          0.9770457681907471,
          0.7548603617062896,
          0.8924567089313299,
          1.545304587432566,
          1.7908131807222276,
          1.5465040593572073,
          1.2165327685600298,
          0.36093495306128576,
          0.9463048970063481
        ],
        [
          0.6794097553809891,
          0.22774997245833994,
          1.5308624787535412,
          1.6587708981773384,
          1.8616337961140792,
          0.12572496044202874,
          1.0870524335511416,
          1.0451674248974734,
          1.350604542208298,
          0.8161912113092475,
          1.7908131807222276,
          0.582051139453065,
          0.3281808372397127,
          0.26750856130241396,
          1.589251179476963,
          1.0307984408634119
        ],
        [
          0.9875280890003844,
          0.33105944440631296,
          0.8646640160107721,
          0.23440758493125413,
          0.7289021850743476,
          0.729939271339999,
          0.671682231823048,
          1.0342565503724306,
          0.8825979647405143,
          0.4190770665505964,
          1.5465040593572073,
          0.3281808372397127,
          1.0965630873452266,
          0.26054944930849666,
          1.0636290652228455,
          1.3333966346207875
        ],
        [
          1.2579207424544303,
          0.5392721165305431,
          0.8930005636848048,
          0.5209474459087559,
          0.8874820560897784,
          0.8447083865563816,
          0.44879669036592607,
          0.8816302385243037,
          0.15672228270367616,
          0.3978330429625049,
          1.2165327685600298,
          0.26750856130241396,
          0.26054944930849666,
          1.2577260298418556,
          0.4650674305207726,
          1.2180147054175696
        ],
        [
          0.7507832879908807,
          1.016592703515575,
          0.8544606516726619,
          0.7319092241323176,
          1.4759558842423117,
          1.7182380349859039,
          1.0856788680607004,
          0.9046604039548194,
          1.8954525563342508,
          1.5160512100872703,
          0.36093495306128576,
          1.589251179476963,
          1.0636290652228455,
          0.4650674305207726,
          0.49209834274594977,
          0.991143134482698
        ],
        [
          1.517429800589356,
          1.4867555396405403,
          0.882323159478605,
          0.9707119707920824,
          1.0128469181219208,
          1.6121846823740011,
          1.1258031353024003,
          1.7740563676418635,
          0.9390059502088489,
          1.7053153911875092,
          0.9463048970063481,
          1.0307984408634119,
          1.3333966346207875,
          1.2180147054175696,
          0.991143134482698,
          1.9108898741321674
        ]
      ],
      "b_vector": [
        0.28443348851605216,
        0.10726406663970017,
        0.18178998549691033,
        0.1733035641279563,
        0.22929646028693074,
        0.1399766216655122,
        0.36918934782171586,
        0.2835695694090324,
        0.29601437126508684,
        0.3485887667235424,
        0.33095703517312014,
        0.2841024894900472,
        0.11343372429904382,
        0.2561757916882035,
        0.1484113041036916,
        0.23605700309821914
      ]
    }
  ],
  "shots": 2000,
  "backend": "sv1",
  "device_arn": "SV1",
  "aws_region": "eu-west-2",
  "ideal_preprocessing_list": [
    [
      [
        -2.9217475219418834,
        -2.396575319543455,
        -2.1086336688033236,
        -1.6215715870866934,
        -1.4309082604922576,
        -0.5428805322554685,
        -0.24323314571233567,
        -0.041196712186635176,
        0.5870851479532321,
        0.9875169289976645,
        1.5248342225029832,
        1.795270209794301,
        2.192492435538149,
        2.45014865016528,
        2.8908153401519163,
        15.87211632225441
      ],
      [
        0.035151954125014456,
        0.13308647243396438,
        0.06241409167393901,
        0.0435858630108974,
        0.09458270947748651,
        0.06345687032279029,
        0.01978410199977961,
        0.0705476914086011,
        0.15130187602738898,
        0.08081827210868964,
        0.05738068464844423,
        0.005180205582484741,
        0.05518366545436554,
        0.0159575270935515,
        0.057017263364299915,
        0.957925862309806
      ]
    ]
  ],
  "probability_threshold": 0,
  "k_qubits": 6,
  "preprocessing_mode": "ideal",
  "projection_mode": "all_components",
  "projection_subset": null,
  "num_solution_qubits": 4,
  "num_projections": 16,
  "projector_basis_states": [
    0,
    1,
    2,
    3,
    4,
    5,
    6,
    7,
    8,
    9,
    10,
    11,
    12,
    13,
    14,
    15
  ],
  "enhanced_projection_results": [
    {
      "problem_index": 0,
      "projection_tasks": [
        {
          "basis_state": 0,
          "task_id": "arn:aws:braket:eu-west-2:380012739362:quantum-task/f18837d8-468b-41ac-91a1-1ecf0f7aae88",
          "status": "DONE",
          "shots": 2000,
          "created_at": "2025-12-22 19:20:10.234000+00:00",
          "ended_at": "2025-12-22 19:20:18.601000+00:00",
          "execution_time_seconds": 8.367,
          "counts": {
            "10000000000": 177,
            "11010000000": 147,
            "00000000000": 149,
            "10010000000": 274,
            "00100000000": 60,
            "10100000000": 247,
            "01100000000": 192,
            "11110000000": 129,
            "01110000000": 141,
            "10110000000": 174,
            "01010000000": 42,
            "01000000000": 106,
            "00110000000": 63,
            "11100000001": 1,
            "00010000000": 19,
            "11000000000": 19,
            "11100000000": 47,
            "01100000001": 5,
            "00100100000": 1,
            "00001100001": 1,
            "00010010001": 1,
            "00001011001": 1,
            "01110000001": 1,
            "11010100001": 1,
            "01000110000": 1,
            "11110000001": 1
          },
          "component_probability": 0.16666666666666666,
          "success_rate": 0.006
        },
        {
          "basis_state": 1,
          "task_id": "arn:aws:braket:eu-west-2:380012739362:quantum-task/49dbdb20-cc47-4c87-a5ee-e71bdd55081d",
          "status": "DONE",
          "shots": 2000,
          "created_at": "2025-12-22 19:20:13.849000+00:00",
          "ended_at": "2025-12-22 19:20:19.699000+00:00",
          "execution_time_seconds": 5.85,
          "counts": {
            "10000000000": 181,
            "00000000000": 133,
            "10100000000": 244,
            "11100000000": 58,
            "01100000000": 206,
            "11010000000": 144,
            "11110000000": 141,
            "01110000000": 154,
            "01000000000": 109,
            "10010000000": 242,
            "10110000000": 167,
            "00100000000": 61,
            "00110000000": 64,
            "00010000000": 24,
            "01010000000": 29,
            "11000000000": 30,
            "01110000001": 1,
            "10010000001": 1,
            "00000000001": 2,
            "01100000001": 3,
            "11101000110": 1,
            "11100000001": 1,
            "11110000001": 2,
            "01101000001": 1,
            "10101100001": 1
          },
          "component_probability": 0.0,
          "success_rate": 0.006
        },
        {
          "basis_state": 2,
          "task_id": "arn:aws:braket:eu-west-2:380012739362:quantum-task/6d50567e-9bc6-47df-937b-b904a6120cb5",
          "status": "DONE",
          "shots": 2000,
          "created_at": "2025-12-22 19:20:17.788000+00:00",
          "ended_at": "2025-12-22 19:20:25.369000+00:00",
          "execution_time_seconds": 7.581,
          "counts": {
            "10010000000": 255,
            "10110000000": 171,
            "10000000000": 192,
            "10100000000": 223,
            "01110000000": 148,
            "00000000000": 146,
            "01100000000": 226,
            "00100000000": 64,
            "11110000000": 157,
            "11100000000": 60,
            "00110000000": 52,
            "11010000000": 131,
            "01000000000": 85,
            "00100000001": 3,
            "00010000000": 20,
            "01100000001": 2,
            "01010000000": 40,
            "11000000000": 21,
            "01110000001": 1,
            "01111100100": 1,
            "01101000001": 1,
            "00000010000": 1
          },
          "component_probability": 0.42857142857142855,
          "success_rate": 0.0035
        },
        {
          "basis_state": 3,
          "task_id": "arn:aws:braket:eu-west-2:380012739362:quantum-task/12181b39-a62f-4a63-a4a7-dcd76f5fcacf",
          "status": "DONE",
          "shots": 2000,
          "created_at": "2025-12-22 19:20:21.806000+00:00",
          "ended_at": "2025-12-22 19:20:27.182000+00:00",
          "execution_time_seconds": 5.376,
          "counts": {
            "00110000000": 47,
            "11110000000": 130,
            "00000000000": 151,
            "10100000000": 215,
            "01110000000": 163,
            "01100000000": 222,
            "11000000000": 22,
            "00010000000": 30,
            "01000000000": 101,
            "00100000000": 63,
            "11100000000": 47,
            "10010000000": 268,
            "10000000000": 172,
            "11010000000": 129,
            "01010000000": 27,
            "10110000000": 202,
            "01100000001": 6,
            "10110000001": 2,
            "01101000001": 1,
            "00000000001": 1,
            "11011100111": 1
          },
          "component_probability": 0.0,
          "success_rate": 0.0055
        },
        {
          "basis_state": 4,
          "task_id": "arn:aws:braket:eu-west-2:380012739362:quantum-task/695cce5a-422c-470e-ad93-71e6668add5e",
          "status": "DONE",
          "shots": 2000,
          "created_at": "2025-12-22 19:20:25.362000+00:00",
          "ended_at": "2025-12-22 19:20:31.649000+00:00",
          "execution_time_seconds": 6.287,
          "counts": {
            "01100000000": 207,
            "11010000000": 138,
            "10110000000": 187,
            "11100000000": 51,
            "10100000000": 214,
            "10010000000": 255,
            "11110000000": 159,
            "10000000000": 173,
            "01000000000": 105,
            "00100000000": 60,
            "01110000000": 126,
            "01100000001": 14,
            "00110000000": 69,
            "00010000000": 33,
            "11000000000": 23,
            "00000000000": 145,
            "01010000000": 34,
            "01100010000": 1,
            "10110000001": 1,
            "10111000000": 1,
            "10001000100": 1,
            "11110000001": 1,
            "00000000001": 1,
            "10100000001": 1
          },
          "component_probability": 0.0,
          "success_rate": 0.009
        },
        {
          "basis_state": 5,
          "task_id": "arn:aws:braket:eu-west-2:380012739362:quantum-task/02e81f02-a323-4f0a-85cd-fa6cbb3d1c29",
          "status": "DONE",
          "shots": 2000,
          "created_at": "2025-12-22 19:20:29.043000+00:00",
          "ended_at": "2025-12-22 19:20:36.691000+00:00",
          "execution_time_seconds": 7.648,
          "counts": {
            "10010000000": 264,
            "00000000000": 144,
            "01100000000": 219,
            "11110000000": 134,
            "01110000000": 132,
            "10100000000": 238,
            "00110000000": 62,
            "01010000000": 30,
            "10110000000": 156,
            "01000000000": 115,
            "00100000000": 55,
            "11010000000": 147,
            "11000000000": 28,
            "11100000000": 69,
            "10000000000": 176,
            "00010000000": 16,
            "01100000001": 5,
            "00110100000": 1,
            "10110000001": 4,
            "00100000001": 1,
            "11100000001": 2,
            "01100100001": 1,
            "11101100111": 1
          },
          "component_probability": 0.0,
          "success_rate": 0.007
        },
        {
          "basis_state": 6,
          "task_id": "arn:aws:braket:eu-west-2:380012739362:quantum-task/dd5fa997-0e68-45cd-9380-8fe3e1d021d6",
          "status": "DONE",
          "shots": 2000,
          "created_at": "2025-12-22 19:20:32.930000+00:00",
          "ended_at": "2025-12-22 19:20:39.484000+00:00",
          "execution_time_seconds": 6.554,
          "counts": {
            "00000000000": 137,
            "00100000000": 61,
            "01010000000": 36,
            "11110000000": 129,
            "10010000000": 254,
            "01110000000": 167,
            "10100000000": 219,
            "11010000000": 150,
            "01000000000": 120,
            "10110000000": 203,
            "11100000000": 47,
            "01100000000": 199,
            "10000000000": 174,
            "00110000000": 50,
            "00010000000": 18,
            "11000000000": 23,
            "01110000001": 1,
            "11100000001": 1,
            "11010100001": 1,
            "11001111001": 1,
            "01100000001": 3,
            "11111100101": 1,
            "11110000001": 1,
            "01010000001": 1,
            "00100000001": 1,
            "10110000001": 1,
            "00100100001": 1
          },
          "component_probability": 0.23076923076923078,
          "success_rate": 0.0065
        },
        {
          "basis_state": 7,
          "task_id": "arn:aws:braket:eu-west-2:380012739362:quantum-task/5c254f6c-cdce-46b5-aee5-a405a4b179d8",
          "status": "DONE",
          "shots": 2000,
          "created_at": "2025-12-22 19:20:36.893000+00:00",
          "ended_at": "2025-12-22 19:20:44.493000+00:00",
          "execution_time_seconds": 7.6,
          "counts": {
            "10100000000": 224,
            "00000000000": 129,
            "01100000000": 225,
            "10010000000": 270,
            "00110000000": 50,
            "10110000000": 172,
            "11110000000": 160,
            "01110000000": 132,
            "01000000000": 100,
            "10000000000": 201,
            "00100000000": 51,
            "11100000000": 50,
            "11010000000": 147,
            "01010000000": 29,
            "00010000000": 20,
            "10110000001": 1,
            "11000000000": 28,
            "01110000001": 1,
            "01100000001": 4,
            "11100000001": 1,
            "11111000000": 1,
            "11010100000": 1,
            "00000000001": 1,
            "00100000001": 1,
            "11110000001": 1
          },
          "component_probability": 0.1,
          "success_rate": 0.005
        },
        {
          "basis_state": 8,
          "task_id": "arn:aws:braket:eu-west-2:380012739362:quantum-task/0a51974f-fbd1-477e-8bd0-d7054b9ca26b",
          "status": "DONE",
          "shots": 2000,
          "created_at": "2025-12-22 19:20:40.912000+00:00",
          "ended_at": "2025-12-22 19:20:48.760000+00:00",
          "execution_time_seconds": 7.848,
          "counts": {
            "10000000000": 185,
            "11110000000": 147,
            "00000000000": 119,
            "10110000000": 166,
            "10100000000": 221,
            "01100000000": 221,
            "10010000000": 274,
            "11010000000": 135,
            "01000000000": 93,
            "00110000000": 55,
            "11100000000": 72,
            "01110000000": 149,
            "01010000000": 38,
            "11000000000": 27,
            "00100000000": 63,
            "00010000000": 25,
            "11010100000": 1,
            "01100000001": 3,
            "11010000001": 1,
            "11111000001": 1,
            "01100100001": 1,
            "11110000001": 2,
            "01001100101": 1
          },
          "component_probability": 0.0,
          "success_rate": 0.0045
        },
        {
          "basis_state": 9,
          "task_id": "arn:aws:braket:eu-west-2:380012739362:quantum-task/8de66931-1e45-48c8-8901-2351e34dbbb4",
          "status": "DONE",
          "shots": 2000,
          "created_at": "2025-12-22 19:20:44.394000+00:00",
          "ended_at": "2025-12-22 19:20:50.412000+00:00",
          "execution_time_seconds": 6.018,
          "counts": {
            "10110000000": 180,
            "01100000000": 225,
            "11110000000": 150,
            "11000000000": 23,
            "01010000000": 25,
            "01000000000": 113,
            "10000000000": 181,
            "00100000000": 49,
            "10100000000": 198,
            "00110000000": 67,
            "10010000000": 268,
            "00000000000": 138,
            "11100000000": 65,
            "11010000000": 144,
            "11111000001": 1,
            "01110000000": 142,
            "00010000000": 20,
            "11010100000": 1,
            "01110000001": 1,
            "11010000001": 2,
            "00001000000": 1,
            "01100000001": 1,
            "01010110000": 1,
            "01100100001": 1,
            "11011110001": 1,
            "00000000001": 1,
            "10110000001": 1
          },
          "component_probability": 0.0,
          "success_rate": 0.0045
        },
        {
          "basis_state": 10,
          "task_id": "arn:aws:braket:eu-west-2:380012739362:quantum-task/58f37a38-679b-4de9-8aca-fb024216d8ac",
          "status": "DONE",
          "shots": 2000,
          "created_at": "2025-12-22 19:20:48.074000+00:00",
          "ended_at": "2025-12-22 19:20:53.787000+00:00",
          "execution_time_seconds": 5.713,
          "counts": {
            "01000000000": 128,
            "10010000000": 274,
            "00000000000": 131,
            "01100000000": 210,
            "10110000000": 168,
            "10100000000": 221,
            "11110000000": 124,
            "01110000000": 140,
            "00100000000": 58,
            "01010000000": 39,
            "10000000000": 197,
            "11010000000": 143,
            "11000000000": 21,
            "11100000000": 50,
            "00010000000": 26,
            "00110000000": 59,
            "11111010000": 1,
            "01100000001": 4,
            "01111000000": 1,
            "11010000001": 1,
            "00110001000": 1,
            "10111001101": 1,
            "10110100000": 1,
            "10100000001": 1
          },
          "component_probability": 0.14285714285714285,
          "success_rate": 0.0035
        },
        {
          "basis_state": 11,
          "task_id": "arn:aws:braket:eu-west-2:380012739362:quantum-task/3e8c406a-d509-4537-b6cc-6869f214f9a5",
          "status": "DONE",
          "shots": 2000,
          "created_at": "2025-12-22 19:20:52.089000+00:00",
          "ended_at": "2025-12-22 19:20:57.909000+00:00",
          "execution_time_seconds": 5.82,
          "counts": {
            "01000000000": 99,
            "10110000000": 178,
            "10100000000": 215,
            "11010000000": 139,
            "01110000000": 142,
            "01100000000": 217,
            "11110000000": 142,
            "10010000000": 271,
            "00110000000": 44,
            "10000000000": 166,
            "00000000000": 161,
            "11100000000": 54,
            "11000000000": 26,
            "00010000000": 34,
            "00100000000": 64,
            "01100000001": 5,
            "10110000001": 2,
            "01010000000": 34,
            "10010110001": 1,
            "11110000001": 1,
            "11010000001": 2,
            "01010110001": 1,
            "10001010101": 1,
            "00000000001": 1
          },
          "component_probability": 0.14285714285714285,
          "success_rate": 0.007
        },
        {
          "basis_state": 12,
          "task_id": "arn:aws:braket:eu-west-2:380012739362:quantum-task/2f80b620-2916-4456-8d1c-f8ee8cff38d4",
          "status": "DONE",
          "shots": 2000,
          "created_at": "2025-12-22 19:20:55.987000+00:00",
          "ended_at": "2025-12-22 19:21:03.701000+00:00",
          "execution_time_seconds": 7.714,
          "counts": {
            "01010000000": 26,
            "00110000000": 63,
            "11010000000": 125,
            "10000000000": 177,
            "01100000000": 212,
            "00000000000": 129,
            "01110000000": 126,
            "10010000000": 261,
            "10100000000": 266,
            "10110000000": 186,
            "11110000000": 140,
            "11100000000": 63,
            "00010000000": 35,
            "01000000000": 99,
            "00100000000": 56,
            "11000000000": 23,
            "01110000001": 1,
            "11110000001": 4,
            "01110110001": 1,
            "10001100101": 1,
            "11111000100": 1,
            "10001110001": 1,
            "00001000001": 1,
            "11011100001": 1,
            "11010100000": 1,
            "01100000001": 1
          },
          "component_probability": 0.0,
          "success_rate": 0.0055
        },
        {
          "basis_state": 13,
          "task_id": "arn:aws:braket:eu-west-2:380012739362:quantum-task/4d831396-52ba-414e-a4d9-18a8ac3252c5",
          "status": "DONE",
          "shots": 2000,
          "created_at": "2025-12-22 19:20:59.728000+00:00",
          "ended_at": "2025-12-22 19:21:05.817000+00:00",
          "execution_time_seconds": 6.089,
          "counts": {
            "01010000000": 32,
            "00000000000": 154,
            "10010000000": 269,
            "11000000000": 28,
            "01100000000": 193,
            "11100000000": 53,
            "11010000000": 129,
            "10100000000": 222,
            "01110000000": 163,
            "11110000000": 127,
            "10110000000": 186,
            "00100000001": 1,
            "01000000000": 106,
            "01100000001": 6,
            "00110000000": 43,
            "10000000000": 198,
            "00010000000": 21,
            "00100000000": 60,
            "01010000001": 2,
            "00100100001": 1,
            "10110000001": 2,
            "00000000001": 2,
            "11110000001": 1,
            "11010000001": 1
          },
          "component_probability": 0.0625,
          "success_rate": 0.008
        },
        {
          "basis_state": 14,
          "task_id": "arn:aws:braket:eu-west-2:380012739362:quantum-task/489e74b9-6575-4f4e-8e1e-e64dd7988361",
          "status": "DONE",
          "shots": 2000,
          "created_at": "2025-12-22 19:21:03.554000+00:00",
          "ended_at": "2025-12-22 19:21:09.971000+00:00",
          "execution_time_seconds": 6.417,
          "counts": {
            "01110000000": 136,
            "10100000000": 249,
            "11110000000": 147,
            "11010000000": 150,
            "01000000000": 114,
            "10110000000": 165,
            "00000000000": 140,
            "10010000000": 266,
            "01010000000": 33,
            "10000000000": 170,
            "11100000000": 53,
            "11000110000": 1,
            "01100000000": 206,
            "00110000000": 61,
            "00100000000": 61,
            "00010000000": 26,
            "01100000001": 1,
            "11000000000": 16,
            "11100000001": 2,
            "11110000001": 1,
            "11010000001": 1,
            "01110000001": 1
          },
          "component_probability": 0.3333333333333333,
          "success_rate": 0.003
        },
        {
          "basis_state": 15,
          "task_id": "arn:aws:braket:eu-west-2:380012739362:quantum-task/8959d883-2d85-4043-acee-51e60fc4bd9b",
          "status": "DONE",
          "shots": 2000,
          "created_at": "2025-12-22 19:21:07.046000+00:00",
          "ended_at": "2025-12-22 19:21:14.421000+00:00",
          "execution_time_seconds": 7.375,
          "counts": {
            "00000000000": 121,
            "01100000000": 233,
            "10110000000": 197,
            "10100000000": 240,
            "10010000000": 266,
            "10000000000": 179,
            "11110000000": 155,
            "01000000000": 106,
            "00100000000": 57,
            "00010000000": 23,
            "11000000000": 24,
            "00110000000": 50,
            "11010000000": 131,
            "01110000000": 131,
            "00000000001": 1,
            "00101100111": 1,
            "11100000000": 47,
            "01010000000": 28,
            "01100000001": 3,
            "11110000001": 3,
            "01110000001": 1,
            "10100000001": 1,
            "10110000001": 1,
            "00100100000": 1
          },
          "component_probability": 0.2727272727272727,
          "success_rate": 0.0055
        }
      ],
      "depth": 8990,
      "num_projections": 16,
      "ideal_solution": [
        {
          "real": -0.2953250132181907,
          "imag": 0.0
        },
        {
          "real": -0.002107117740110991,
          "imag": 0.0
        },
        {
          "real": -0.22670064797109654,
          "imag": 0.0
        },
        {
          "real": 0.031810484855862235,
          "imag": 0.0
        },
        {
          "real": 0.04633080617606612,
          "imag": 0.0
        },
        {
          "real": -0.08014653787010606,
          "imag": 0.0
        },
        {
          "real": -0.5995362062455719,
          "imag": 0.0
        },
        {
          "real": -0.2631663593941944,
          "imag": 0.0
        },
        {
          "real": 0.06006980463205845,
          "imag": 0.0
        },
        {
          "real": 0.1299892266990172,
          "imag": 0.0
        },
        {
          "real": 0.1593164723321927,
          "imag": 0.0
        },
        {
          "real": 0.31525564756051166,
          "imag": 0.0
        },
        {
          "real": -0.04683367143395169,
          "imag": 0.0
        },
        {
          "real": 0.26692719255255637,
          "imag": 0.0
        },
        {
          "real": 0.2628166665121126,
          "imag": 0.0
        },
        {
          "real": 0.3678502931541351,
          "imag": 0.0
        }
      ],
      "reconstructed_solution_probabilities": [
        0.08863917612498036,
        0.0,
        0.22792931003566377,
        0.0,
        0.0,
        0.0,
        0.1227311669422805,
        0.05318350567498822,
        0.0,
        0.0,
        0.0759764366785546,
        0.0759764366785546,
        0.0,
        0.03323969104686764,
        0.17727835224996072,
        0.14504592456814966
      ],
      "fidelity": 0.8048078853206442,
      "metadata": {
        "measured_components": [
          0,
          1,
          2,
          3,
          4,
          5,
          6,
          7,
          8,
          9,
          10,
          11,
          12,
          13,
          14,
          15
        ],
        "success_rates": [
          0.006,
          0.006,
          0.0035,
          0.0055,
          0.009,
          0.007,
          0.0065,
          0.005,
          0.0045,
          0.0045,
          0.0035,
          0.007,
          0.0055,
          0.008,
          0.003,
          0.0055
        ],
        "raw_probabilities": [
          0.16666666666666666,
          0.0,
          0.42857142857142855,
          0.0,
          0.0,
          0.0,
          0.23076923076923078,
          0.1,
          0.0,
          0.0,
          0.14285714285714285,
          0.14285714285714285,
          0.0,
          0.0625,
          0.3333333333333333,
          0.2727272727272727
        ],
        "average_success_rate": 0.005625,
        "total_probability": 1.8802822177822176
      },
      "total_problem_time_seconds": 64.187,
      "first_created_at": "2025-12-22 19:20:10.234000+00:00",
      "last_ended_at": "2025-12-22 19:21:14.421000+00:00"
    }
  ]
}