{
  "problem_list": [
    {
      "A_matrix": [
        [
          0.8377445698052972,
          1.5029446806018774,
          1.146782875817924,
          0.9886041408107757,
          0.7685536705139293,
          1.0218638592141782,
          1.521833221197379,
          1.230199210039628,
          1.5031778859253921,
          1.1702235031245354,
          1.003154157017007,
          1.6603391827051568,
          1.5306381062122973,
          0.5328441139271675,
          1.7598937313242395,
          1.0800180898143523
        ],
        [
          1.5029446806018774,
          1.378025874925548,
          1.5704256541616546,
          1.0451390101349771,
          0.9725117968339835,
          0.7507439666652674,
          0.8234039672090199,
          0.4121240265832198,
          0.8718189103169874,
          1.0450286640005424,
          0.5537772496702424,
          1.0152897867083803,
          0.8956896165689247,
          0.6978735078557955,
          0.7684021995169013,
          0.6549355236081166
        ],
        [
          1.146782875817924,
          1.5704256541616546,
          1.4050073613121727,
          1.033733610316501,
          0.7023914288565517,
          1.395296358102065,
          0.9743265654376974,
          0.9048699882205847,
          1.3710264034145445,
          1.1628514607292317,
          1.0964886119759862,
          0.9205728899446506,
          0.9626141455438428,
          0.7217625725413488,
          1.272616491514114,
          1.3019480517832602
        ],
        [
          0.9886041408107757,
          1.0451390101349771,
          1.033733610316501,
          1.536312447089025,
          1.1103533494639999,
          0.3605850752215317,
          1.7434723536192371,
          0.859367722185297,
          1.3073440780025236,
          0.5841526502938179,
          1.0710180965319842,
          0.397693553527407,
          0.6903292946098122,
          1.3478569230005193,
          1.4530143096623502,
          1.0287056518151196
        ],
        [
          0.7685536705139293,
          0.9725117968339835,
          0.7023914288565517,
          1.1103533494639999,
          1.5616582787188056,
          1.1809066250522544,
          1.0437266997258294,
          0.8151987257538794,
          1.300867967340193,
          1.5137425284901798,
          1.258541283758126,
          1.327264097810177,
          1.0526669054964997,
          1.531967198427304,
          1.1802588085267005,
          1.7901307193238682
        ],
        [
          1.0218638592141782,
          0.7507439666652674,
          1.395296358102065,
          0.3605850752215317,
          1.1809066250522544,
          1.8042539520567187,
          1.3104470714963559,
          1.1091618684755837,
          1.6279519925308645,
          1.1600412865802705,
          0.5415375782844908,
          0.16827906896166245,
          1.2765445199114591,
          1.5114267512856894,
          1.350366697111994,
          0.8729207240135108
        ],
        [
          1.521833221197379,
          0.8234039672090199,
          0.9743265654376974,
          1.7434723536192371,
          1.0437266997258294,
          1.3104470714963559,
          1.3188425211067936,
          0.9052222524143566,
          0.9230552789885199,
          1.2730500034514098,
          0.9683102058692293,
          1.0094593271976162,
          0.9026599506448002,
          1.6342157497782432,
          1.6698204139705088,
          1.5513688620951842
        ],
        [
          1.230199210039628,
          0.4121240265832198,
          0.9048699882205847,
          0.859367722185297,
          0.8151987257538794,
          1.1091618684755837,
          0.9052222524143566,
          1.4021419843687442,
          1.4373954258577872,
          1.1321217854442411,
          0.5815867667944924,
          1.509812048457796,
          1.5092432640502091,
          0.5838612281799223,
          0.6722089892636561,
          0.28794658412130536
        ],
        [
          1.5031778859253921,
          0.8718189103169874,
          1.3710264034145445,
          1.3073440780025236,
          1.300867967340193,
          1.6279519925308645,
          0.9230552789885199,
          1.4373954258577872,
          1.8726915403805482,
          0.7933534557355163,
          0.06714667355681014,
          0.30602335105316947,
          1.5276400251258457,
          0.8377069741461791,
          0.9043888756386336,
          0.8786418899930916
        ],
        [
          1.1702235031245354,
          1.0450286640005424,
          1.1628514607292317,
          0.5841526502938179,
          1.5137425284901798,
          1.1600412865802705,
          1.2730500034514098,
          1.1321217854442411,
          0.7933534557355163,
          1.1108895104340937,
          0.6342796962398061,
          1.1455146565241485,
          0.7628110871385846,
          1.0400874334205108,
          1.3231234908886285,
          1.8017705252707272
        ],
        [
          1.003154157017007,
          0.5537772496702424,
          1.0964886119759862,
          1.0710180965319842,
          1.258541283758126,
          0.5415375782844908,
          0.9683102058692293,
          0.5815867667944924,
          0.06714667355681014,
          0.6342796962398061,
          1.9014153312809743,
          0.30933099537209374,
          0.4920643372927467,
          1.349811429977253,
          0.8976957106220054,
          0.4649874962913967
        ],
        [
          1.6603391827051568,
          1.0152897867083803,
          0.9205728899446506,
          0.397693553527407,
          1.327264097810177,
          0.16827906896166245,
          1.0094593271976162,
          1.509812048457796,
          0.30602335105316947,
          1.1455146565241485,
          0.30933099537209374,
          0.18003207688944145,
          1.2716139127201203,
          1.4594409613637551,
          0.20171702170964811,
          0.2910804938587249
        ],
        [
          1.5306381062122973,
          0.8956896165689247,
          0.9626141455438428,
          0.6903292946098122,
          1.0526669054964997,
          1.2765445199114591,
          0.9026599506448002,
          1.5092432640502091,
          1.5276400251258457,
          0.7628110871385846,
          0.4920643372927467,
          1.2716139127201203,
          1.373767482166009,
          1.5004761250177174,
          0.6697674749382243,
          0.5921552536850736
        ],
        [
          0.5328441139271675,
          0.6978735078557955,
          0.7217625725413488,
          1.3478569230005193,
          1.531967198427304,
          1.5114267512856894,
          1.6342157497782432,
          0.5838612281799223,
          0.8377069741461791,
          1.0400874334205108,
          1.349811429977253,
          1.4594409613637551,
          1.5004761250177174,
          0.6640190300532756,
          0.8856636161696884,
          1.3795328398654807
        ],
        [
          1.7598937313242395,
          0.7684021995169013,
          1.272616491514114,
          1.4530143096623502,
          1.1802588085267005,
          1.350366697111994,
          1.6698204139705088,
          0.6722089892636561,
          0.9043888756386336,
          1.3231234908886285,
          0.8976957106220054,
          0.20171702170964811,
          0.6697674749382243,
          0.8856636161696884,
          0.27629140687863973,
          0.5452697425975125
        ],
        [
          1.0800180898143523,
          0.6549355236081166,
          1.3019480517832602,
          1.0287056518151196,
          1.7901307193238682,
          0.8729207240135108,
          1.5513688620951842,
          0.28794658412130536,
          0.8786418899930916,
          1.8017705252707272,
          0.4649874962913967,
          0.2910804938587249,
          0.5921552536850736,
          1.3795328398654807,
          0.5452697425975125,
          1.119605222521088
        ]
      ],
      "b_vector": [
        0.14930722726337595,
        0.03885506605622049,
        0.019219769831609272,
        0.21261012212009764,
        0.2422304108833942,
        0.0036664030457638,
        0.4148132129851126,
        0.3345860146334431,
        0.36299807631017006,
        0.22921613574893226,
        0.07048224907550482,
        0.09126348783270333,
        0.24699466334670941,
        0.1598025004433657,
        0.3996813636761281,
        0.37950697957564317
      ]
    }
  ],
  "shots": 2000,
  "backend": "sv1",
  "device_arn": "SV1",
  "aws_region": "eu-west-2",
  "ideal_preprocessing_list": [
    [
      [
        -2.860434430495037,
        -1.7620737220666172,
        -1.2371529768444351,
        -0.9662566375671743,
        -0.7127596176139719,
        -0.6634303229922884,
        -0.09660596325696043,
        0.1236108101817388,
        0.5700176676531298,
        0.8688157606962712,
        1.247581892418322,
        1.6002768269872332,
        1.8372146474903188,
        1.9359785339318956,
        2.912006384901516,
        16.945909736563223
      ],
      [
        0.12415813147791618,
        0.20110033648208908,
        0.17606241177742563,
        0.027326142690837663,
        0.04063421473845383,
        0.03085922945619283,
        0.12240525865090207,
        0.035819445141196116,
        0.16172120371895338,
        0.11878948159123037,
        0.3307636073936004,
        0.09550629556559448,
        0.061728375121940876,
        0.09001593649967456,
        0.009528437730767954,
        0.8501379025260509
      ]
    ]
  ],
  "probability_threshold": 0,
  "k_qubits": 7,
  "preprocessing_mode": "ideal",
  "projection_mode": "all_components",
  "projection_subset": null,
  "num_solution_qubits": 4,
  "num_projections": 16,
  "projector_basis_states": [
    0,
    1,
    2,
    3,
    4,
    5,
    6,
    7,
    8,
    9,
    10,
    11,
    12,
    13,
    14,
    15
  ],
  "enhanced_projection_results": [
    {
      "problem_index": 0,
      "projection_tasks": [
        {
          "basis_state": 0,
          "task_id": "arn:aws:braket:eu-west-2:380012739362:quantum-task/4064c315-2b0f-4196-81c8-2b45690ab257",
          "status": "DONE",
          "shots": 2000,
          "created_at": "2025-12-22 19:29:17.256000+00:00",
          "ended_at": "2025-12-22 19:29:24.860000+00:00",
          "execution_time_seconds": 7.604,
          "counts": {
            "110000000000": 104,
            "111100000000": 251,
            "100100000000": 112,
            "011100000000": 259,
            "011000000000": 365,
            "100000000000": 245,
            "010101100001": 1,
            "111000000000": 302,
            "000000000000": 22,
            "001100000000": 103,
            "010000000000": 121,
            "110100000000": 54,
            "000100000000": 11,
            "000000000001": 4,
            "010100000000": 2,
            "101100000000": 17,
            "110000000001": 7,
            "101111000001": 1,
            "101000000000": 1,
            "010000000001": 1,
            "000010000000": 1,
            "110010111001": 1,
            "111111000000": 1,
            "000111000001": 1,
            "000100000001": 1,
            "011110100000": 1,
            "111100000001": 2,
            "000010000001": 2,
            "111111000001": 1,
            "100110100001": 1,
            "001001110000": 1,
            "110010100001": 1,
            "011111100000": 1,
            "011110000000": 1,
            "100011110100": 1
          },
          "component_probability": 0.25,
          "success_rate": 0.012
        },
        {
          "basis_state": 1,
          "task_id": "arn:aws:braket:eu-west-2:380012739362:quantum-task/4284e10d-5ab1-43f6-9339-cc47af80b644",
          "status": "DONE",
          "shots": 2000,
          "created_at": "2025-12-22 19:29:21.637000+00:00",
          "ended_at": "2025-12-22 19:29:31.491000+00:00",
          "execution_time_seconds": 9.854,
          "counts": {
            "111100000000": 258,
            "011000000000": 307,
            "110100000000": 48,
            "011100000000": 293,
            "100100000000": 98,
            "100000000000": 238,
            "110000000000": 103,
            "010000000000": 142,
            "101100000000": 20,
            "111000000000": 325,
            "000001000001": 1,
            "001100000000": 102,
            "011100000001": 4,
            "101000000000": 4,
            "001100000001": 3,
            "001110000000": 1,
            "000110000000": 2,
            "111100000001": 3,
            "000000000000": 20,
            "111110000000": 2,
            "000100000000": 5,
            "011110000001": 2,
            "110010000001": 1,
            "011111000001": 1,
            "000010000000": 3,
            "111111000001": 2,
            "100000000001": 1,
            "101111000001": 1,
            "011110100001": 1,
            "011111010000": 1,
            "010011000001": 1,
            "110001000000": 1,
            "101000000001": 1,
            "110011000001": 1,
            "010000000001": 2,
            "001010000001": 1,
            "000000000001": 1
          },
          "component_probability": 0.0,
          "success_rate": 0.0135
        },
        {
          "basis_state": 2,
          "task_id": "arn:aws:braket:eu-west-2:380012739362:quantum-task/4220e97c-d4e0-4910-806a-0fd6668508df",
          "status": "DONE",
          "shots": 2000,
          "created_at": "2025-12-22 19:29:26.092000+00:00",
          "ended_at": "2025-12-22 19:29:33.357000+00:00",
          "execution_time_seconds": 7.265,
          "counts": {
            "011000000000": 359,
            "011100000000": 259,
            "111000000000": 320,
            "100100000000": 98,
            "100000000000": 242,
            "111100000000": 247,
            "110000000000": 91,
            "001100000000": 118,
            "110100000000": 55,
            "010000000000": 118,
            "101100000000": 23,
            "101100000001": 1,
            "000000000000": 27,
            "000100000001": 2,
            "000001100000": 1,
            "010010000000": 1,
            "110011100001": 1,
            "000100000000": 7,
            "011000101100": 1,
            "001100000001": 2,
            "110010100001": 1,
            "011111110001": 1,
            "000000000001": 2,
            "100110100000": 1,
            "001110000000": 1,
            "111100000001": 3,
            "100011000001": 1,
            "000010000000": 1,
            "010000000001": 1,
            "101001000001": 1,
            "101000000000": 5,
            "110000000001": 1,
            "110110110011": 1,
            "010000110001": 1,
            "111110000000": 1,
            "011100000001": 1,
            "010110000001": 1,
            "001000000000": 1,
            "110010110001": 1,
            "000010100001": 1
          },
          "component_probability": 0.0,
          "success_rate": 0.0115
        },
        {
          "basis_state": 3,
          "task_id": "arn:aws:braket:eu-west-2:380012739362:quantum-task/07d8ff1e-5156-49ed-a13c-495239b8fd5e",
          "status": "DONE",
          "shots": 2000,
          "created_at": "2025-12-22 19:29:30.415000+00:00",
          "ended_at": "2025-12-22 19:29:37.432000+00:00",
          "execution_time_seconds": 7.017,
          "counts": {
            "001100000000": 125,
            "110100000000": 57,
            "111000000000": 313,
            "011100000000": 262,
            "011000000000": 338,
            "100000000000": 232,
            "010000000000": 130,
            "111100000000": 257,
            "101100000000": 22,
            "100100000000": 93,
            "110000000000": 99,
            "011101110000": 1,
            "101000000000": 8,
            "000000000000": 27,
            "110010000000": 2,
            "001100000001": 4,
            "000010000001": 1,
            "001000000000": 2,
            "011100000001": 3,
            "010001011101": 1,
            "000110110001": 1,
            "000100000000": 5,
            "010101000000": 1,
            "100101110100": 1,
            "111100000001": 2,
            "001110000000": 1,
            "011001100101": 1,
            "111110000000": 1,
            "011111000001": 1,
            "110011100001": 1,
            "110000000001": 2,
            "000000000001": 2,
            "101000000001": 1,
            "100100000001": 1,
            "000101000001": 1,
            "000100000001": 1
          },
          "component_probability": 0.17391304347826086,
          "success_rate": 0.0115
        },
        {
          "basis_state": 4,
          "task_id": "arn:aws:braket:eu-west-2:380012739362:quantum-task/1253ac57-fb69-4abd-b149-c76d807ca67f",
          "status": "DONE",
          "shots": 2000,
          "created_at": "2025-12-22 19:29:34.956000+00:00",
          "ended_at": "2025-12-22 19:29:44.708000+00:00",
          "execution_time_seconds": 9.752,
          "counts": {
            "111000000000": 316,
            "001100000000": 120,
            "011100000000": 256,
            "010000000000": 123,
            "111100000000": 223,
            "100000000000": 238,
            "110000000000": 95,
            "110100000000": 52,
            "101000000000": 8,
            "001000000000": 5,
            "011000000000": 349,
            "010000000001": 3,
            "100100000000": 115,
            "101100000000": 24,
            "010100000001": 2,
            "110000000001": 11,
            "000100000000": 8,
            "000000000000": 22,
            "010100000000": 3,
            "111110000000": 1,
            "011100000001": 4,
            "100000111110": 1,
            "000011000000": 2,
            "111001011000": 1,
            "011011110000": 1,
            "100100000001": 1,
            "111100000001": 1,
            "001100000001": 4,
            "011111000000": 1,
            "101011000001": 1,
            "110010000000": 1,
            "010100100000": 1,
            "101000000001": 1,
            "001110100001": 1,
            "001110000000": 1,
            "011110000001": 1,
            "001101000001": 1,
            "000000000001": 2
          },
          "component_probability": 0.09090909090909091,
          "success_rate": 0.0165
        },
        {
          "basis_state": 5,
          "task_id": "arn:aws:braket:eu-west-2:380012739362:quantum-task/733765cc-9997-4f23-9ee3-9121ad95e381",
          "status": "DONE",
          "shots": 2000,
          "created_at": "2025-12-22 19:29:39.223000+00:00",
          "ended_at": "2025-12-22 19:29:48.540000+00:00",
          "execution_time_seconds": 9.317,
          "counts": {
            "010000000000": 129,
            "011100000000": 259,
            "111100000000": 267,
            "011000000000": 347,
            "100100000000": 110,
            "111000000000": 315,
            "100000000000": 218,
            "001100000000": 104,
            "110000000000": 103,
            "110100000000": 64,
            "101100000000": 25,
            "011111000001": 1,
            "001100000001": 3,
            "000100000000": 7,
            "110000000001": 2,
            "011100000001": 3,
            "111100000001": 4,
            "000000000000": 19,
            "011101100000": 1,
            "111110100001": 1,
            "011000100001": 1,
            "101000000000": 6,
            "001000000000": 2,
            "110010000000": 1,
            "101000000001": 1,
            "010100000000": 1,
            "000110000000": 1,
            "111000000001": 1,
            "101100000001": 1,
            "000010100001": 1,
            "000010000001": 1,
            "111111000001": 1
          },
          "component_probability": 0.0,
          "success_rate": 0.0105
        },
        {
          "basis_state": 6,
          "task_id": "arn:aws:braket:eu-west-2:380012739362:quantum-task/8ba77706-b185-4be3-bd1a-3e5338154155",
          "status": "DONE",
          "shots": 2000,
          "created_at": "2025-12-22 19:29:43.448000+00:00",
          "ended_at": "2025-12-22 19:29:50.034000+00:00",
          "execution_time_seconds": 6.586,
          "counts": {
            "100000000000": 253,
            "111100000000": 271,
            "111000000000": 306,
            "100100000000": 116,
            "011000000000": 339,
            "110100000000": 58,
            "110000000000": 98,
            "011100000000": 255,
            "001100000000": 115,
            "010000000000": 112,
            "101000000000": 4,
            "110110111001": 1,
            "011010110001": 1,
            "001101000001": 1,
            "000000000000": 21,
            "101100000000": 18,
            "000100000000": 5,
            "010100000000": 2,
            "111101000001": 1,
            "111100000001": 1,
            "101010000000": 1,
            "001100000001": 5,
            "000011000001": 1,
            "110000110010": 1,
            "101110000000": 1,
            "000100000001": 1,
            "110000000001": 1,
            "110011000001": 1,
            "011100000001": 2,
            "000000000001": 2,
            "011010111001": 1,
            "101010010001": 1,
            "000000100000": 1,
            "000010100001": 1,
            "010110000000": 1,
            "111111000001": 1
          },
          "component_probability": 0.09090909090909091,
          "success_rate": 0.011
        },
        {
          "basis_state": 7,
          "task_id": "arn:aws:braket:eu-west-2:380012739362:quantum-task/19ebfbbf-7fe3-4827-9c0a-695d26413c64",
          "status": "DONE",
          "shots": 2000,
          "created_at": "2025-12-22 19:29:47.795000+00:00",
          "ended_at": "2025-12-22 19:29:57.126000+00:00",
          "execution_time_seconds": 9.331,
          "counts": {
            "110000000000": 87,
            "011100000000": 244,
            "001100000000": 119,
            "100000000000": 241,
            "111000000000": 333,
            "011000000000": 348,
            "111100000000": 253,
            "010000000000": 128,
            "100100000000": 105,
            "110100000000": 64,
            "111100000001": 3,
            "000000000000": 18,
            "101100000000": 26,
            "011100000001": 2,
            "111110001000": 1,
            "010100000000": 2,
            "001110000000": 1,
            "101000000001": 2,
            "000011000000": 1,
            "100101100000": 1,
            "000100000000": 10,
            "001101000000": 1,
            "010110000000": 1,
            "000100000001": 1,
            "000000000001": 1,
            "110010100001": 1,
            "000010000001": 1,
            "101000000000": 1,
            "000110101100": 1,
            "110000000001": 1,
            "000010000000": 1,
            "011111000001": 1
          },
          "component_probability": 0.23076923076923078,
          "success_rate": 0.0065
        },
        {
          "basis_state": 8,
          "task_id": "arn:aws:braket:eu-west-2:380012739362:quantum-task/3aa91e84-0acf-40f7-84c1-e4a9a6f37a10",
          "status": "DONE",
          "shots": 2000,
          "created_at": "2025-12-22 19:29:52.294000+00:00",
          "ended_at": "2025-12-22 19:30:07.675000+00:00",
          "execution_time_seconds": 15.381,
          "counts": {
            "011000000000": 323,
            "100100000000": 109,
            "110100000000": 76,
            "010000000000": 109,
            "001100000000": 126,
            "111000000000": 305,
            "111100000000": 264,
            "011100000000": 274,
            "100000000000": 241,
            "110000000000": 74,
            "101100000000": 27,
            "000000000000": 26,
            "101010000000": 1,
            "001100000001": 4,
            "000100000000": 9,
            "000010000001": 1,
            "000010000000": 2,
            "110000000001": 3,
            "000100000001": 3,
            "011100000001": 1,
            "111111000001": 2,
            "101000000001": 3,
            "101000000000": 4,
            "000000000001": 1,
            "000001000001": 1,
            "001000101010": 1,
            "101011000001": 1,
            "001111000000": 1,
            "111100101101": 1,
            "001110000000": 1,
            "011111000001": 1,
            "010100000001": 1,
            "111100000001": 2,
            "001111000001": 1,
            "000011000000": 1
          },
          "component_probability": 0.0,
          "success_rate": 0.013
        },
        {
          "basis_state": 9,
          "task_id": "arn:aws:braket:eu-west-2:380012739362:quantum-task/0de889b0-3f87-4c28-b714-9501d1458609",
          "status": "DONE",
          "shots": 2000,
          "created_at": "2025-12-22 19:29:56.531000+00:00",
          "ended_at": "2025-12-22 19:30:03.808000+00:00",
          "execution_time_seconds": 7.277,
          "counts": {
            "011100000000": 311,
            "011000000000": 331,
            "110100000000": 74,
            "111100000000": 252,
            "110000000000": 94,
            "001100000000": 96,
            "100000000000": 210,
            "111000000000": 325,
            "110000000001": 6,
            "010000000000": 138,
            "000100000000": 6,
            "100100000000": 99,
            "101100000000": 16,
            "001000000001": 1,
            "000000000000": 18,
            "101000000001": 3,
            "011111000000": 1,
            "101000000000": 4,
            "011110000000": 1,
            "110010010001": 1,
            "000100000001": 1,
            "011111100001": 1,
            "000100010001": 1,
            "001000000000": 2,
            "111110000000": 1,
            "101100101100": 1,
            "000010010000": 1,
            "010100000000": 1,
            "001100000001": 2,
            "010100000001": 1,
            "110010111001": 1
          },
          "component_probability": 0.0,
          "success_rate": 0.009
        },
        {
          "basis_state": 10,
          "task_id": "arn:aws:braket:eu-west-2:380012739362:quantum-task/5ad0ff80-f7e3-4160-ba23-580e2df32a7b",
          "status": "DONE",
          "shots": 2000,
          "created_at": "2025-12-22 19:30:01.178000+00:00",
          "ended_at": "2025-12-22 19:30:08.978000+00:00",
          "execution_time_seconds": 7.8,
          "counts": {
            "100000000000": 225,
            "010000000000": 120,
            "011100000000": 289,
            "011000000000": 331,
            "100100000000": 114,
            "100010000001": 1,
            "000000000000": 29,
            "111000000000": 331,
            "101100000000": 17,
            "110100000000": 62,
            "001100000000": 99,
            "110000000000": 91,
            "111100000000": 242,
            "000100000000": 8,
            "000100000001": 1,
            "101000000000": 8,
            "101000000001": 2,
            "001000000000": 4,
            "011100000001": 4,
            "001100000001": 3,
            "100001000001": 1,
            "010000000001": 1,
            "000011000001": 1,
            "100100000001": 1,
            "111100000001": 2,
            "110000000001": 5,
            "110010110000": 1,
            "000010000000": 1,
            "101011010000": 1,
            "111111000000": 1,
            "010101000001": 1,
            "000110000000": 1,
            "100010110001": 1,
            "101001000001": 1
          },
          "component_probability": 0.12,
          "success_rate": 0.0125
        },
        {
          "basis_state": 11,
          "task_id": "arn:aws:braket:eu-west-2:380012739362:quantum-task/eb59bea7-4f99-40e6-8f0b-f78b14aa396a",
          "status": "DONE",
          "shots": 2000,
          "created_at": "2025-12-22 19:30:05.774000+00:00",
          "ended_at": "2025-12-22 19:30:13.236000+00:00",
          "execution_time_seconds": 7.462,
          "counts": {
            "001100000000": 123,
            "011100000000": 252,
            "111100000000": 236,
            "000100000000": 9,
            "010000000000": 124,
            "100100000000": 118,
            "011000000000": 366,
            "110000000000": 89,
            "100000000000": 261,
            "111000000000": 309,
            "110100000000": 49,
            "001100000001": 2,
            "000000000001": 2,
            "101001000000": 1,
            "111100000001": 2,
            "000000000000": 20,
            "101100000000": 19,
            "000010000000": 1,
            "010100000000": 1,
            "010000000001": 3,
            "001111000001": 1,
            "110110000000": 1,
            "001000000001": 1,
            "001110000000": 1,
            "101000000000": 1,
            "001000101111": 1,
            "110000000001": 4,
            "010100000001": 1,
            "101011000001": 1,
            "100001110000": 1
          },
          "component_probability": 0.0,
          "success_rate": 0.009
        },
        {
          "basis_state": 12,
          "task_id": "arn:aws:braket:eu-west-2:380012739362:quantum-task/bb4aca3f-61d2-42fd-b37a-5257f2de4a9e",
          "status": "DONE",
          "shots": 2000,
          "created_at": "2025-12-22 19:30:10.218000+00:00",
          "ended_at": "2025-12-22 19:30:17.761000+00:00",
          "execution_time_seconds": 7.543,
          "counts": {
            "111000000000": 301,
            "110000000000": 79,
            "100000000000": 253,
            "110100000000": 60,
            "111100000000": 216,
            "011000000000": 339,
            "010000000000": 156,
            "110000000001": 8,
            "100100000000": 133,
            "001100000000": 124,
            "011100000000": 250,
            "000010100000": 2,
            "101000000000": 7,
            "000000000001": 2,
            "101100000000": 19,
            "001100000001": 3,
            "000100000000": 13,
            "100000000001": 1,
            "000000000000": 15,
            "011010110001": 1,
            "010100000000": 1,
            "000010000000": 1,
            "000100000001": 1,
            "001110000000": 1,
            "000001000001": 1,
            "000111000001": 1,
            "111100000001": 5,
            "011101000001": 1,
            "111000000001": 1,
            "010100000001": 1,
            "110011110000": 1,
            "110011000001": 1,
            "100011111101": 1,
            "000110000000": 1
          },
          "component_probability": 0.32142857142857145,
          "success_rate": 0.014
        },
        {
          "basis_state": 13,
          "task_id": "arn:aws:braket:eu-west-2:380012739362:quantum-task/0dc2dd7f-5d63-447c-8337-2a98b5328b7f",
          "status": "DONE",
          "shots": 2000,
          "created_at": "2025-12-22 19:30:14.708000+00:00",
          "ended_at": "2025-12-22 19:30:24.912000+00:00",
          "execution_time_seconds": 10.204,
          "counts": {
            "110000000000": 104,
            "011000000000": 326,
            "100000000000": 241,
            "010000000000": 115,
            "111000000000": 339,
            "110100000000": 66,
            "011100000000": 273,
            "100100000000": 82,
            "111100000000": 250,
            "001100000000": 118,
            "000000000000": 24,
            "111100000001": 3,
            "101100000000": 17,
            "000000100000": 1,
            "110000000001": 5,
            "011100000001": 3,
            "101000000000": 6,
            "101000000001": 1,
            "000100000000": 6,
            "000010000001": 1,
            "001110100001": 1,
            "011101000001": 1,
            "001000000000": 2,
            "000001000001": 1,
            "000110000000": 1,
            "000100000001": 2,
            "010110000000": 1,
            "001100000001": 4,
            "000000000001": 1,
            "010000000001": 1,
            "010011000001": 1,
            "101110000001": 1,
            "100010000000": 1,
            "001101000001": 1
          },
          "component_probability": 0.0,
          "success_rate": 0.0135
        },
        {
          "basis_state": 14,
          "task_id": "arn:aws:braket:eu-west-2:380012739362:quantum-task/e241d7f5-838c-48f4-ba9a-fc3414e27d34",
          "status": "DONE",
          "shots": 2000,
          "created_at": "2025-12-22 19:30:18.855000+00:00",
          "ended_at": "2025-12-22 19:30:25.557000+00:00",
          "execution_time_seconds": 6.702,
          "counts": {
            "011000000000": 346,
            "111000000000": 351,
            "100000000000": 244,
            "011100000000": 262,
            "110000000000": 88,
            "101000000000": 7,
            "101100000000": 16,
            "000000000000": 25,
            "010000000000": 109,
            "100100000000": 104,
            "111100000000": 220,
            "110100000000": 75,
            "001100000000": 111,
            "011100000001": 2,
            "010101000001": 1,
            "111100000001": 4,
            "000100000001": 1,
            "010111000001": 1,
            "000100000000": 7,
            "001110100001": 1,
            "101000000001": 4,
            "001000000000": 2,
            "110000000001": 6,
            "101010000000": 1,
            "000000000001": 3,
            "001101000000": 1,
            "111000000001": 1,
            "100011000001": 1,
            "011110000000": 1,
            "001000000001": 1,
            "011111100001": 1,
            "000001000000": 1,
            "010000000001": 1,
            "010110011001": 1
          },
          "component_probability": 0.034482758620689655,
          "success_rate": 0.0145
        },
        {
          "basis_state": 15,
          "task_id": "arn:aws:braket:eu-west-2:380012739362:quantum-task/98c937b7-0809-4434-a3ca-1df4a74f207c",
          "status": "DONE",
          "shots": 2000,
          "created_at": "2025-12-22 19:30:23.350000+00:00",
          "ended_at": "2025-12-22 19:30:30.776000+00:00",
          "execution_time_seconds": 7.426,
          "counts": {
            "010000000000": 130,
            "011100000000": 284,
            "111100000000": 231,
            "111000000000": 321,
            "100000000000": 228,
            "000100000000": 8,
            "001000000000": 1,
            "110100000000": 54,
            "010100000000": 2,
            "100100000000": 110,
            "001100000000": 117,
            "000000000000": 24,
            "011000000000": 353,
            "110000000000": 75,
            "101100000000": 22,
            "111100000001": 5,
            "110000000001": 3,
            "010111000001": 1,
            "011101000001": 2,
            "101000000001": 1,
            "101000000000": 6,
            "001111000001": 2,
            "001100000001": 1,
            "000111000001": 2,
            "000100000001": 1,
            "010100000001": 1,
            "011110100000": 1,
            "100000000001": 1,
            "001100100000": 1,
            "011010100001": 1,
            "000000000001": 2,
            "110010100001": 1,
            "110000100000": 1,
            "010000000001": 1,
            "110111000001": 1,
            "000010000001": 1,
            "101011000001": 1,
            "101100000001": 1,
            "001110000001": 1,
            "100011000001": 1
          },
          "component_probability": 0.16129032258064516,
          "success_rate": 0.0155
        }
      ],
      "depth": 13175,
      "num_projections": 16,
      "ideal_solution": [
        {
          "real": -0.260440157237727,
          "imag": 0.0
        },
        {
          "real": 0.1346594931170744,
          "imag": 0.0
        },
        {
          "real": -0.14586646878774562,
          "imag": 0.0
        },
        {
          "real": 0.37677734932292234,
          "imag": 0.0
        },
        {
          "real": 0.27271273107496474,
          "imag": 0.0
        },
        {
          "real": 0.23087648541589173,
          "imag": 0.0
        },
        {
          "real": -0.02541305665628779,
          "imag": 0.0
        },
        {
          "real": 0.3607116985696655,
          "imag": 0.0
        },
        {
          "real": -0.09729706747939108,
          "imag": 0.0
        },
        {
          "real": 0.17089456216327298,
          "imag": 0.0
        },
        {
          "real": -0.2588478684814815,
          "imag": 0.0
        },
        {
          "real": 0.1410990287722212,
          "imag": 0.0
        },
        {
          "real": -0.4789920400373359,
          "imag": 0.0
        },
        {
          "real": 0.007421182517686785,
          "imag": 0.0
        },
        {
          "real": 0.08936950450959343,
          "imag": 0.0
        },
        {
          "real": -0.3595920288740022,
          "imag": 0.0
        }
      ],
      "reconstructed_solution_probabilities": [
        0.16964079682377797,
        0.0,
        0.0,
        0.11801098909480207,
        0.06168756248137381,
        0.0,
        0.06168756248137381,
        0.15659150476041045,
        0.0,
        0.0,
        0.08142758247541343,
        0.0,
        0.21810959591628598,
        0.0,
        0.023398730596383168,
        0.10944567537017934
      ],
      "fidelity": 0.7808961326636692,
      "metadata": {
        "measured_components": [
          0,
          1,
          2,
          3,
          4,
          5,
          6,
          7,
          8,
          9,
          10,
          11,
          12,
          13,
          14,
          15
        ],
        "success_rates": [
          0.012,
          0.0135,
          0.0115,
          0.0115,
          0.0165,
          0.0105,
          0.011,
          0.0065,
          0.013,
          0.009,
          0.0125,
          0.009,
          0.014,
          0.0135,
          0.0145,
          0.0155
        ],
        "raw_probabilities": [
          0.25,
          0.0,
          0.0,
          0.17391304347826086,
          0.09090909090909091,
          0.0,
          0.09090909090909091,
          0.23076923076923078,
          0.0,
          0.0,
          0.12,
          0.0,
          0.32142857142857145,
          0.0,
          0.034482758620689655,
          0.16129032258064516
        ],
        "average_success_rate": 0.012125,
        "total_probability": 1.4737021086955797
      },
      "total_problem_time_seconds": 73.52,
      "first_created_at": "2025-12-22 19:29:17.256000+00:00",
      "last_ended_at": "2025-12-22 19:30:30.776000+00:00"
    }
  ]
}