{
  "problem_list": [
    {
      "A_matrix": [
        [
          0.3064753281938253,
          1.1817770408210522,
          1.1347239743071427,
          0.7606940945373163,
          1.1745634196671433,
          0.42424925102631894,
          0.17101773197397796,
          0.3954726970923518
        ],
        [
          1.1817770408210522,
          1.3143642976659227,
          1.1753625722814316,
          1.9223408305143657,
          0.8680897466200181,
          1.93451125981046,
          1.4639903517426567,
          0.428198376637266
        ],
        [
          1.1347239743071427,
          1.1753625722814316,
          0.1341965344286189,
          1.3309343623980987,
          1.6606644042222511,
          1.5842942994008669,
          1.6343060558205837,
          0.5423451071718649
        ],
        [
          0.7606940945373163,
          1.9223408305143657,
          1.3309343623980987,
          0.5714967832169038,
          1.0468303271237454,
          1.1360677072565009,
          1.0832625684218606,
          1.139616094966033
        ],
        [
          1.1745634196671433,
          0.8680897466200181,
          1.6606644042222511,
          1.0468303271237454,
          0.9706953427890848,
          1.656115113265448,
          1.7703467632320398,
          1.069870340887388
        ],
        [
          0.42424925102631894,
          1.93451125981046,
          1.5842942994008669,
          1.1360677072565009,
          1.656115113265448,
          0.2740803203947553,
          0.7974284268786305,
          0.4460656626686552
        ],
        [
          0.17101773197397796,
          1.4639903517426567,
          1.6343060558205837,
          1.0832625684218606,
          1.7703467632320398,
          0.7974284268786305,
          1.4168091270479193,
          1.7427253417796784
        ],
        [
          0.3954726970923518,
          0.428198376637266,
          0.5423451071718649,
          1.139616094966033,
          1.069870340887388,
          0.4460656626686552,
          1.7427253417796784,
          1.9853231330643757
        ]
      ],
      "b_vector": [
        0.12582417943297078,
        0.2975711945099614,
        0.5937087348308794,
        0.3572871976451339,
        0.5443658264859987,
        0.2600288502207432,
        0.01879839008970886,
        0.2262143257830213
      ]
    }
  ],
  "shots": 2000,
  "backend": "sv1",
  "device_arn": "SV1",
  "aws_region": "eu-west-2",
  "ideal_preprocessing_list": [
    [
      [
        -2.311709609105729,
        -1.3145056444053391,
        -0.9033447098908458,
        -0.45154327571487607,
        0.2675780070535758,
        0.5735291447508097,
        2.077246189122578,
        9.036190764991229
      ],
      [
        0.2992189216706175,
        0.051603923405660425,
        0.19165322821434755,
        0.21744312297757346,
        0.14806813378925035,
        0.1622682860667859,
        0.13500283995273263,
        0.8702365567396074
      ]
    ]
  ],
  "probability_threshold": 0,
  "k_qubits": 7,
  "preprocessing_mode": "ideal",
  "projection_mode": "all_components",
  "projection_subset": null,
  "num_solution_qubits": 3,
  "num_projections": 8,
  "projector_basis_states": [
    0,
    1,
    2,
    3,
    4,
    5,
    6,
    7
  ],
  "enhanced_projection_results": [
    {
      "problem_index": 0,
      "projection_tasks": [
        {
          "basis_state": 0,
          "task_id": "arn:aws:braket:eu-west-2:380012739362:quantum-task/c207cb7e-9637-40fc-a9f2-84aa7798d7db",
          "shots": 2000,
          "projector_index": 0
        },
        {
          "basis_state": 1,
          "task_id": "arn:aws:braket:eu-west-2:380012739362:quantum-task/809d103f-8ef1-4b77-8d80-e6385ebbe88d",
          "shots": 2000,
          "projector_index": 1
        },
        {
          "basis_state": 2,
          "task_id": "arn:aws:braket:eu-west-2:380012739362:quantum-task/d5f0d04e-63dc-487f-99d8-95d1d448a7da",
          "shots": 2000,
          "projector_index": 2
        },
        {
          "basis_state": 3,
          "task_id": "arn:aws:braket:eu-west-2:380012739362:quantum-task/ad08a948-8f06-4194-9d85-6f725e5af47c",
          "shots": 2000,
          "projector_index": 3
        },
        {
          "basis_state": 4,
          "task_id": "arn:aws:braket:eu-west-2:380012739362:quantum-task/deaed681-e552-4c13-bb97-1ab2c387653c",
          "shots": 2000,
          "projector_index": 4
        },
        {
          "basis_state": 5,
          "task_id": "arn:aws:braket:eu-west-2:380012739362:quantum-task/1692fbec-5832-498e-9994-267f04d5ac25",
          "shots": 2000,
          "projector_index": 5
        },
        {
          "basis_state": 6,
          "task_id": "arn:aws:braket:eu-west-2:380012739362:quantum-task/03afbfdb-956b-43ce-b8a1-bc67f2cf3f59",
          "shots": 2000,
          "projector_index": 6
        },
        {
          "basis_state": 7,
          "task_id": "arn:aws:braket:eu-west-2:380012739362:quantum-task/ecb3c99f-9343-4215-901d-73c5d0878924",
          "shots": 2000,
          "projector_index": 7
        }
      ],
      "depth": 4876,
      "num_projections": 8,
      "ideal_solution": [
        {
          "real": 0.9194515660116304,
          "imag": 0.0
        },
        {
          "real": -0.0422493575424416,
          "imag": 0.0
        },
        {
          "real": -0.020241974747777326,
          "imag": 0.0
        },
        {
          "real": -0.21606035697847942,
          "imag": 0.0
        },
        {
          "real": 0.1780271577706273,
          "imag": 0.0
        },
        {
          "real": -0.25912724497106826,
          "imag": 0.0
        },
        {
          "real": 0.08128176021053693,
          "imag": 0.0
        },
        {
          "real": -0.016872214245518463,
          "imag": 0.0
        }
      ]
    }
  ]
}