{
  "problem_list": [
    {
      "A_matrix": [
        [
          1.631051036826754,
          1.4768839307019788,
          0.6695951479172286,
          0.8270002267048054,
          0.6604185161793137,
          0.8994281075279646,
          0.47373592105951556,
          0.908763199732167,
          0.6181452314310067,
          1.3386580965471917,
          0.9747135245383347,
          0.2866191675079679,
          1.3589713109740826,
          0.582793635928929,
          0.8051219948452109,
          0.6239526595527976
        ],
        [
          1.4768839307019788,
          1.7336852507090776,
          1.2346697076205069,
          1.4636660327193212,
          0.3866821257737082,
          0.45496360406874714,
          1.3446803121204944,
          1.0519108430534883,
          0.3000272555890501,
          1.5147312074950454,
          1.1032270858268136,
          0.38946190547542614,
          0.14918118329102947,
          1.3099731776914645,
          0.45603501856169615,
          0.7015142249484484
        ],
        [
          0.6695951479172286,
          1.2346697076205069,
          1.9531974065507227,
          1.8271796083249232,
          1.5548312997462874,
          0.3660273251964501,
          0.8547797436033907,
          1.0891313535353955,
          1.06206160436775,
          0.9155110837685357,
          0.8251416733140186,
          0.9520213038405889,
          0.8034885300982719,
          1.676650724404912,
          1.6775510788793793,
          0.5060529839403762
        ],
        [
          0.8270002267048054,
          1.4636660327193212,
          1.8271796083249232,
          0.22290262273492,
          0.8770864012346771,
          0.4215065835380981,
          0.47651679140283965,
          1.525034917714145,
          1.0767095919963983,
          0.6938748433176327,
          0.7286329562307178,
          0.40001739357977284,
          1.109221809716508,
          0.660968653805821,
          1.3338236802363128,
          1.578707756407777
        ],
        [
          0.6604185161793137,
          0.3866821257737082,
          1.5548312997462874,
          0.8770864012346771,
          1.19042201151756,
          1.180483709863,
          0.7565957357247041,
          0.7798677651574467,
          1.614118123725007,
          0.9027677745903989,
          0.8365662039067779,
          0.8097806178698979,
          1.2118586637642232,
          1.0115412475704675,
          1.84646117314648,
          0.8448793462800388
        ],
        [
          0.8994281075279646,
          0.45496360406874714,
          0.3660273251964501,
          0.4215065835380981,
          1.180483709863,
          1.9596394657158764,
          0.9483300899681422,
          1.0658274950833682,
          1.158545017620995,
          1.3020626032639822,
          0.7214395174039077,
          1.3141280559848698,
          0.6316551467283589,
          1.3175136244703856,
          0.8653973458723629,
          0.5293392803343684
        ],
        [
          0.47373592105951556,
          1.3446803121204944,
          0.8547797436033907,
          0.47651679140283965,
          0.7565957357247041,
          0.9483300899681422,
          1.996950811261411,
          1.5009703552265554,
          1.6213084682960885,
          0.5748854653428591,
          1.0905203391476581,
          0.8704123250141065,
          0.17612667763540735,
          0.8035687332846566,
          0.8955156433522997,
          1.0007971165350773
        ],
        [
          0.908763199732167,
          1.0519108430534883,
          1.0891313535353955,
          1.525034917714145,
          0.7798677651574467,
          1.0658274950833682,
          1.5009703552265554,
          0.6415522508064144,
          0.7163955740610876,
          1.628234284735547,
          0.8325526056844516,
          1.4454760112524296,
          1.9002858876166462,
          1.1529539120438415,
          0.9866891597585702,
          0.4199870702269157
        ],
        [
          0.6181452314310067,
          0.3000272555890501,
          1.06206160436775,
          1.0767095919963983,
          1.614118123725007,
          1.158545017620995,
          1.6213084682960885,
          0.7163955740610876,
          1.8667429443870884,
          0.501050792413903,
          0.967746345796232,
          1.3952505030246651,
          1.3216566761414614,
          1.3869504884815198,
          1.397547640436433,
          0.8861649268006639
        ],
        [
          1.3386580965471917,
          1.5147312074950454,
          0.9155110837685357,
          0.6938748433176327,
          0.9027677745903989,
          1.3020626032639822,
          0.5748854653428591,
          1.628234284735547,
          0.501050792413903,
          1.276125934096259,
          0.889771097072422,
          1.095319869530778,
          0.9426468021139727,
          1.2679879407715116,
          0.9905753961094348,
          0.3805525167408723
        ],
        [
          0.9747135245383347,
          1.1032270858268136,
          0.8251416733140186,
          0.7286329562307178,
          0.8365662039067779,
          0.7214395174039077,
          1.0905203391476581,
          0.8325526056844516,
          0.967746345796232,
          0.889771097072422,
          1.1510225175400228,
          0.8460346442552074,
          1.595355370246009,
          1.4863772436488563,
          0.6813370426864126,
          1.9286700080755512
        ],
        [
          0.2866191675079679,
          0.38946190547542614,
          0.9520213038405889,
          0.40001739357977284,
          0.8097806178698979,
          1.3141280559848698,
          0.8704123250141065,
          1.4454760112524296,
          1.3952505030246651,
          1.095319869530778,
          0.8460346442552074,
          1.6216902564941253,
          0.09378991675565196,
          1.1218483909889758,
          0.9163867630428867,
          1.3759346167030775
        ],
        [
          1.3589713109740826,
          0.14918118329102947,
          0.8034885300982719,
          1.109221809716508,
          1.2118586637642232,
          0.6316551467283589,
          0.17612667763540735,
          1.9002858876166462,
          1.3216566761414614,
          0.9426468021139727,
          1.595355370246009,
          0.09378991675565196,
          1.7997648639470845,
          1.3363677728679773,
          0.9997366930838669,
          1.3430138806062266
        ],
        [
          0.582793635928929,
          1.3099731776914645,
          1.676650724404912,
          0.660968653805821,
          1.0115412475704675,
          1.3175136244703856,
          0.8035687332846566,
          1.1529539120438415,
          1.3869504884815198,
          1.2679879407715116,
          1.4863772436488563,
          1.1218483909889758,
          1.3363677728679773,
          1.4983998806065544,
          1.3185440766140135,
          0.861396002082822
        ],
        [
          0.8051219948452109,
          0.45603501856169615,
          1.6775510788793793,
          1.3338236802363128,
          1.84646117314648,
          0.8653973458723629,
          0.8955156433522997,
          0.9866891597585702,
          1.397547640436433,
          0.9905753961094348,
          0.6813370426864126,
          0.9163867630428867,
          0.9997366930838669,
          1.3185440766140135,
          0.49822575281771275,
          1.369291271104502
        ],
        [
          0.6239526595527976,
          0.7015142249484484,
          0.5060529839403762,
          1.578707756407777,
          0.8448793462800388,
          0.5293392803343684,
          1.0007971165350773,
          0.4199870702269157,
          0.8861649268006639,
          0.3805525167408723,
          1.9286700080755512,
          1.3759346167030775,
          1.3430138806062266,
          0.861396002082822,
          1.369291271104502,
          0.26637636603617376
        ]
      ],
      "b_vector": [
        0.3233927095525106,
        0.25442626276305264,
        0.2168492078343823,
        0.27554172003926924,
        0.044447075624593615,
        0.0027436313154105794,
        0.32953917279504447,
        0.2666897922315554,
        0.18198343203730652,
        0.05328910491230917,
        0.3801925847783043,
        0.3657290877616157,
        0.233985629803879,
        0.18685576275902516,
        0.3417984651282764,
        0.07268166814254955
      ]
    }
  ],
  "shots": 2000,
  "backend": "sv1",
  "device_arn": "SV1",
  "aws_region": "eu-west-2",
  "ideal_preprocessing_list": [
    [
      [
        -2.716100325929875,
        -1.7869353750722952,
        -1.5874666892476408,
        -0.8954172290159557,
        -0.6937124684191878,
        -0.314809827706027,
        -0.09743731328806948,
        0.1539419658380493,
        0.7184309865952079,
        0.7974645191505454,
        1.2169547489584516,
        1.9316618754111092,
        2.3588898461537062,
        2.7011514883911336,
        3.157273449422158,
        16.363859720806445
      ],
      [
        0.1947925914617934,
        0.1696379589486422,
        0.14051679173993784,
        0.04280990927260117,
        0.07011257050684463,
        0.1737451355123706,
        0.007361275002703893,
        0.13211815496313328,
        0.076200119017845,
        0.12011611580641768,
        0.04562444673712121,
        0.21715401616426633,
        0.0919445925103956,
        0.021670259526602453,
        0.10472587925600771,
        0.8773402406636872
      ]
    ]
  ],
  "probability_threshold": 0,
  "k_qubits": 3,
  "preprocessing_mode": "ideal",
  "projection_mode": "all_components",
  "projection_subset": null,
  "num_solution_qubits": 4,
  "num_projections": 16,
  "projector_basis_states": [
    0,
    1,
    2,
    3,
    4,
    5,
    6,
    7,
    8,
    9,
    10,
    11,
    12,
    13,
    14,
    15
  ],
  "enhanced_projection_results": [
    {
      "problem_index": 0,
      "projection_tasks": [
        {
          "basis_state": 0,
          "task_id": "arn:aws:braket:eu-west-2:380012739362:quantum-task/01aaf535-137d-47a5-bbef-1ae3443af586",
          "shots": 2000,
          "projector_index": 0
        },
        {
          "basis_state": 1,
          "task_id": "arn:aws:braket:eu-west-2:380012739362:quantum-task/cb0cceb9-1e45-4f82-967e-9ca79e3e7745",
          "shots": 2000,
          "projector_index": 1
        },
        {
          "basis_state": 2,
          "task_id": "arn:aws:braket:eu-west-2:380012739362:quantum-task/9bece0cb-53eb-443b-b5cb-1d7b341470d2",
          "shots": 2000,
          "projector_index": 2
        },
        {
          "basis_state": 3,
          "task_id": "arn:aws:braket:eu-west-2:380012739362:quantum-task/b9a46a35-41c1-4f8b-8a84-bced71faa6ce",
          "shots": 2000,
          "projector_index": 3
        },
        {
          "basis_state": 4,
          "task_id": "arn:aws:braket:eu-west-2:380012739362:quantum-task/bdf8e766-67e1-40b8-ad09-06daf0fb8a50",
          "shots": 2000,
          "projector_index": 4
        },
        {
          "basis_state": 5,
          "task_id": "arn:aws:braket:eu-west-2:380012739362:quantum-task/623ae586-d0d5-407c-8771-5922f6efeec3",
          "shots": 2000,
          "projector_index": 5
        },
        {
          "basis_state": 6,
          "task_id": "arn:aws:braket:eu-west-2:380012739362:quantum-task/2b51ffbd-49d8-4dc3-87f0-ace599aa50f1",
          "shots": 2000,
          "projector_index": 6
        },
        {
          "basis_state": 7,
          "task_id": "arn:aws:braket:eu-west-2:380012739362:quantum-task/0dc7ae9b-0b8c-4c9a-8167-a072a4e21a2e",
          "shots": 2000,
          "projector_index": 7
        },
        {
          "basis_state": 8,
          "task_id": "arn:aws:braket:eu-west-2:380012739362:quantum-task/03756c6a-e94e-43d7-a36b-de15454ffdb2",
          "shots": 2000,
          "projector_index": 8
        },
        {
          "basis_state": 9,
          "task_id": "arn:aws:braket:eu-west-2:380012739362:quantum-task/72a7ff07-1080-41b3-87c2-ea85b5bd0e85",
          "shots": 2000,
          "projector_index": 9
        },
        {
          "basis_state": 10,
          "task_id": "arn:aws:braket:eu-west-2:380012739362:quantum-task/f4e10539-001b-4809-aa37-cb826e191f89",
          "shots": 2000,
          "projector_index": 10
        },
        {
          "basis_state": 11,
          "task_id": "arn:aws:braket:eu-west-2:380012739362:quantum-task/2323fb97-8af0-46b7-a5c8-30ecf0598d8f",
          "shots": 2000,
          "projector_index": 11
        },
        {
          "basis_state": 12,
          "task_id": "arn:aws:braket:eu-west-2:380012739362:quantum-task/e755fc77-bd4f-431f-a737-a74c7df0ffc3",
          "shots": 2000,
          "projector_index": 12
        },
        {
          "basis_state": 13,
          "task_id": "arn:aws:braket:eu-west-2:380012739362:quantum-task/3dab2a44-37a8-48e3-aa6d-f0c7cbd569a4",
          "shots": 2000,
          "projector_index": 13
        },
        {
          "basis_state": 14,
          "task_id": "arn:aws:braket:eu-west-2:380012739362:quantum-task/37ad8f26-8222-4b6d-8843-ad5ed174307f",
          "shots": 2000,
          "projector_index": 14
        },
        {
          "basis_state": 15,
          "task_id": "arn:aws:braket:eu-west-2:380012739362:quantum-task/b8f6e0f1-13e9-4a3e-b469-760dc8cfe3ea",
          "shots": 2000,
          "projector_index": 15
        }
      ],
      "depth": 4356,
      "num_projections": 16,
      "ideal_solution": [
        {
          "real": 0.07191854528594636,
          "imag": 0.0
        },
        {
          "real": 0.24404953540551874,
          "imag": 0.0
        },
        {
          "real": -0.1778719071652718,
          "imag": 0.0
        },
        {
          "real": 0.1087547670894045,
          "imag": 0.0
        },
        {
          "real": -0.1814091532200282,
          "imag": 0.0
        },
        {
          "real": -0.40377180710875693,
          "imag": 0.0
        },
        {
          "real": -0.2224691009751891,
          "imag": 0.0
        },
        {
          "real": -0.02852446324552438,
          "imag": 0.0
        },
        {
          "real": 0.6648009724781379,
          "imag": 0.0
        },
        {
          "real": 0.22505994612937158,
          "imag": 0.0
        },
        {
          "real": -0.1980044369380866,
          "imag": 0.0
        },
        {
          "real": 0.24768657328627186,
          "imag": 0.0
        },
        {
          "real": 0.02324351979013095,
          "imag": 0.0
        },
        {
          "real": 0.0030978250594300974,
          "imag": 0.0
        },
        {
          "real": -0.2238627228741957,
          "imag": 0.0
        },
        {
          "real": 0.041513238742710575,
          "imag": 0.0
        }
      ]
    }
  ]
}