{
  "problem_list": [
    {
      "A_matrix": [
        [
          0.3064753281938253,
          1.1817770408210522,
          1.1347239743071427,
          0.7606940945373163,
          1.1745634196671433,
          0.42424925102631894,
          0.17101773197397796,
          0.3954726970923518
        ],
        [
          1.1817770408210522,
          1.3143642976659227,
          1.1753625722814316,
          1.9223408305143657,
          0.8680897466200181,
          1.93451125981046,
          1.4639903517426567,
          0.428198376637266
        ],
        [
          1.1347239743071427,
          1.1753625722814316,
          0.1341965344286189,
          1.3309343623980987,
          1.6606644042222511,
          1.5842942994008669,
          1.6343060558205837,
          0.5423451071718649
        ],
        [
          0.7606940945373163,
          1.9223408305143657,
          1.3309343623980987,
          0.5714967832169038,
          1.0468303271237454,
          1.1360677072565009,
          1.0832625684218606,
          1.139616094966033
        ],
        [
          1.1745634196671433,
          0.8680897466200181,
          1.6606644042222511,
          1.0468303271237454,
          0.9706953427890848,
          1.656115113265448,
          1.7703467632320398,
          1.069870340887388
        ],
        [
          0.42424925102631894,
          1.93451125981046,
          1.5842942994008669,
          1.1360677072565009,
          1.656115113265448,
          0.2740803203947553,
          0.7974284268786305,
          0.4460656626686552
        ],
        [
          0.17101773197397796,
          1.4639903517426567,
          1.6343060558205837,
          1.0832625684218606,
          1.7703467632320398,
          0.7974284268786305,
          1.4168091270479193,
          1.7427253417796784
        ],
        [
          0.3954726970923518,
          0.428198376637266,
          0.5423451071718649,
          1.139616094966033,
          1.069870340887388,
          0.4460656626686552,
          1.7427253417796784,
          1.9853231330643757
        ]
      ],
      "b_vector": [
        0.12582417943297078,
        0.2975711945099614,
        0.5937087348308794,
        0.3572871976451339,
        0.5443658264859987,
        0.2600288502207432,
        0.01879839008970886,
        0.2262143257830213
      ]
    }
  ],
  "shots": 2000,
  "backend": "sv1",
  "device_arn": "SV1",
  "aws_region": "eu-west-2",
  "ideal_preprocessing_list": [
    [
      [
        -2.311709609105729,
        -1.3145056444053391,
        -0.9033447098908458,
        -0.45154327571487607,
        0.2675780070535758,
        0.5735291447508097,
        2.077246189122578,
        9.036190764991229
      ],
      [
        0.2992189216706175,
        0.051603923405660425,
        0.19165322821434755,
        0.21744312297757346,
        0.14806813378925035,
        0.1622682860667859,
        0.13500283995273263,
        0.8702365567396074
      ]
    ]
  ],
  "probability_threshold": 0,
  "k_qubits": 7,
  "preprocessing_mode": "ideal",
  "projection_mode": "all_components",
  "projection_subset": null,
  "num_solution_qubits": 3,
  "num_projections": 8,
  "projector_basis_states": [
    0,
    1,
    2,
    3,
    4,
    5,
    6,
    7
  ],
  "enhanced_projection_results": [
    {
      "problem_index": 0,
      "projection_tasks": [
        {
          "basis_state": 0,
          "task_id": "arn:aws:braket:eu-west-2:380012739362:quantum-task/c207cb7e-9637-40fc-a9f2-84aa7798d7db",
          "status": "DONE",
          "shots": 2000,
          "created_at": "2025-12-22 19:23:56.308000+00:00",
          "ended_at": "2025-12-22 19:24:00.027000+00:00",
          "execution_time_seconds": 3.719,
          "counts": {
            "01100000000": 212,
            "10000000000": 515,
            "01000000000": 677,
            "10100000001": 9,
            "00000000000": 4,
            "10101000000": 1,
            "00100000000": 250,
            "11100000000": 59,
            "00000000001": 70,
            "10100000000": 140,
            "10010000001": 1,
            "11000000000": 30,
            "01100000001": 6,
            "00011000000": 1,
            "11000000001": 3,
            "10111011000": 1,
            "10100110001": 1,
            "00010100001": 1,
            "00010100000": 1,
            "01011000001": 1,
            "10111000001": 1,
            "11011000000": 4,
            "10001100001": 1,
            "00011000001": 4,
            "11011010001": 1,
            "01001100001": 1,
            "10000000001": 1,
            "11100000001": 1,
            "11111000000": 1,
            "00110000001": 1,
            "11111000001": 1
          },
          "component_probability": 0.7211538461538461,
          "success_rate": 0.052
        },
        {
          "basis_state": 1,
          "task_id": "arn:aws:braket:eu-west-2:380012739362:quantum-task/809d103f-8ef1-4b77-8d80-e6385ebbe88d",
          "status": "DONE",
          "shots": 2000,
          "created_at": "2025-12-22 19:23:58.430000+00:00",
          "ended_at": "2025-12-22 19:24:02.275000+00:00",
          "execution_time_seconds": 3.845,
          "counts": {
            "01000000000": 718,
            "11000000000": 24,
            "01100000000": 222,
            "01100000001": 9,
            "10000000000": 497,
            "00100000000": 221,
            "11100000000": 71,
            "10100000000": 137,
            "00000000000": 6,
            "10100000001": 8,
            "11001110001": 1,
            "00000000001": 61,
            "01101000001": 1,
            "00110101001": 1,
            "10011100001": 1,
            "11001000001": 1,
            "00011000001": 3,
            "01100011000": 1,
            "00111100000": 1,
            "00001000000": 1,
            "10001100001": 1,
            "11111100001": 1,
            "00010000101": 1,
            "10000000001": 2,
            "00010010001": 1,
            "01111000000": 1,
            "00110100001": 1,
            "11011100001": 1,
            "10001010001": 1,
            "00101100001": 1,
            "10011100000": 1,
            "11000100001": 1,
            "11000100000": 1,
            "01011100001": 1
          },
          "component_probability": 0.030612244897959183,
          "success_rate": 0.049
        },
        {
          "basis_state": 2,
          "task_id": "arn:aws:braket:eu-west-2:380012739362:quantum-task/d5f0d04e-63dc-487f-99d8-95d1d448a7da",
          "status": "DONE",
          "shots": 2000,
          "created_at": "2025-12-22 19:24:00.552000+00:00",
          "ended_at": "2025-12-22 19:24:04.465000+00:00",
          "execution_time_seconds": 3.913,
          "counts": {
            "10000000000": 520,
            "01000000000": 665,
            "00100000000": 219,
            "01100000000": 252,
            "00000000001": 70,
            "10100000000": 136,
            "11000000000": 28,
            "10011110001": 1,
            "11100000000": 74,
            "11000000001": 3,
            "01100010001": 1,
            "01111110000": 1,
            "00010100001": 2,
            "00000000000": 2,
            "00011000001": 2,
            "00010000000": 2,
            "01100000001": 2,
            "10000000001": 2,
            "01101000001": 1,
            "00010010001": 2,
            "10100000001": 5,
            "00011000000": 1,
            "00001100001": 1,
            "11111100001": 1,
            "00010010000": 1,
            "11000010000": 1,
            "01100010000": 1,
            "10011101000": 1,
            "11010000001": 1,
            "01111001000": 1,
            "10011110000": 1
          },
          "component_probability": 0.0,
          "success_rate": 0.047
        },
        {
          "basis_state": 3,
          "task_id": "arn:aws:braket:eu-west-2:380012739362:quantum-task/ad08a948-8f06-4194-9d85-6f725e5af47c",
          "status": "DONE",
          "shots": 2000,
          "created_at": "2025-12-22 19:24:02.915000+00:00",
          "ended_at": "2025-12-22 19:24:06.333000+00:00",
          "execution_time_seconds": 3.418,
          "counts": {
            "10100000000": 134,
            "10000000000": 531,
            "11100000000": 65,
            "01000000000": 706,
            "00100000000": 223,
            "01100000000": 219,
            "10100000001": 13,
            "00011000001": 4,
            "11000000000": 17,
            "00000000001": 59,
            "01100100000": 1,
            "11000000001": 3,
            "01100010001": 1,
            "01100000001": 9,
            "00101000000": 1,
            "00000000000": 3,
            "00001000000": 1,
            "11010000001": 1,
            "11011000000": 3,
            "10001100001": 1,
            "01101000000": 1,
            "01100010000": 1,
            "00010100000": 1,
            "11111100001": 1,
            "11100100001": 1
          },
          "component_probability": 0.10752688172043011,
          "success_rate": 0.0465
        },
        {
          "basis_state": 4,
          "task_id": "arn:aws:braket:eu-west-2:380012739362:quantum-task/deaed681-e552-4c13-bb97-1ab2c387653c",
          "status": "DONE",
          "shots": 2000,
          "created_at": "2025-12-22 19:24:05.105000+00:00",
          "ended_at": "2025-12-22 19:24:09.098000+00:00",
          "execution_time_seconds": 3.993,
          "counts": {
            "01000000000": 697,
            "10000000000": 542,
            "01100000000": 229,
            "00100000000": 222,
            "10100000000": 116,
            "10100000001": 7,
            "00000000001": 77,
            "11100000000": 60,
            "11000000000": 23,
            "01100000001": 4,
            "00000000000": 2,
            "10000000001": 3,
            "00011000001": 3,
            "11010110001": 1,
            "10011100000": 1,
            "00011000000": 1,
            "10001100000": 1,
            "11011000000": 2,
            "11010000000": 1,
            "11011100001": 1,
            "00100110000": 1,
            "11111100001": 1,
            "00001010000": 1,
            "01110100001": 2,
            "01111010001": 1,
            "11111000000": 1
          },
          "component_probability": 0.03,
          "success_rate": 0.05
        },
        {
          "basis_state": 5,
          "task_id": "arn:aws:braket:eu-west-2:380012739362:quantum-task/1692fbec-5832-498e-9994-267f04d5ac25",
          "status": "DONE",
          "shots": 2000,
          "created_at": "2025-12-22 19:24:07.762000+00:00",
          "ended_at": "2025-12-22 19:24:11.226000+00:00",
          "execution_time_seconds": 3.464,
          "counts": {
            "01100000000": 250,
            "00100000000": 232,
            "10100000000": 127,
            "01000000000": 714,
            "11100000000": 73,
            "10000000000": 489,
            "00000000001": 68,
            "11001000001": 1,
            "11000000000": 18,
            "00000000000": 5,
            "11000100001": 1,
            "10100000001": 5,
            "11010000001": 1,
            "00011000001": 4,
            "01100000001": 1,
            "01111010001": 1,
            "10000000001": 2,
            "00010100001": 2,
            "01100100000": 1,
            "11011000000": 1,
            "00110100001": 1,
            "01101000001": 1,
            "00011000000": 1,
            "00010000000": 1
          },
          "component_probability": 0.056818181818181816,
          "success_rate": 0.044
        },
        {
          "basis_state": 6,
          "task_id": "arn:aws:braket:eu-west-2:380012739362:quantum-task/03afbfdb-956b-43ce-b8a1-bc67f2cf3f59",
          "status": "DONE",
          "shots": 2000,
          "created_at": "2025-12-22 19:24:10.179000+00:00",
          "ended_at": "2025-12-22 19:24:13.064000+00:00",
          "execution_time_seconds": 2.885,
          "counts": {
            "01000000000": 713,
            "11100000000": 60,
            "10100000000": 131,
            "01100000000": 236,
            "10000000000": 530,
            "00000000001": 64,
            "11011000000": 2,
            "00100000000": 208,
            "10000000001": 1,
            "11000000000": 24,
            "01111110001": 1,
            "11111110101": 1,
            "11011010001": 1,
            "00010000000": 1,
            "10100000001": 7,
            "00010100001": 2,
            "00000000000": 6,
            "10011110001": 1,
            "01100000001": 2,
            "01111101001": 1,
            "01110010001": 1,
            "10011100000": 1,
            "11100001001": 1,
            "00101100001": 1,
            "11000000001": 2,
            "11101100001": 1,
            "01110100001": 1
          },
          "component_probability": 0.03409090909090909,
          "success_rate": 0.044
        },
        {
          "basis_state": 7,
          "task_id": "arn:aws:braket:eu-west-2:380012739362:quantum-task/ecb3c99f-9343-4215-901d-73c5d0878924",
          "status": "DONE",
          "shots": 2000,
          "created_at": "2025-12-22 19:24:12.246000+00:00",
          "ended_at": "2025-12-22 19:24:15.154000+00:00",
          "execution_time_seconds": 2.908,
          "counts": {
            "10100000000": 142,
            "01000000000": 672,
            "10000000000": 482,
            "11100000000": 66,
            "00100000000": 225,
            "01100000000": 263,
            "00000000001": 76,
            "11000000000": 34,
            "10100000001": 9,
            "01100000001": 8,
            "00011000000": 3,
            "11011010001": 1,
            "11000000001": 1,
            "10110001101": 1,
            "11011000000": 4,
            "00000000000": 2,
            "00111100001": 1,
            "11111000000": 1,
            "01100010011": 1,
            "10000000001": 2,
            "00010010001": 1,
            "00010100001": 1,
            "10110100000": 1,
            "11001000001": 1,
            "01111000000": 1,
            "10011110000": 1
          },
          "component_probability": 0.0,
          "success_rate": 0.0515
        }
      ],
      "depth": 4876,
      "num_projections": 8,
      "ideal_solution": [
        {
          "real": 0.9194515660116304,
          "imag": 0.0
        },
        {
          "real": -0.0422493575424416,
          "imag": 0.0
        },
        {
          "real": -0.020241974747777326,
          "imag": 0.0
        },
        {
          "real": -0.21606035697847942,
          "imag": 0.0
        },
        {
          "real": 0.1780271577706273,
          "imag": 0.0
        },
        {
          "real": -0.25912724497106826,
          "imag": 0.0
        },
        {
          "real": 0.08128176021053693,
          "imag": 0.0
        },
        {
          "real": -0.016872214245518463,
          "imag": 0.0
        }
      ],
      "reconstructed_solution_probabilities": [
        0.7357195754571483,
        0.031230545243895274,
        0.0,
        0.10969868938715903,
        0.030605934339017368,
        0.05796578473298744,
        0.034779470839792465,
        0.0
      ],
      "fidelity": 0.9532978883897079,
      "metadata": {
        "measured_components": [
          0,
          1,
          2,
          3,
          4,
          5,
          6,
          7
        ],
        "success_rates": [
          0.052,
          0.049,
          0.047,
          0.0465,
          0.05,
          0.044,
          0.044,
          0.0515
        ],
        "raw_probabilities": [
          0.7211538461538461,
          0.030612244897959183,
          0.0,
          0.10752688172043011,
          0.03,
          0.056818181818181816,
          0.03409090909090909,
          0.0
        ],
        "average_success_rate": 0.048,
        "total_probability": 0.9802020636813265
      },
      "total_problem_time_seconds": 18.846,
      "first_created_at": "2025-12-22 19:23:56.308000+00:00",
      "last_ended_at": "2025-12-22 19:24:15.154000+00:00"
    }
  ]
}