{
  "problem_list": [
    {
      "A_matrix": [
        [
          1.818560691293712,
          1.037031934250868,
          1.137265289648814,
          0.36141529716441323,
          1.3459814268207797,
          1.392132941431846,
          1.1076677743394723,
          0.6453188365653153
        ],
        [
          1.037031934250868,
          1.5548930158132288,
          0.8802591705289695,
          0.6755390557373908,
          1.3536421926930562,
          1.185292847196537,
          0.7031696812738382,
          0.8567485967838561
        ],
        [
          1.137265289648814,
          0.8802591705289695,
          1.6177635410328448,
          1.3285101883319221,
          0.8844097109736925,
          1.2238973797734594,
          0.884989834077229,
          0.7818965742040598
        ],
        [
          0.36141529716441323,
          0.6755390557373908,
          1.3285101883319221,
          0.6897784161079688,
          0.9718616126453575,
          1.0999676356980457,
          0.8248667480973968,
          0.4434941912590916
        ],
        [
          1.3459814268207797,
          1.3536421926930562,
          0.8844097109736925,
          0.9718616126453575,
          0.07611212793495192,
          0.6651711444116022,
          0.8542792839474574,
          0.9932857355237958
        ],
        [
          1.392132941431846,
          1.185292847196537,
          1.2238973797734594,
          1.0999676356980457,
          0.6651711444116022,
          1.9248303184119966,
          1.6737482297932313,
          0.9723481006625964
        ],
        [
          1.1076677743394723,
          0.7031696812738382,
          0.884989834077229,
          0.8248667480973968,
          0.8542792839474574,
          1.6737482297932313,
          1.5700514728463608,
          1.5257588059094798
        ],
        [
          0.6453188365653153,
          0.8567485967838561,
          0.7818965742040598,
          0.4434941912590916,
          0.9932857355237958,
          0.9723481006625964,
          1.5257588059094798,
          1.1605939864485297
        ]
      ],
      "b_vector": [
        0.5385895297922684,
        0.321012018665438,
        0.2183410786022343,
        0.20509661006416854,
        0.4830701654819239,
        0.08210381134710255,
        0.4213966726231158,
        0.3153762513113436
      ]
    }
  ],
  "shots": 2000,
  "backend": "sv1",
  "device_arn": "SV1",
  "aws_region": "eu-west-2",
  "ideal_preprocessing_list": [
    [
      [
        -1.2897179744200613,
        -0.46612372545828673,
        -0.1401312037203208,
        0.5340730217052844,
        0.8789044119700054,
        1.1493924477485795,
        1.3265451740243785,
        8.419641418040008
      ],
      [
        0.03840407914915922,
        0.03380355981901248,
        0.2090884727914207,
        0.27482299417515926,
        0.06029574438535676,
        0.26268863087459327,
        0.07797726419969356,
        0.8941003473619711
      ]
    ]
  ],
  "probability_threshold": 0,
  "k_qubits": 5,
  "preprocessing_mode": "ideal",
  "projection_mode": "all_components",
  "projection_subset": null,
  "num_solution_qubits": 3,
  "num_projections": 8,
  "projector_basis_states": [
    0,
    1,
    2,
    3,
    4,
    5,
    6,
    7
  ],
  "enhanced_projection_results": [
    {
      "problem_index": 0,
      "projection_tasks": [
        {
          "basis_state": 0,
          "task_id": "arn:aws:braket:eu-west-2:380012739362:quantum-task/aad188c8-dc89-4ce0-b36e-29fd1b22ac82",
          "shots": 2000,
          "projector_index": 0
        },
        {
          "basis_state": 1,
          "task_id": "arn:aws:braket:eu-west-2:380012739362:quantum-task/85a92cda-24b9-4051-8924-18f7f2d2e329",
          "shots": 2000,
          "projector_index": 1
        },
        {
          "basis_state": 2,
          "task_id": "arn:aws:braket:eu-west-2:380012739362:quantum-task/2333edad-68b0-4055-97c7-2a35d68b8817",
          "shots": 2000,
          "projector_index": 2
        },
        {
          "basis_state": 3,
          "task_id": "arn:aws:braket:eu-west-2:380012739362:quantum-task/8662dba0-6612-41c9-9d25-b19d9b839ffb",
          "shots": 2000,
          "projector_index": 3
        },
        {
          "basis_state": 4,
          "task_id": "arn:aws:braket:eu-west-2:380012739362:quantum-task/bec19cdf-b34a-4e75-8a6b-b77b0bbb4dde",
          "shots": 2000,
          "projector_index": 4
        },
        {
          "basis_state": 5,
          "task_id": "arn:aws:braket:eu-west-2:380012739362:quantum-task/ccea641c-fd68-4e34-9989-0cfded107ab9",
          "shots": 2000,
          "projector_index": 5
        },
        {
          "basis_state": 6,
          "task_id": "arn:aws:braket:eu-west-2:380012739362:quantum-task/96c51e1d-806a-4f4a-aa91-887390a930e2",
          "shots": 2000,
          "projector_index": 6
        },
        {
          "basis_state": 7,
          "task_id": "arn:aws:braket:eu-west-2:380012739362:quantum-task/d7e0ca0d-a7f1-48bb-ada3-75c4f0b7d184",
          "shots": 2000,
          "projector_index": 7
        }
      ],
      "depth": 1873,
      "num_projections": 8,
      "ideal_solution": [
        {
          "real": 0.08698409422894839,
          "imag": 0.0
        },
        {
          "real": 0.06210047084725209,
          "imag": 0.0
        },
        {
          "real": 0.491424955708984,
          "imag": 0.0
        },
        {
          "real": -0.6072976466483953,
          "imag": 0.0
        },
        {
          "real": -0.19750930852363996,
          "imag": 0.0
        },
        {
          "real": 0.024795875873843087,
          "imag": 0.0
        },
        {
          "real": -0.2893084691493918,
          "imag": 0.0
        },
        {
          "real": 0.504920020813258,
          "imag": 0.0
        }
      ]
    }
  ]
}