{
  "problem_list": [
    {
      "A_matrix": [
        [
          0.2975143942134679,
          1.0306456850656056,
          0.8105575344572916,
          0.8954204079039478,
          0.86726813865389,
          1.7529847877785552,
          0.559277776746342,
          1.084975327965163,
          0.4095304402373495,
          1.1667969704469772,
          0.6713065808679934,
          1.3907764242244154,
          1.261423755862845,
          1.6906672773958475,
          1.3258777708230571,
          1.8594930785518076
        ],
        [
          1.0306456850656056,
          0.1784155020189655,
          1.3890910677368509,
          0.5292107945678779,
          0.45258012794267877,
          0.8898758565107578,
          0.8101174821889983,
          1.0439542433997737,
          0.9505719374030949,
          0.5572448831847892,
          1.3458652997619156,
          1.374947620390874,
          1.0192266319166594,
          0.7685460153084166,
          1.6514105869743196,
          0.5772686609425476
        ],
        [
          0.8105575344572916,
          1.3890910677368509,
          0.9341103845146868,
          1.0138744203663563,
          1.0367349775013928,
          1.4586537517371732,
          0.5088793425650829,
          1.4245423064150642,
          0.8303514513410879,
          0.8945624277135924,
          0.7767185819917491,
          1.7114567476918014,
          1.5282242988852262,
          0.49461138713828845,
          1.2942143961121417,
          0.26002409112973823
        ],
        [
          0.8954204079039478,
          0.5292107945678779,
          1.0138744203663563,
          1.6805015805175152,
          0.8749218107109209,
          0.4094824304855095,
          0.45348962824333083,
          1.8335175488397528,
          1.0340105319881268,
          0.30765332063192974,
          1.0019508285906111,
          0.7333180024681054,
          0.48549255078968634,
          0.2336919665272641,
          0.588947905634782,
          0.25347487661507895
        ],
        [
          0.86726813865389,
          0.45258012794267877,
          1.0367349775013928,
          0.8749218107109209,
          0.25206148150167484,
          0.6380765573478766,
          0.9618621028221374,
          1.6492579475213176,
          1.2404401669320464,
          1.352149934348966,
          1.0849685005958531,
          1.366260548270262,
          1.0812388738093293,
          1.3380362851458274,
          0.37660398077434476,
          0.5949493729270318
        ],
        [
          1.7529847877785552,
          0.8898758565107578,
          1.4586537517371732,
          0.4094824304855095,
          0.6380765573478766,
          1.3145439653112108,
          1.2639886466543964,
          1.1789156200700566,
          1.1689314559350916,
          0.46707992824268696,
          0.7592937648505572,
          1.1488069348881784,
          0.8563513218988048,
          1.0583246554724521,
          0.49418056191968684,
          1.1452982166665575
        ],
        [
          0.559277776746342,
          0.8101174821889983,
          0.5088793425650829,
          0.45348962824333083,
          0.9618621028221374,
          1.2639886466543964,
          0.3730502073058275,
          0.4972154988078622,
          0.8665215041503039,
          0.5016694468559831,
          0.14408271458325328,
          1.6358787523312568,
          0.5499744144923867,
          0.9410140397409522,
          0.4441022712533813,
          1.3148644818978303
        ],
        [
          1.084975327965163,
          1.0439542433997737,
          1.4245423064150642,
          1.8335175488397528,
          1.6492579475213176,
          1.1789156200700566,
          0.4972154988078622,
          1.105617027719192,
          1.882085917941854,
          1.6980480164254987,
          1.2086909099411052,
          0.9923774649728664,
          0.8512221198505854,
          1.3866535425085402,
          1.3926686037433402,
          1.382418691235462
        ],
        [
          0.4095304402373495,
          0.9505719374030949,
          0.8303514513410879,
          1.0340105319881268,
          1.2404401669320464,
          1.1689314559350916,
          0.8665215041503039,
          1.882085917941854,
          0.3316436794944939,
          1.2062402224618824,
          1.2983351817912578,
          1.1021609074428986,
          0.8395067036337042,
          1.8174839474251403,
          0.8353773045721572,
          0.7546982300299614
        ],
        [
          1.1667969704469772,
          0.5572448831847892,
          0.8945624277135924,
          0.30765332063192974,
          1.352149934348966,
          0.46707992824268696,
          0.5016694468559831,
          1.6980480164254987,
          1.2062402224618824,
          1.2342716472985302,
          0.5382640977239439,
          0.8221338932251913,
          0.9240485532657329,
          0.7490631323451982,
          1.4710106040846767,
          0.6866272643912359
        ],
        [
          0.6713065808679934,
          1.3458652997619156,
          0.7767185819917491,
          1.0019508285906111,
          1.0849685005958531,
          0.7592937648505572,
          0.14408271458325328,
          1.2086909099411052,
          1.2983351817912578,
          0.5382640977239439,
          1.6945763188319631,
          0.7430137903798051,
          0.3701624186245739,
          1.5404673491155019,
          1.3104964750919654,
          1.465836718192299
        ],
        [
          1.3907764242244154,
          1.374947620390874,
          1.7114567476918014,
          0.7333180024681054,
          1.366260548270262,
          1.1488069348881784,
          1.6358787523312568,
          0.9923774649728664,
          1.1021609074428986,
          0.8221338932251913,
          0.7430137903798051,
          0.8756636217080922,
          0.8705298946658777,
          1.3064433491381073,
          1.3868185258128434,
          0.716276825656236
        ],
        [
          1.261423755862845,
          1.0192266319166594,
          1.5282242988852262,
          0.48549255078968634,
          1.0812388738093293,
          0.8563513218988048,
          0.5499744144923867,
          0.8512221198505854,
          0.8395067036337042,
          0.9240485532657329,
          0.3701624186245739,
          0.8705298946658777,
          0.694242415097374,
          1.7027429949233175,
          0.8902324782861892,
          0.9098103877445335
        ],
        [
          1.6906672773958475,
          0.7685460153084166,
          0.49461138713828845,
          0.2336919665272641,
          1.3380362851458274,
          1.0583246554724521,
          0.9410140397409522,
          1.3866535425085402,
          1.8174839474251403,
          0.7490631323451982,
          1.5404673491155019,
          1.3064433491381073,
          1.7027429949233175,
          1.5217025976287244,
          0.31286529455662493,
          1.1632232062742407
        ],
        [
          1.3258777708230571,
          1.6514105869743196,
          1.2942143961121417,
          0.588947905634782,
          0.37660398077434476,
          0.49418056191968684,
          0.4441022712533813,
          1.3926686037433402,
          0.8353773045721572,
          1.4710106040846767,
          1.3104964750919654,
          1.3868185258128434,
          0.8902324782861892,
          0.31286529455662493,
          1.4766246467284483,
          1.122065979105773
        ],
        [
          1.8594930785518076,
          0.5772686609425476,
          0.26002409112973823,
          0.25347487661507895,
          0.5949493729270318,
          1.1452982166665575,
          1.3148644818978303,
          1.382418691235462,
          0.7546982300299614,
          0.6866272643912359,
          1.465836718192299,
          0.716276825656236,
          0.9098103877445335,
          1.1632232062742407,
          1.122065979105773,
          1.5307716751186895
        ]
      ],
      "b_vector": [
        0.4255426687601557,
        0.19169650945195463,
        0.2511979823726142,
        0.24192810413330026,
        0.14419526360457355,
        0.32625446448158163,
        0.3604216546225261,
        0.3312458447322501,
        0.38961144822514515,
        0.10750721505248217,
        0.12842090460758754,
        0.2207052278443522,
        0.22760947791760988,
        0.10048983180471793,
        0.005977904768470226,
        0.056363097000216904
      ]
    }
  ],
  "shots": 2000,
  "backend": "sv1",
  "device_arn": "SV1",
  "aws_region": "eu-west-2",
  "ideal_preprocessing_list": [
    [
      [
        -2.6239101194220416,
        -2.045161864911257,
        -1.701293736023084,
        -1.412631092924391,
        -1.2982381047293075,
        -0.947141860103207,
        -0.4759697674893215,
        -0.37066397965244186,
        0.2770826964076527,
        0.6205932484418294,
        1.1096422396670311,
        1.4870696270688661,
        1.923532186143692,
        2.1647142147998544,
        2.639853547354228,
        16.147833910380754
      ],
      [
        0.30438967091100366,
        0.02693938652980646,
        0.06398803771738978,
        0.008292864683923843,
        0.07214666607037215,
        0.10071370354801666,
        0.048798617977078726,
        0.0769363159736721,
        0.07278096109102834,
        0.0012323699530624663,
        0.11458197413573123,
        0.16081381177055745,
        0.2676614879367649,
        0.05718688186719294,
        0.025791929852461856,
        0.871172847755953
      ]
    ]
  ],
  "probability_threshold": 0,
  "k_qubits": 4,
  "preprocessing_mode": "ideal",
  "projection_mode": "all_components",
  "projection_subset": null,
  "num_solution_qubits": 4,
  "num_projections": 16,
  "projector_basis_states": [
    0,
    1,
    2,
    3,
    4,
    5,
    6,
    7,
    8,
    9,
    10,
    11,
    12,
    13,
    14,
    15
  ],
  "enhanced_projection_results": [
    {
      "problem_index": 0,
      "projection_tasks": [
        {
          "basis_state": 0,
          "task_id": "arn:aws:braket:eu-west-2:380012739362:quantum-task/a0f507dc-c44b-4fef-a89e-7cb66930fb1b",
          "shots": 2000,
          "projector_index": 0
        },
        {
          "basis_state": 1,
          "task_id": "arn:aws:braket:eu-west-2:380012739362:quantum-task/67324aa3-d200-4f63-b854-96c7dc1d7801",
          "shots": 2000,
          "projector_index": 1
        },
        {
          "basis_state": 2,
          "task_id": "arn:aws:braket:eu-west-2:380012739362:quantum-task/0716d52a-2edb-4192-9950-6ccd33b5fa7e",
          "shots": 2000,
          "projector_index": 2
        },
        {
          "basis_state": 3,
          "task_id": "arn:aws:braket:eu-west-2:380012739362:quantum-task/39dbea55-3f0e-462d-96aa-9721388cc91a",
          "shots": 2000,
          "projector_index": 3
        },
        {
          "basis_state": 4,
          "task_id": "arn:aws:braket:eu-west-2:380012739362:quantum-task/ea7429fe-367c-4121-a826-610a6ec8ccb7",
          "shots": 2000,
          "projector_index": 4
        },
        {
          "basis_state": 5,
          "task_id": "arn:aws:braket:eu-west-2:380012739362:quantum-task/2b7dd36d-cb19-4cc6-9967-c6a25a6ebb56",
          "shots": 2000,
          "projector_index": 5
        },
        {
          "basis_state": 6,
          "task_id": "arn:aws:braket:eu-west-2:380012739362:quantum-task/6e569d86-87bd-46f9-966b-05d1e44a4965",
          "shots": 2000,
          "projector_index": 6
        },
        {
          "basis_state": 7,
          "task_id": "arn:aws:braket:eu-west-2:380012739362:quantum-task/5558dca9-92c1-4b9c-be9f-966a63ae278b",
          "shots": 2000,
          "projector_index": 7
        },
        {
          "basis_state": 8,
          "task_id": "arn:aws:braket:eu-west-2:380012739362:quantum-task/27fc15cf-8230-40d2-b0ac-9d4c264ac311",
          "shots": 2000,
          "projector_index": 8
        },
        {
          "basis_state": 9,
          "task_id": "arn:aws:braket:eu-west-2:380012739362:quantum-task/53f087fb-31bb-4846-bba7-b9aab4ff8c6c",
          "shots": 2000,
          "projector_index": 9
        },
        {
          "basis_state": 10,
          "task_id": "arn:aws:braket:eu-west-2:380012739362:quantum-task/7e3a86fb-a41c-426e-b4cf-e60b2b15f466",
          "shots": 2000,
          "projector_index": 10
        },
        {
          "basis_state": 11,
          "task_id": "arn:aws:braket:eu-west-2:380012739362:quantum-task/0ea1bc09-66ff-48e8-b5f2-253d3706476b",
          "shots": 2000,
          "projector_index": 11
        },
        {
          "basis_state": 12,
          "task_id": "arn:aws:braket:eu-west-2:380012739362:quantum-task/7168bf1d-7a33-4b36-b4a3-5924702b5857",
          "shots": 2000,
          "projector_index": 12
        },
        {
          "basis_state": 13,
          "task_id": "arn:aws:braket:eu-west-2:380012739362:quantum-task/b0d0e379-0247-4207-9800-2e22d2eb54be",
          "shots": 2000,
          "projector_index": 13
        },
        {
          "basis_state": 14,
          "task_id": "arn:aws:braket:eu-west-2:380012739362:quantum-task/71ef0e61-187e-4205-82cc-e34843a9da70",
          "shots": 2000,
          "projector_index": 14
        },
        {
          "basis_state": 15,
          "task_id": "arn:aws:braket:eu-west-2:380012739362:quantum-task/cb0b536c-d0b6-42a9-b17b-90c2efb30f0f",
          "shots": 2000,
          "projector_index": 15
        }
      ],
      "depth": 5793,
      "num_projections": 16,
      "ideal_solution": [
        {
          "real": -0.22110954211590841,
          "imag": 0.0
        },
        {
          "real": -0.27161693098291906,
          "imag": 0.0
        },
        {
          "real": 0.42836469958261314,
          "imag": 0.0
        },
        {
          "real": -0.014340917324429986,
          "imag": 0.0
        },
        {
          "real": 0.30069983441629516,
          "imag": 0.0
        },
        {
          "real": 0.6102085935205045,
          "imag": 0.0
        },
        {
          "real": -0.07653429620714097,
          "imag": 0.0
        },
        {
          "real": 0.17588832763836487,
          "imag": 0.0
        },
        {
          "real": -0.15006173254082747,
          "imag": 0.0
        },
        {
          "real": 0.02048871687532383,
          "imag": 0.0
        },
        {
          "real": 0.032134996553621814,
          "imag": 0.0
        },
        {
          "real": 0.06759942964595958,
          "imag": 0.0
        },
        {
          "real": -0.2196391844549044,
          "imag": 0.0
        },
        {
          "real": -0.14876792885424062,
          "imag": 0.0
        },
        {
          "real": -0.2652839395598051,
          "imag": 0.0
        },
        {
          "real": 0.15739830537405264,
          "imag": 0.0
        }
      ]
    }
  ]
}