{
  "problem_list": [
    {
      "A_matrix": [
        [
          1.683559652006788,
          0.9498284158584249,
          1.4474411839190373,
          1.4621520686891185,
          0.8748997803509531,
          0.5195236490594561,
          1.393110211766405,
          1.1075116728680832,
          1.1242391830140397,
          1.6305578073363933,
          0.9028073864483898,
          0.3658467438249269,
          0.7696457643335437,
          0.7717542817396702,
          1.0348654386302858,
          1.207114096421204
        ],
        [
          0.9498284158584249,
          0.41419622963850244,
          0.7392562367336474,
          1.45781242893155,
          1.530446284851994,
          0.9002494526208076,
          1.5969647589101565,
          0.8516871855661687,
          0.4611237342842469,
          0.7642580161466723,
          1.0447642645216522,
          1.0086151734961333,
          1.7017963178317226,
          1.3262400535190797,
          0.9557028974262848,
          1.1091294043566826
        ],
        [
          1.4474411839190373,
          0.7392562367336474,
          1.9174748352275166,
          0.5907723016671119,
          0.9012578312276556,
          1.0656104024998236,
          1.465903865318018,
          1.8927106641559472,
          0.9355016460888756,
          1.1007933163148684,
          1.0039602550518787,
          1.8621567063101583,
          0.5604100971060507,
          1.0090700695787582,
          0.599168256352318,
          1.1885907138155145
        ],
        [
          1.4621520686891185,
          1.45781242893155,
          0.5907723016671119,
          1.297769544328347,
          1.048646420763795,
          0.696054086170564,
          1.1648256431998445,
          1.016654307389236,
          1.3562310460111355,
          1.057092710263897,
          1.0608670285463166,
          0.9983912736266125,
          0.6032389158858165,
          0.6425337681863871,
          1.3613902757669163,
          1.0873518940869011
        ],
        [
          0.8748997803509531,
          1.530446284851994,
          0.9012578312276556,
          1.048646420763795,
          0.6162600298822205,
          1.0510758806650906,
          0.6855416528722619,
          1.3344596862036933,
          1.3442245240859176,
          1.2150905385176332,
          1.4230813445068815,
          0.5969077995565247,
          0.92194094373033,
          0.770468919286985,
          1.7040218087749408,
          1.0030099350708184
        ],
        [
          0.5195236490594561,
          0.9002494526208076,
          1.0656104024998236,
          0.696054086170564,
          1.0510758806650906,
          0.29222217747757506,
          0.9770735952486521,
          0.7904502161845935,
          0.30079223842934,
          0.7698607602386427,
          1.8383476372994534,
          1.3738738205881469,
          1.2919203938277146,
          1.5441174872666508,
          1.2032979108419548,
          1.5204307033378281
        ],
        [
          1.393110211766405,
          1.5969647589101565,
          1.465903865318018,
          1.1648256431998445,
          0.6855416528722619,
          0.9770735952486521,
          0.3974649132055659,
          0.838001408090807,
          0.7566168150418651,
          1.0875432355213008,
          0.4942763642518436,
          0.9894102352850229,
          0.8657225660034237,
          0.957253885183396,
          0.8221610751729899,
          1.2019924359440244
        ],
        [
          1.1075116728680832,
          0.8516871855661687,
          1.8927106641559472,
          1.016654307389236,
          1.3344596862036933,
          0.7904502161845935,
          0.838001408090807,
          1.3537364655346515,
          0.6409161789517384,
          0.8438799595041668,
          0.8326186663913171,
          1.4877078262956547,
          1.043965443125328,
          0.46728867238617333,
          1.22530024603086,
          1.3157685724654349
        ],
        [
          1.1242391830140397,
          0.4611237342842469,
          0.9355016460888756,
          1.3562310460111355,
          1.3442245240859176,
          0.30079223842934,
          0.7566168150418651,
          0.6409161789517384,
          1.0913050508330437,
          0.593720403638031,
          0.46833179290696825,
          1.1739633548555561,
          0.6695840321201203,
          1.3863080521633477,
          0.9664158378722597,
          0.5810818988060097
        ],
        [
          1.6305578073363933,
          0.7642580161466723,
          1.1007933163148684,
          1.057092710263897,
          1.2150905385176332,
          0.7698607602386427,
          1.0875432355213008,
          0.8438799595041668,
          0.593720403638031,
          0.8514019133700459,
          1.4316675046207696,
          0.8509103387719475,
          1.2563791375533002,
          1.4055806265206559,
          0.7049486672763658,
          1.0949893820814203
        ],
        [
          0.9028073864483898,
          1.0447642645216522,
          1.0039602550518787,
          1.0608670285463166,
          1.4230813445068815,
          1.8383476372994534,
          0.4942763642518436,
          0.8326186663913171,
          0.46833179290696825,
          1.4316675046207696,
          1.8422157749042196,
          1.1988809235311173,
          1.0008678893200602,
          0.7429827617768361,
          1.0647101675683548,
          0.45945197068497945
        ],
        [
          0.3658467438249269,
          1.0086151734961333,
          1.8621567063101583,
          0.9983912736266125,
          0.5969077995565247,
          1.3738738205881469,
          0.9894102352850229,
          1.4877078262956547,
          1.1739633548555561,
          0.8509103387719475,
          1.1988809235311173,
          0.8434109324742478,
          0.6669561315180136,
          1.794637738855093,
          1.0752927614868633,
          0.657741574860496
        ],
        [
          0.7696457643335437,
          1.7017963178317226,
          0.5604100971060507,
          0.6032389158858165,
          0.92194094373033,
          1.2919203938277146,
          0.8657225660034237,
          1.043965443125328,
          0.6695840321201203,
          1.2563791375533002,
          1.0008678893200602,
          0.6669561315180136,
          1.082041517790166,
          1.132608736202438,
          1.3572557145904853,
          1.3766937509757655
        ],
        [
          0.7717542817396702,
          1.3262400535190797,
          1.0090700695787582,
          0.6425337681863871,
          0.770468919286985,
          1.5441174872666508,
          0.957253885183396,
          0.46728867238617333,
          1.3863080521633477,
          1.4055806265206559,
          0.7429827617768361,
          1.794637738855093,
          1.132608736202438,
          1.7944987120906815,
          1.6465993030619486,
          0.9673849710091501
        ],
        [
          1.0348654386302858,
          0.9557028974262848,
          0.599168256352318,
          1.3613902757669163,
          1.7040218087749408,
          1.2032979108419548,
          0.8221610751729899,
          1.22530024603086,
          0.9664158378722597,
          0.7049486672763658,
          1.0647101675683548,
          1.0752927614868633,
          1.3572557145904853,
          1.6465993030619486,
          1.4209323036482964,
          0.9711859241600126
        ],
        [
          1.207114096421204,
          1.1091294043566826,
          1.1885907138155145,
          1.0873518940869011,
          1.0030099350708184,
          1.5204307033378281,
          1.2019924359440244,
          1.3157685724654349,
          0.5810818988060097,
          1.0949893820814203,
          0.45945197068497945,
          0.657741574860496,
          1.3766937509757655,
          0.9673849710091501,
          0.9711859241600126,
          1.0686953225116822
        ]
      ],
      "b_vector": [
        0.07344587943549519,
        0.24826833294992592,
        0.18098563238647847,
        0.16176868570338643,
        0.27778138629688415,
        0.2196062849687892,
        0.32558521461657786,
        0.023512336260270966,
        0.19875578076540212,
        0.23630445568331673,
        0.35689690056962753,
        0.34457061443834053,
        0.2403029240823676,
        0.3623960026366431,
        0.13784014802848746,
        0.30425552311729914
      ]
    }
  ],
  "shots": 2000,
  "backend": "sv1",
  "device_arn": "SV1",
  "aws_region": "eu-west-2",
  "ideal_preprocessing_list": [
    [
      [
        -2.437882638016468,
        -1.6417028309445425,
        -1.508001070500974,
        -1.1746819468342926,
        -0.9170911265917294,
        -0.48330889959996964,
        -0.2769432036881777,
        -0.11430206284382984,
        0.05094300364959043,
        0.479520785539657,
        1.191042544620165,
        1.4732029969459395,
        1.8178523144598084,
        2.1674121098287142,
        2.4665120486062193,
        16.874613350293455
      ],
      [
        0.1174048298685383,
        0.10878323289198429,
        0.04742986209239301,
        0.07106111194209123,
        0.03294348808223235,
        0.0656024278443122,
        0.05998223148429885,
        0.1101593127354524,
        0.09190299235634959,
        0.13200692615813814,
        0.15414819395744297,
        0.03761661455593626,
        0.01890112075340744,
        0.10904829473286178,
        0.1906820695535629,
        0.9199478506667698
      ]
    ]
  ],
  "probability_threshold": 0,
  "k_qubits": 3,
  "preprocessing_mode": "ideal",
  "projection_mode": "all_components",
  "projection_subset": null,
  "num_solution_qubits": 4,
  "num_projections": 16,
  "projector_basis_states": [
    0,
    1,
    2,
    3,
    4,
    5,
    6,
    7,
    8,
    9,
    10,
    11,
    12,
    13,
    14,
    15
  ],
  "enhanced_projection_results": [
    {
      "problem_index": 0,
      "projection_tasks": [
        {
          "basis_state": 0,
          "task_id": "arn:aws:braket:eu-west-2:380012739362:quantum-task/62fb9960-7a80-4148-98d4-a282edcb9dd2",
          "status": "DONE",
          "shots": 2000,
          "created_at": "2025-12-22 18:45:31.740000+00:00",
          "ended_at": "2025-12-22 18:45:36.203000+00:00",
          "execution_time_seconds": 4.463,
          "counts": {
            "11010000": 185,
            "10010000": 110,
            "10110000": 174,
            "00110000": 67,
            "01110001": 38,
            "01000000": 130,
            "11000000": 79,
            "01100000": 152,
            "10000000": 87,
            "10100000": 179,
            "00000000": 42,
            "11101001": 1,
            "00000001": 46,
            "11100000": 68,
            "11100001": 10,
            "00010001": 19,
            "11110000": 129,
            "01010000": 123,
            "00100000": 90,
            "11010001": 4,
            "00010000": 126,
            "01110111": 1,
            "10000001": 6,
            "01111110": 1,
            "01110101": 5,
            "01110000": 26,
            "00110001": 2,
            "01010001": 19,
            "01001101": 3,
            "10110110": 1,
            "10100001": 7,
            "01100001": 2,
            "01011001": 4,
            "11111001": 7,
            "01101000": 3,
            "00100101": 2,
            "11111110": 1,
            "01001001": 5,
            "00000101": 5,
            "00101000": 1,
            "01111101": 2,
            "01011101": 3,
            "10010001": 1,
            "00011000": 1,
            "10100110": 2,
            "01010101": 2,
            "11111101": 1,
            "10110001": 1,
            "10101011": 1,
            "01101001": 1,
            "10000101": 1,
            "11011111": 1,
            "01110100": 1,
            "10100011": 1,
            "00011101": 1,
            "10101010": 1,
            "11011011": 1,
            "01101010": 1,
            "00100001": 1,
            "00111001": 2,
            "00101100": 1,
            "00111100": 2,
            "00110101": 3,
            "11010111": 1,
            "11011101": 2,
            "01011100": 1,
            "11100011": 1,
            "11111100": 1,
            "10101001": 1,
            "00001001": 1
          },
          "component_probability": 0.24186046511627907,
          "success_rate": 0.1075
        },
        {
          "basis_state": 1,
          "task_id": "arn:aws:braket:eu-west-2:380012739362:quantum-task/89309263-f768-4d01-b3d5-81958a1618f5",
          "status": "DONE",
          "shots": 2000,
          "created_at": "2025-12-22 18:45:33.942000+00:00",
          "ended_at": "2025-12-22 18:45:37.433000+00:00",
          "execution_time_seconds": 3.491,
          "counts": {
            "01100000": 134,
            "11000000": 105,
            "10010000": 131,
            "00000000": 45,
            "01101001": 4,
            "10110000": 148,
            "10000000": 76,
            "10100000": 180,
            "00110000": 63,
            "11010000": 194,
            "00010101": 1,
            "11011101": 5,
            "00010000": 119,
            "11100000": 64,
            "01110001": 34,
            "01000000": 122,
            "01010000": 135,
            "00100000": 92,
            "11110000": 144,
            "01010001": 25,
            "11101101": 1,
            "01111101": 3,
            "01110000": 24,
            "00000001": 26,
            "10110001": 2,
            "00010001": 16,
            "10000001": 7,
            "10010001": 4,
            "10111001": 4,
            "00110001": 3,
            "01011001": 8,
            "01001001": 3,
            "11101001": 2,
            "01010101": 4,
            "11111001": 5,
            "01011000": 4,
            "10101101": 2,
            "11010110": 1,
            "10111010": 1,
            "11010001": 4,
            "10111100": 3,
            "10100001": 6,
            "00000100": 1,
            "11100100": 2,
            "10101001": 1,
            "10100011": 2,
            "11011011": 1,
            "10101000": 2,
            "01111011": 2,
            "11100001": 6,
            "11000111": 1,
            "11111101": 1,
            "01100001": 2,
            "11001011": 1,
            "00000101": 2,
            "00100111": 1,
            "10011111": 1,
            "00100001": 1,
            "00111000": 1,
            "10111000": 1,
            "11110001": 1,
            "11111000": 1,
            "00101001": 3,
            "11000001": 1,
            "00110101": 1,
            "10110101": 1,
            "00010100": 1,
            "00101100": 1,
            "11100010": 1,
            "00100101": 1,
            "10110111": 1,
            "00100100": 1,
            "00001001": 1,
            "10100110": 1,
            "10001101": 1
          },
          "component_probability": 0.08415841584158416,
          "success_rate": 0.101
        },
        {
          "basis_state": 2,
          "task_id": "arn:aws:braket:eu-west-2:380012739362:quantum-task/321ea085-e48e-4c06-8388-647e384f6ff1",
          "status": "DONE",
          "shots": 2000,
          "created_at": "2025-12-22 18:45:36.144000+00:00",
          "ended_at": "2025-12-22 18:45:39.097000+00:00",
          "execution_time_seconds": 2.953,
          "counts": {
            "00010000": 167,
            "10000000": 80,
            "01100000": 137,
            "01010000": 132,
            "10110000": 140,
            "01000000": 112,
            "11100000": 58,
            "11010001": 5,
            "10100000": 179,
            "00000000": 35,
            "01110001": 41,
            "10010000": 109,
            "11101001": 6,
            "11000000": 90,
            "11010000": 185,
            "01110000": 23,
            "11110000": 146,
            "11100001": 11,
            "00110000": 71,
            "00100000": 92,
            "01011001": 9,
            "01101001": 3,
            "11011101": 11,
            "00010001": 18,
            "01110100": 2,
            "00000001": 29,
            "11110011": 1,
            "01010001": 16,
            "00100101": 3,
            "00100100": 1,
            "01001101": 2,
            "01110101": 2,
            "00110101": 2,
            "00010101": 1,
            "00110001": 8,
            "00101100": 1,
            "10000001": 7,
            "00100001": 1,
            "00111001": 2,
            "11000001": 2,
            "10101111": 1,
            "10110011": 2,
            "10100001": 5,
            "10110001": 2,
            "10010001": 5,
            "00101001": 3,
            "10100101": 1,
            "01111101": 7,
            "11111001": 4,
            "00011001": 2,
            "01011101": 3,
            "01000100": 1,
            "11011011": 1,
            "10101001": 5,
            "10111001": 3,
            "10110101": 1,
            "10001101": 1,
            "01001011": 2,
            "11100011": 1,
            "01111110": 1,
            "01100001": 2,
            "10001000": 1,
            "01011000": 1,
            "11011111": 1,
            "11001011": 1,
            "01011100": 1,
            "01001110": 1,
            "10111100": 1
          },
          "component_probability": 0.030042918454935622,
          "success_rate": 0.1165
        },
        {
          "basis_state": 3,
          "task_id": "arn:aws:braket:eu-west-2:380012739362:quantum-task/688006ee-cd73-4e1b-bad2-c7a4a2633c34",
          "status": "DONE",
          "shots": 2000,
          "created_at": "2025-12-22 18:45:38.386000+00:00",
          "ended_at": "2025-12-22 18:45:41.704000+00:00",
          "execution_time_seconds": 3.318,
          "counts": {
            "01100000": 119,
            "11000000": 110,
            "11000001": 1,
            "11010000": 186,
            "10000000": 88,
            "11110000": 132,
            "00010000": 142,
            "00110000": 68,
            "10010000": 127,
            "11100001": 19,
            "00100000": 85,
            "10110000": 149,
            "11100000": 75,
            "01010000": 127,
            "10010001": 5,
            "10100000": 181,
            "01110001": 30,
            "00000000": 27,
            "01000000": 107,
            "01110000": 37,
            "01001110": 1,
            "01010101": 4,
            "00010001": 19,
            "00010101": 1,
            "00110001": 8,
            "11011101": 6,
            "00000001": 35,
            "10100001": 1,
            "00000101": 1,
            "01010001": 26,
            "01011001": 8,
            "10000001": 6,
            "11101001": 2,
            "01001101": 2,
            "01111101": 3,
            "10111001": 5,
            "11110001": 2,
            "01001001": 4,
            "11100100": 1,
            "01100001": 2,
            "01011101": 2,
            "10111100": 1,
            "00011111": 1,
            "01011000": 4,
            "11111001": 5,
            "00111001": 2,
            "11010001": 3,
            "11010011": 1,
            "00001100": 1,
            "01101001": 3,
            "11001101": 1,
            "11110011": 1,
            "01110100": 1,
            "00011001": 1,
            "00101001": 1,
            "11111101": 1,
            "10100110": 2,
            "00111100": 1,
            "11010110": 1,
            "11100011": 2,
            "10001011": 2,
            "00110101": 1,
            "01011011": 2,
            "00011101": 1,
            "10110001": 1,
            "00100101": 1,
            "11101110": 1,
            "11101101": 1,
            "00011000": 1,
            "00000100": 1,
            "10110101": 1
          },
          "component_probability": 0.049107142857142856,
          "success_rate": 0.112
        },
        {
          "basis_state": 4,
          "task_id": "arn:aws:braket:eu-west-2:380012739362:quantum-task/3011eae9-b452-4592-a20f-b01c68a5948f",
          "status": "DONE",
          "shots": 2000,
          "created_at": "2025-12-22 18:45:40.595000+00:00",
          "ended_at": "2025-12-22 18:45:43.946000+00:00",
          "execution_time_seconds": 3.351,
          "counts": {
            "10110000": 137,
            "01100000": 135,
            "11110000": 136,
            "01000000": 128,
            "11010000": 202,
            "00100000": 91,
            "01110000": 29,
            "00110000": 58,
            "10100000": 176,
            "00110101": 3,
            "01110001": 35,
            "00010000": 132,
            "10010001": 5,
            "00010100": 1,
            "10010000": 129,
            "00000000": 41,
            "11100001": 10,
            "11010001": 7,
            "01001001": 2,
            "10000000": 74,
            "11000000": 97,
            "01010000": 121,
            "11100000": 69,
            "00000001": 36,
            "01011001": 11,
            "01010001": 20,
            "10100001": 8,
            "10101001": 2,
            "00111100": 1,
            "00101001": 2,
            "01001101": 1,
            "00110001": 5,
            "01111101": 5,
            "11111101": 2,
            "11101101": 6,
            "00010001": 18,
            "10000001": 6,
            "00011001": 5,
            "01011101": 1,
            "10110001": 1,
            "11011101": 4,
            "01010111": 1,
            "11010110": 1,
            "10111001": 8,
            "00111001": 3,
            "11111001": 3,
            "10110011": 2,
            "01101010": 1,
            "11110101": 2,
            "11011111": 2,
            "10110101": 1,
            "11000001": 3,
            "11100110": 1,
            "01011100": 2,
            "00100101": 1,
            "01111010": 1,
            "10111010": 1,
            "11111100": 1,
            "01110101": 1,
            "10001101": 1,
            "01110100": 1,
            "11100011": 1,
            "10101011": 1,
            "01111011": 1,
            "00010101": 2,
            "01100001": 1,
            "10100110": 1,
            "01001110": 1,
            "10101100": 1,
            "10101101": 1,
            "10100100": 1
          },
          "component_probability": 0.013043478260869565,
          "success_rate": 0.115
        },
        {
          "basis_state": 5,
          "task_id": "arn:aws:braket:eu-west-2:380012739362:quantum-task/e47da07b-ff4b-4bbb-8238-bca2d9dda590",
          "status": "DONE",
          "shots": 2000,
          "created_at": "2025-12-22 18:45:42.872000+00:00",
          "ended_at": "2025-12-22 18:45:46.312000+00:00",
          "execution_time_seconds": 3.44,
          "counts": {
            "10100000": 179,
            "11010000": 195,
            "00010000": 138,
            "11110000": 114,
            "10110000": 146,
            "01010000": 124,
            "00100000": 96,
            "00110000": 75,
            "11100000": 71,
            "10010000": 126,
            "01110001": 34,
            "01100110": 1,
            "00000000": 39,
            "01000000": 132,
            "11000000": 87,
            "01100000": 120,
            "11001011": 1,
            "01010101": 2,
            "00000001": 47,
            "01010001": 24,
            "01001001": 2,
            "01110000": 28,
            "10000000": 91,
            "11101011": 1,
            "00010001": 15,
            "00010101": 2,
            "00011100": 1,
            "01011001": 14,
            "10110001": 2,
            "10111001": 3,
            "11111000": 4,
            "00111001": 3,
            "11101001": 1,
            "11000001": 1,
            "00110001": 2,
            "11100001": 16,
            "11010001": 5,
            "11101101": 1,
            "10010001": 3,
            "10100001": 4,
            "01011000": 1,
            "10001101": 1,
            "01000011": 1,
            "11110001": 1,
            "01011101": 3,
            "11010111": 1,
            "01101001": 1,
            "00100001": 3,
            "00001001": 1,
            "01011100": 1,
            "01101000": 1,
            "11111001": 1,
            "01001101": 2,
            "10000001": 6,
            "10100101": 3,
            "00100101": 3,
            "11011011": 2,
            "10111000": 1,
            "11011111": 2,
            "11100011": 1,
            "01111101": 3,
            "00011001": 1,
            "10100110": 1,
            "10100011": 1,
            "00111100": 1,
            "00000101": 1,
            "11101110": 1,
            "11011101": 1,
            "10000101": 1,
            "11100100": 1,
            "10110011": 1,
            "01110100": 1
          },
          "component_probability": 0.19196428571428573,
          "success_rate": 0.112
        },
        {
          "basis_state": 6,
          "task_id": "arn:aws:braket:eu-west-2:380012739362:quantum-task/c5afe1d9-1fc2-4c88-aa0b-a787d3d1601a",
          "status": "DONE",
          "shots": 2000,
          "created_at": "2025-12-22 18:45:45.219000+00:00",
          "ended_at": "2025-12-22 18:45:48.658000+00:00",
          "execution_time_seconds": 3.439,
          "counts": {
            "11110000": 145,
            "01000000": 120,
            "10100000": 176,
            "01010000": 125,
            "00100000": 89,
            "10110000": 140,
            "10010000": 122,
            "11010000": 175,
            "10000000": 80,
            "11111001": 5,
            "01010001": 21,
            "01110110": 1,
            "11000000": 100,
            "00110000": 63,
            "11100000": 83,
            "00010000": 146,
            "00010001": 22,
            "01100000": 141,
            "01110001": 40,
            "11100001": 10,
            "01011001": 8,
            "10110001": 2,
            "00000001": 34,
            "01110000": 26,
            "01100001": 1,
            "00101100": 1,
            "10111001": 5,
            "00011001": 3,
            "11110011": 1,
            "01111101": 6,
            "01011101": 4,
            "11101011": 1,
            "11000111": 1,
            "00000000": 31,
            "10000001": 3,
            "00000101": 4,
            "00101001": 1,
            "00110101": 6,
            "00110001": 3,
            "01001101": 3,
            "11011101": 3,
            "11111101": 2,
            "10100001": 5,
            "10100011": 1,
            "10101101": 2,
            "00010101": 2,
            "11010001": 2,
            "00100101": 3,
            "10111101": 1,
            "01110101": 2,
            "01001001": 1,
            "10001000": 1,
            "10000101": 1,
            "00111001": 5,
            "01101001": 2,
            "10100101": 1,
            "00111100": 2,
            "01111011": 1,
            "01101000": 1,
            "00001100": 1,
            "00111010": 1,
            "11100111": 1,
            "00010011": 1,
            "11110001": 1,
            "10010001": 3,
            "10101001": 2,
            "01010111": 1,
            "11011111": 1,
            "10110101": 1,
            "10010101": 1
          },
          "component_probability": 0.013043478260869565,
          "success_rate": 0.115
        },
        {
          "basis_state": 7,
          "task_id": "arn:aws:braket:eu-west-2:380012739362:quantum-task/3452b220-ef76-4888-b7e1-82dea5cde5ff",
          "status": "DONE",
          "shots": 2000,
          "created_at": "2025-12-22 18:45:47.446000+00:00",
          "ended_at": "2025-12-22 18:45:51.481000+00:00",
          "execution_time_seconds": 4.035,
          "counts": {
            "11010000": 199,
            "00000000": 40,
            "11110000": 137,
            "11100000": 82,
            "10100000": 158,
            "01100000": 122,
            "01011001": 7,
            "10010000": 105,
            "00100000": 97,
            "10110000": 177,
            "01000000": 110,
            "10100011": 2,
            "01010000": 143,
            "00110000": 62,
            "00010000": 144,
            "10110101": 2,
            "01110001": 31,
            "01010001": 19,
            "00011001": 5,
            "11000000": 89,
            "01001101": 3,
            "10000000": 85,
            "01001001": 2,
            "01110000": 30,
            "11000111": 1,
            "00010001": 21,
            "10010001": 4,
            "00000001": 33,
            "01100001": 3,
            "00110001": 7,
            "11111000": 2,
            "00111001": 5,
            "11010001": 6,
            "11010110": 3,
            "11011011": 1,
            "11100001": 10,
            "01011101": 2,
            "11000001": 1,
            "10111001": 6,
            "10101001": 1,
            "00100101": 1,
            "10100001": 5,
            "10000001": 5,
            "01111101": 1,
            "10110001": 1,
            "00011101": 1,
            "01111011": 1,
            "11111001": 2,
            "11011101": 3,
            "01000001": 1,
            "10011101": 1,
            "00001001": 2,
            "11110011": 1,
            "00110101": 2,
            "10101100": 1,
            "11011111": 1,
            "01010101": 2,
            "00011100": 1,
            "01110110": 2,
            "10101101": 3,
            "00100001": 1,
            "11100100": 1,
            "10010101": 1,
            "01011000": 1,
            "10110110": 2
          },
          "component_probability": 0.15942028985507245,
          "success_rate": 0.1035
        },
        {
          "basis_state": 8,
          "task_id": "arn:aws:braket:eu-west-2:380012739362:quantum-task/0519c165-9d7a-448c-b71e-52d6f32570ac",
          "status": "DONE",
          "shots": 2000,
          "created_at": "2025-12-22 18:45:49.881000+00:00",
          "ended_at": "2025-12-22 18:45:53.455000+00:00",
          "execution_time_seconds": 3.574,
          "counts": {
            "00000000": 30,
            "10111001": 3,
            "01000000": 126,
            "10110000": 162,
            "00000001": 49,
            "10010000": 105,
            "00110000": 71,
            "00010000": 117,
            "01010000": 122,
            "11000000": 104,
            "11100000": 84,
            "01010101": 3,
            "01110001": 41,
            "00000101": 2,
            "11110000": 143,
            "01100000": 141,
            "01110000": 31,
            "11010000": 183,
            "10100001": 5,
            "00100000": 83,
            "10100000": 168,
            "11010111": 1,
            "10000000": 81,
            "01011000": 4,
            "01010001": 25,
            "11010001": 5,
            "10000001": 12,
            "00110001": 4,
            "00111001": 3,
            "00010001": 13,
            "10010110": 1,
            "11101101": 1,
            "00110101": 3,
            "11100001": 10,
            "10110011": 1,
            "10011001": 1,
            "01011001": 6,
            "11011101": 5,
            "01001101": 2,
            "11010101": 1,
            "01000101": 1,
            "11011111": 2,
            "11011010": 1,
            "01111101": 1,
            "00000110": 1,
            "01110100": 2,
            "01100001": 2,
            "10010001": 4,
            "00111100": 1,
            "01100011": 1,
            "00011001": 2,
            "01110101": 3,
            "11010100": 1,
            "01111100": 1,
            "11110001": 2,
            "10110101": 2,
            "11111001": 4,
            "11101001": 2,
            "10011111": 1,
            "11111101": 1,
            "00011101": 1,
            "01000011": 1,
            "01000001": 1,
            "01001011": 1,
            "00101001": 1,
            "11100011": 1,
            "01101001": 1,
            "01111011": 1,
            "10111100": 1,
            "01001001": 1,
            "01011011": 1,
            "11111110": 1,
            "10100101": 1
          },
          "component_probability": 0.05106382978723404,
          "success_rate": 0.1175
        },
        {
          "basis_state": 9,
          "task_id": "arn:aws:braket:eu-west-2:380012739362:quantum-task/0562d534-0a30-4a8c-8e22-e8c34c3dff89",
          "status": "DONE",
          "shots": 2000,
          "created_at": "2025-12-22 18:45:52.083000+00:00",
          "ended_at": "2025-12-22 18:45:56.419000+00:00",
          "execution_time_seconds": 4.336,
          "counts": {
            "00100000": 106,
            "00010000": 127,
            "11110000": 120,
            "01010000": 124,
            "10000000": 80,
            "11000000": 110,
            "10100000": 166,
            "10010000": 123,
            "00110000": 65,
            "01100000": 125,
            "01110000": 31,
            "11010000": 219,
            "10110000": 157,
            "01000000": 111,
            "01110001": 33,
            "00000101": 3,
            "11100000": 69,
            "10101101": 3,
            "01100001": 1,
            "00000001": 40,
            "00000000": 38,
            "01110100": 2,
            "01010001": 18,
            "11101101": 2,
            "01011001": 5,
            "01101001": 1,
            "00011100": 1,
            "10000100": 1,
            "01111101": 3,
            "00010101": 1,
            "10100001": 4,
            "10011111": 1,
            "01011000": 1,
            "11101001": 1,
            "00100101": 2,
            "11100001": 12,
            "01000100": 1,
            "00110001": 4,
            "00010001": 15,
            "01011011": 2,
            "10000001": 5,
            "11011101": 4,
            "10010001": 4,
            "01001001": 2,
            "11010001": 9,
            "11110110": 1,
            "00011000": 2,
            "01010101": 5,
            "00111001": 4,
            "00110101": 3,
            "01110101": 1,
            "10101001": 2,
            "11000001": 1,
            "11111000": 1,
            "00011001": 2,
            "10110001": 2,
            "01111011": 1,
            "00100001": 1,
            "01100110": 1,
            "00111100": 1,
            "01111001": 1,
            "00010111": 2,
            "10111001": 1,
            "11111101": 2,
            "10001101": 1,
            "11010111": 1,
            "11110011": 1,
            "01001101": 1,
            "00110111": 1,
            "11000110": 1,
            "01010111": 1,
            "00101001": 1,
            "01011111": 1,
            "10000101": 1,
            "01011101": 1,
            "11010110": 1,
            "01011100": 1,
            "01110110": 1
          },
          "component_probability": 0.023474178403755867,
          "success_rate": 0.1065
        },
        {
          "basis_state": 10,
          "task_id": "arn:aws:braket:eu-west-2:380012739362:quantum-task/67030770-2ef3-4149-977e-ccecc363bee5",
          "status": "DONE",
          "shots": 2000,
          "created_at": "2025-12-22 18:45:54.335000+00:00",
          "ended_at": "2025-12-22 18:45:57.725000+00:00",
          "execution_time_seconds": 3.39,
          "counts": {
            "10101000": 1,
            "01110000": 25,
            "10010000": 134,
            "01100000": 137,
            "10100000": 169,
            "11110000": 141,
            "11010000": 195,
            "10110000": 170,
            "01110001": 45,
            "01010000": 143,
            "01011001": 6,
            "00010000": 134,
            "00100000": 82,
            "00010001": 18,
            "10000000": 73,
            "00000001": 42,
            "11011011": 1,
            "01000000": 111,
            "00110000": 64,
            "11000000": 102,
            "11100000": 67,
            "11010001": 5,
            "10100001": 7,
            "10100101": 3,
            "11100011": 2,
            "10000001": 10,
            "01011000": 6,
            "00100001": 4,
            "00110101": 2,
            "01111101": 3,
            "00110001": 4,
            "00111001": 3,
            "00000000": 31,
            "11111001": 3,
            "01101001": 2,
            "11101110": 1,
            "10010001": 3,
            "01010001": 9,
            "01011101": 1,
            "11011111": 2,
            "00001101": 1,
            "10101001": 2,
            "01001101": 1,
            "11100001": 6,
            "01010101": 1,
            "10111010": 1,
            "01100011": 1,
            "10111001": 2,
            "01100001": 1,
            "00010101": 1,
            "10110011": 1,
            "11111101": 2,
            "11101100": 1,
            "00011001": 1,
            "00011011": 1,
            "01001001": 2,
            "11011101": 2,
            "10110101": 2,
            "00111100": 2,
            "11101001": 2,
            "10010111": 1,
            "11010110": 1,
            "01000001": 1,
            "00101001": 1,
            "01011100": 1,
            "01000100": 1
          },
          "component_probability": 0.057971014492753624,
          "success_rate": 0.1035
        },
        {
          "basis_state": 11,
          "task_id": "arn:aws:braket:eu-west-2:380012739362:quantum-task/8b76854a-2a87-421a-bf3e-529bfaa5cf9d",
          "status": "DONE",
          "shots": 2000,
          "created_at": "2025-12-22 18:45:56.730000+00:00",
          "ended_at": "2025-12-22 18:46:00.461000+00:00",
          "execution_time_seconds": 3.731,
          "counts": {
            "00011001": 1,
            "10100000": 167,
            "00010000": 141,
            "10110000": 164,
            "10010000": 110,
            "11010000": 198,
            "01100000": 146,
            "11110000": 132,
            "00100000": 90,
            "11000000": 101,
            "00000001": 45,
            "00110000": 73,
            "10000000": 90,
            "11100000": 72,
            "01010000": 118,
            "01111101": 4,
            "11011111": 1,
            "01011001": 8,
            "00000000": 31,
            "01000000": 97,
            "00110001": 5,
            "00100101": 3,
            "00100001": 2,
            "01110001": 42,
            "10111001": 3,
            "01001001": 4,
            "00010001": 17,
            "01010001": 25,
            "11010001": 2,
            "00000101": 4,
            "01110000": 17,
            "01000110": 1,
            "11011101": 3,
            "11101001": 3,
            "11100001": 15,
            "10010001": 7,
            "00111000": 1,
            "10110101": 4,
            "10100001": 4,
            "11101101": 1,
            "11111001": 6,
            "00111001": 1,
            "10000001": 5,
            "00011111": 2,
            "00101100": 1,
            "10101001": 1,
            "11001101": 1,
            "00010101": 3,
            "01010101": 1,
            "01100001": 3,
            "01001110": 1,
            "00101001": 2,
            "10110001": 2,
            "11010110": 2,
            "00001100": 1,
            "01101001": 1,
            "01110101": 2,
            "11101110": 1,
            "01100110": 1,
            "01001101": 2,
            "11010111": 1,
            "11111101": 1,
            "00100100": 1,
            "11111110": 1,
            "00001001": 2,
            "11110101": 1,
            "01111110": 1,
            "10111111": 1
          },
          "component_probability": 0.04149377593360996,
          "success_rate": 0.1205
        },
        {
          "basis_state": 12,
          "task_id": "arn:aws:braket:eu-west-2:380012739362:quantum-task/9cb24407-6d06-40e4-88e5-acc6d113de3e",
          "status": "DONE",
          "shots": 2000,
          "created_at": "2025-12-22 18:45:58.863000+00:00",
          "ended_at": "2025-12-22 18:46:02.029000+00:00",
          "execution_time_seconds": 3.166,
          "counts": {
            "11000000": 99,
            "01110001": 33,
            "11100000": 72,
            "10010000": 134,
            "11110000": 134,
            "10110000": 156,
            "00100000": 85,
            "01010001": 24,
            "10100000": 164,
            "00000001": 26,
            "00010000": 127,
            "01010000": 131,
