{
  "problem_list": [
    {
      "A_matrix": [
        [
          0.12202573169583952,
          0.9936074807566473,
          1.1218286906165778,
          0.9247746881860466,
          0.7171755924539881,
          1.0017321379161257,
          1.2809288892610293,
          1.5302342749432971
        ],
        [
          0.9936074807566473,
          1.0616149700405193,
          0.9232196203345583,
          0.8678396850622874,
          1.3639035768035117,
          0.5840191814329432,
          0.13138244276828148,
          0.8266386288692649
        ],
        [
          1.1218286906165778,
          0.9232196203345583,
          1.1735537814093742,
          0.9823688789599717,
          0.8427048758395242,
          1.536406524776916,
          1.539928727774602,
          0.18637509733110724
        ],
        [
          0.9247746881860466,
          0.8678396850622874,
          0.9823688789599717,
          0.6635231521739937,
          0.8983724495760106,
          1.3724118703354358,
          1.114312210679374,
          0.3291915903218353
        ],
        [
          0.7171755924539881,
          1.3639035768035117,
          0.8427048758395242,
          0.8983724495760106,
          0.9968822073789929,
          0.8038884091578232,
          1.1365788436431716,
          1.0464722092708254
        ],
        [
          1.0017321379161257,
          0.5840191814329432,
          1.536406524776916,
          1.3724118703354358,
          0.8038884091578232,
          0.4823081984047384,
          1.3154804764210883,
          1.2864257162895218
        ],
        [
          1.2809288892610293,
          0.13138244276828148,
          1.539928727774602,
          1.114312210679374,
          1.1365788436431716,
          1.3154804764210883,
          0.38305830953053577,
          1.0584076058594882
        ],
        [
          1.5302342749432971,
          0.8266386288692649,
          0.18637509733110724,
          0.3291915903218353,
          1.0464722092708254,
          1.2864257162895218,
          1.0584076058594882,
          0.7596709309934033
        ]
      ],
      "b_vector": [
        0.35846728873234324,
        0.2566021269939935,
        0.38845738146337966,
        0.3672457739523585,
        0.44367306744930857,
        0.3628318820539234,
        0.4332278667384998,
        0.060899964682475716
      ]
    }
  ],
  "shots": 3000,
  "backend": "sv1",
  "device_arn": "SV1",
  "aws_region": "eu-west-2",
  "ideal_preprocessing_list": [
    [
      [
        -1.7344822481598305,
        -1.5144818190403224,
        -0.7617965585681648,
        -0.10508750240589462,
        -0.03042195038871274,
        0.8468150295343254,
        1.2634549158909787,
        7.678637414765017
      ],
      [
        0.13816860125065597,
        0.01634979117231683,
        0.08428103734664283,
        0.030701496646134974,
        0.14045828673703142,
        0.1556268470507665,
        0.10715383586712401,
        0.9576878700429569
      ]
    ]
  ],
  "probability_threshold": 0,
  "k_qubits": 7,
  "preprocessing_mode": "ideal",
  "projection_mode": "all_components",
  "projection_subset": null,
  "num_solution_qubits": 3,
  "num_projections": 8,
  "projector_basis_states": [
    0,
    1,
    2,
    3,
    4,
    5,
    6,
    7
  ],
  "enhanced_projection_results": [
    {
      "problem_index": 0,
      "projection_tasks": [
        {
          "basis_state": 0,
          "task_id": "arn:aws:braket:eu-west-2:380012739362:quantum-task/ff211472-e9fd-4d08-ba7d-c2df3cbaaeb7",
          "status": "DONE",
          "shots": 3000,
          "created_at": "2025-12-21 12:46:04.614000+00:00",
          "ended_at": "2025-12-21 12:46:08.016000+00:00",
          "execution_time_seconds": 3.402,
          "counts": {
            "00000000000": 460,
            "10100000000": 417,
            "01100000000": 341,
            "11000000000": 474,
            "10000000000": 386,
            "00100000000": 289,
            "01000000000": 560,
            "01000000001": 7,
            "11100000000": 14,
            "00100000001": 12,
            "00010000000": 1,
            "10000000001": 23,
            "10010010000": 1,
            "00000000001": 5,
            "11000000001": 2,
            "11010000001": 1,
            "10010000001": 2,
            "11100000001": 1,
            "10010000000": 2,
            "01100000001": 1,
            "01010000001": 1
          },
          "component_probability": 0.09090909090909091,
          "success_rate": 0.018333333333333333
        },
        {
          "basis_state": 1,
          "task_id": "arn:aws:braket:eu-west-2:380012739362:quantum-task/bbceac4f-53fa-4f3e-8415-c3a5d26ba685",
          "status": "DONE",
          "shots": 3000,
          "created_at": "2025-12-21 12:46:06.515000+00:00",
          "ended_at": "2025-12-21 12:46:10.236000+00:00",
          "execution_time_seconds": 3.721,
          "counts": {
            "01100000000": 333,
            "01000000000": 529,
            "11000000000": 494,
            "00000000000": 498,
            "10100000000": 428,
            "10000000000": 361,
            "00100000000": 282,
            "10000000001": 27,
            "11100000000": 24,
            "00100000001": 6,
            "10001000001": 1,
            "01000000001": 7,
            "11011000001": 1,
            "11000000001": 4,
            "11111110001": 1,
            "00111010001": 1,
            "10010000001": 1,
            "00111000001": 1,
            "00010000000": 1
          },
          "component_probability": 0.16,
          "success_rate": 0.016666666666666666
        },
        {
          "basis_state": 2,
          "task_id": "arn:aws:braket:eu-west-2:380012739362:quantum-task/e50ef296-9c7d-4c6d-87d0-5aa8306eb6ea",
          "status": "DONE",
          "shots": 3000,
          "created_at": "2025-12-21 12:46:08.450000+00:00",
          "ended_at": "2025-12-21 12:46:12.351000+00:00",
          "execution_time_seconds": 3.901,
          "counts": {
            "11000000000": 433,
            "01000000000": 559,
            "00100000000": 271,
            "10000000000": 382,
            "00000000000": 495,
            "01100000000": 359,
            "10100000000": 400,
            "10000000001": 33,
            "10010100000": 1,
            "00111010001": 1,
            "11000000001": 8,
            "11100000000": 18,
            "00100000001": 9,
            "01000000001": 3,
            "11111000100": 1,
            "10001000001": 2,
            "10001000000": 3,
            "00000000001": 11,
            "00110000000": 2,
            "10000100000": 1,
            "10100000001": 1,
            "00010000000": 1,
            "10010000001": 2,
            "01110000001": 1,
            "11100000001": 1,
            "10010000000": 1,
            "00101000000": 1
          },
          "component_probability": 0.041666666666666664,
          "success_rate": 0.024
        },
        {
          "basis_state": 3,
          "task_id": "arn:aws:braket:eu-west-2:380012739362:quantum-task/aef072bf-c0f8-4718-aee9-1d0365bfd6dc",
          "status": "DONE",
          "shots": 3000,
          "created_at": "2025-12-21 12:46:10.835000+00:00",
          "ended_at": "2025-12-21 12:46:13.695000+00:00",
          "execution_time_seconds": 2.86,
          "counts": {
            "10100000000": 431,
            "10000000001": 37,
            "11100000000": 30,
            "01100000000": 360,
            "00100000000": 294,
            "00000000000": 475,
            "10000000000": 404,
            "01000000000": 510,
            "11000000000": 427,
            "01100000001": 1,
            "00010000000": 1,
            "11000000001": 6,
            "10010000000": 2,
            "00100000001": 6,
            "00110100001": 1,
            "01000000001": 5,
            "10011000001": 1,
            "10001000000": 1,
            "10011000000": 1,
            "10101000000": 1,
            "10010001001": 1,
            "00000000001": 2,
            "10010000001": 1,
            "11100000001": 1,
            "01011000001": 1
          },
          "component_probability": 0.015873015873015872,
          "success_rate": 0.021
        },
        {
          "basis_state": 4,
          "task_id": "arn:aws:braket:eu-west-2:380012739362:quantum-task/e233b6b9-e327-4f42-b6d1-f92c32b53cda",
          "status": "DONE",
          "shots": 3000,
          "created_at": "2025-12-21 12:46:13.110000+00:00",
          "ended_at": "2025-12-21 12:46:16.697000+00:00",
          "execution_time_seconds": 3.587,
          "counts": {
            "10100000000": 437,
            "01100000000": 365,
            "01000000000": 529,
            "00000000000": 492,
            "10000000000": 342,
            "00100000000": 288,
            "11000000000": 460,
            "01000000001": 10,
            "11100000000": 22,
            "10000000001": 34,
            "00100000001": 9,
            "10001000000": 3,
            "00000000001": 4,
            "11000000001": 2,
            "10010000001": 2,
            "01110000000": 1
          },
          "component_probability": 0.5901639344262295,
          "success_rate": 0.02033333333333333
        },
        {
          "basis_state": 5,
          "task_id": "arn:aws:braket:eu-west-2:380012739362:quantum-task/e72745f3-1514-4ec0-98ba-37d22fd742bf",
          "status": "DONE",
          "shots": 3000,
          "created_at": "2025-12-21 12:46:15.194000+00:00",
          "ended_at": "2025-12-21 12:46:18.301000+00:00",
          "execution_time_seconds": 3.107,
          "counts": {
            "00000000000": 488,
            "11000000000": 479,
            "01000000000": 539,
            "01100000000": 364,
            "10100000000": 405,
            "10000000000": 359,
            "00100000000": 276,
            "11100000000": 21,
            "10000000001": 27,
            "01000000001": 7,
            "11000000001": 9,
            "00000000001": 3,
            "00101000000": 1,
            "00100000001": 10,
            "10011000001": 1,
            "00010000000": 2,
            "01100000001": 2,
            "01010000000": 1,
            "10001000000": 2,
            "10010000000": 1,
            "01010000001": 1,
            "10010000001": 1,
            "01000100001": 1
          },
          "component_probability": 0.0,
          "success_rate": 0.020666666666666667
        },
        {
          "basis_state": 6,
          "task_id": "arn:aws:braket:eu-west-2:380012739362:quantum-task/b28e9dc4-8d48-43c1-b4b0-4a599f8e835c",
          "status": "DONE",
          "shots": 3000,
          "created_at": "2025-12-21 12:46:17.555000+00:00",
          "ended_at": "2025-12-21 12:46:21.201000+00:00",
          "execution_time_seconds": 3.646,
          "counts": {
            "11100000000": 21,
            "10100000000": 416,
            "01000000000": 572,
            "01100000000": 347,
            "00100000000": 294,
            "00000000000": 508,
            "11000000000": 426,
            "00100000001": 12,
            "10000000000": 351,
            "10000000001": 24,
            "10010000000": 3,
            "00110000000": 2,
            "11000000001": 3,
            "01001000001": 1,
            "00000000001": 7,
            "01000000001": 5,
            "10100000001": 1,
            "11011000000": 1,
            "00110000001": 1,
            "00110100001": 1,
            "10011000001": 3,
            "11010000000": 1
          },
          "component_probability": 0.05172413793103448,
          "success_rate": 0.019333333333333334
        },
        {
          "basis_state": 7,
          "task_id": "arn:aws:braket:eu-west-2:380012739362:quantum-task/84b18868-5e61-4602-b7f1-6f2086866d2c",
          "status": "DONE",
          "shots": 3000,
          "created_at": "2025-12-21 12:46:19.542000+00:00",
          "ended_at": "2025-12-21 12:46:22.390000+00:00",
          "execution_time_seconds": 2.848,
          "counts": {
            "11000000000": 485,
            "00100000000": 260,
            "10100000000": 453,
            "00000000000": 483,
            "10000000000": 350,
            "01100000000": 350,
            "01000000000": 529,
            "10000000001": 28,
            "10010000001": 3,
            "10010000000": 2,
            "00000000001": 9,
            "11000000001": 10,
            "00100000001": 10,
            "00111000001": 1,
            "11100000000": 17,
            "10011000000": 1,
            "01100000001": 1,
            "11100100001": 1,
            "01010000000": 1,
            "00110010001": 1,
            "01000000001": 4,
            "10000100000": 1
          },
          "component_probability": 0.014705882352941176,
          "success_rate": 0.02266666666666667
        }
      ],
      "depth": 4386,
      "num_projections": 8,
      "ideal_solution": [
        {
          "real": 0.3095538263385279,
          "imag": 0.0
        },
        {
          "real": 0.4191097991469027,
          "imag": 0.0
        },
        {
          "real": 0.3273222029807569,
          "imag": 0.0
        },
        {
          "real": -0.1965585306654894,
          "imag": 0.0
        },
        {
          "real": -0.6968115224714851,
          "imag": 0.0
        },
        {
          "real": 0.09018727091374451,
          "imag": 0.0
        },
        {
          "real": -0.27035536989687325,
          "imag": 0.0
        },
        {
          "real": 0.12639721753541155,
          "imag": 0.0
        }
      ],
      "reconstructed_solution_probabilities": [
        0.09420214075134173,
        0.16579576772236143,
        0.04317598117769829,
        0.016447992829599346,
        0.611541766189038,
        0.0,
        0.053597769737832354,
        0.015238581592128807
      ],
      "fidelity": 0.9643102883011803,
      "metadata": {
        "measured_components": [
          0,
          1,
          2,
          3,
          4,
          5,
          6,
          7
        ],
        "success_rates": [
          0.018333333333333333,
          0.016666666666666666,
          0.024,
          0.021,
          0.02033333333333333,
          0.020666666666666667,
          0.019333333333333334,
          0.02266666666666667
        ],
        "raw_probabilities": [
          0.09090909090909091,
          0.16,
          0.041666666666666664,
          0.015873015873015872,
          0.5901639344262295,
          0.0,
          0.05172413793103448,
          0.014705882352941176
        ],
        "average_success_rate": 0.020374999999999997,
        "total_probability": 0.9650427281589786
      },
      "total_problem_time_seconds": 17.776,
      "first_created_at": "2025-12-21 12:46:04.614000+00:00",
      "last_ended_at": "2025-12-21 12:46:22.390000+00:00"
    }
  ]
}