{
  "problem_list": [
    {
      "A_matrix": [
        [
          0.9819732650931776,
          1.049629396752787,
          0.5857749804508764,
          1.0487335459228255,
          0.4483700057528174,
          0.5389435643227558,
          1.1655715998199576,
          0.2684863696774905
        ],
        [
          1.049629396752787,
          0.3929330455780182,
          0.8667856173319689,
          0.7749722215628467,
          0.5243336680869581,
          1.0536403372255099,
          0.6135222856966432,
          0.5355745745264203
        ],
        [
          0.5857749804508764,
          0.8667856173319689,
          0.13781379366855018,
          0.9015819406629878,
          0.8205945662067632,
          1.434481045969186,
          0.7424383939031225,
          1.285797910745941
        ],
        [
          1.0487335459228255,
          0.7749722215628467,
          0.9015819406629878,
          0.5286520842949007,
          1.6099035417081031,
          1.2307559105159633,
          1.146312099890536,
          0.8428285685690631
        ],
        [
          0.4483700057528174,
          0.5243336680869581,
          0.8205945662067632,
          1.6099035417081031,
          1.2256036475547647,
          0.3019524325604731,
          0.9770712296887303,
          0.9095522195728586
        ],
        [
          0.5389435643227558,
          1.0536403372255099,
          1.434481045969186,
          1.2307559105159633,
          0.3019524325604731,
          0.5728523538195565,
          1.27942413496375,
          1.5173008840218276
        ],
        [
          1.1655715998199576,
          0.6135222856966432,
          0.7424383939031225,
          1.146312099890536,
          0.9770712296887303,
          1.27942413496375,
          0.039860209394639856,
          0.7850414749229319
        ],
        [
          0.2684863696774905,
          0.5355745745264203,
          1.285797910745941,
          0.8428285685690631,
          0.9095522195728586,
          1.5173008840218276,
          0.7850414749229319,
          0.9009967025390468
        ]
      ],
      "b_vector": [
        0.5040237127238333,
        0.3549780658435091,
        0.47486531153120304,
        0.1860238306893549,
        0.008867491012628527,
        0.5305874848049377,
        0.05680382175595595,
        0.2738984383079692
      ]
    }
  ],
  "shots": 3000,
  "backend": "sv1",
  "device_arn": "SV1",
  "aws_region": "eu-west-2",
  "ideal_preprocessing_list": [
    [
      [
        -1.6471366411628663,
        -1.002713017520069,
        -0.9672570900351875,
        -0.5380925049664568,
        -0.29103187553280574,
        1.0440044520839795,
        1.1921019992712447,
        6.9908097798048185
      ],
      [
        0.17593892030832328,
        0.060885428718451096,
        0.21401627073698148,
        0.10810337159210526,
        0.09545996409701722,
        0.4475745971909385,
        0.06435500109002357,
        0.8332298403438478
      ]
    ]
  ],
  "probability_threshold": 0,
  "k_qubits": 7,
  "preprocessing_mode": "ideal",
  "projection_mode": "all_components",
  "projection_subset": null,
  "num_solution_qubits": 3,
  "num_projections": 8,
  "projector_basis_states": [
    0,
    1,
    2,
    3,
    4,
    5,
    6,
    7
  ],
  "enhanced_projection_results": [
    {
      "problem_index": 0,
      "projection_tasks": [
        {
          "basis_state": 0,
          "task_id": "arn:aws:braket:eu-west-2:380012739362:quantum-task/bea8fec3-1e68-402b-a34f-3f0cbbc8ed20",
          "shots": 3000,
          "projector_index": 0
        },
        {
          "basis_state": 1,
          "task_id": "arn:aws:braket:eu-west-2:380012739362:quantum-task/ef5fc47b-24b6-45ea-8e86-bf93b32f3b44",
          "shots": 3000,
          "projector_index": 1
        },
        {
          "basis_state": 2,
          "task_id": "arn:aws:braket:eu-west-2:380012739362:quantum-task/e2039458-0b18-4b0a-a850-fbf1ed23665b",
          "shots": 3000,
          "projector_index": 2
        },
        {
          "basis_state": 3,
          "task_id": "arn:aws:braket:eu-west-2:380012739362:quantum-task/4ea3c484-01bb-4217-a875-5ac3fbd55a0f",
          "shots": 3000,
          "projector_index": 3
        },
        {
          "basis_state": 4,
          "task_id": "arn:aws:braket:eu-west-2:380012739362:quantum-task/22840fe7-6758-44e4-b5e0-03d0e0823d86",
          "shots": 3000,
          "projector_index": 4
        },
        {
          "basis_state": 5,
          "task_id": "arn:aws:braket:eu-west-2:380012739362:quantum-task/3d1a5a23-3be0-4217-839c-a0f93067c6d7",
          "shots": 3000,
          "projector_index": 5
        },
        {
          "basis_state": 6,
          "task_id": "arn:aws:braket:eu-west-2:380012739362:quantum-task/20762650-e36d-4120-a8f6-dde2a8d4df85",
          "shots": 3000,
          "projector_index": 6
        },
        {
          "basis_state": 7,
          "task_id": "arn:aws:braket:eu-west-2:380012739362:quantum-task/3eafe81a-797b-4495-9814-841a04ad20b2",
          "shots": 3000,
          "projector_index": 7
        }
      ],
      "depth": 4366,
      "num_projections": 8,
      "ideal_solution": [
        {
          "real": 0.16402074891653948,
          "imag": 0.0
        },
        {
          "real": 0.02436954031226786,
          "imag": 0.0
        },
        {
          "real": -0.19503914196560118,
          "imag": 0.0
        },
        {
          "real": 0.037854196319648176,
          "imag": 0.0
        },
        {
          "real": -0.6247754771068401,
          "imag": 0.0
        },
        {
          "real": 0.39728057862776883,
          "imag": 0.0
        },
        {
          "real": 0.615430356782487,
          "imag": 0.0
        },
        {
          "real": 0.07809822887766535,
          "imag": 0.0
        }
      ]
    }
  ]
}