{
  "problem_list": [
    {
      "A_matrix": [
        [
          1.1361320958536656,
          0.9324861823733815,
          0.965921131574329,
          1.1598699572188864,
          1.2442759471910132,
          0.18177428572393217,
          0.8949845862115169,
          1.0805254584154242,
          0.8779518194612869,
          0.9346856313915745,
          0.8951011564577639,
          0.6133345490907206,
          1.4062012127429422,
          1.6804466783819976,
          1.2784105374935586,
          0.5298085878784302
        ],
        [
          0.9324861823733815,
          0.3649671516815709,
          0.9868841983409052,
          0.6515394085331585,
          0.8219733024434122,
          0.5770361317411496,
          1.4885721714452949,
          0.5788143343137608,
          1.2880634286654387,
          1.3916560060659546,
          0.3956222458952655,
          1.039945056459221,
          1.28743526627396,
          1.7289033917941996,
          1.8377093963359168,
          1.1068188890139325
        ],
        [
          0.965921131574329,
          0.9868841983409052,
          1.44844718622412,
          1.8279543854505798,
          1.067214853502176,
          1.3393113261689058,
          1.5263565151582177,
          0.35387775288859447,
          0.5444567679235548,
          0.4111889144298938,
          0.9286926968325302,
          0.6630234123611446,
          0.2405996742369857,
          0.4229188507628189,
          1.2864805317431998,
          0.24055582416670485
        ],
        [
          1.1598699572188864,
          0.6515394085331585,
          1.8279543854505798,
          1.9923297357204977,
          0.8746281005946629,
          1.3450495606687227,
          0.6603943344778337,
          1.168970480607022,
          0.959855587591622,
          0.9686496975081733,
          0.37031525814370225,
          1.1328329368560413,
          0.6935386577230911,
          0.7577465240270289,
          0.91145943781877,
          1.1275094331951592
        ],
        [
          1.2442759471910132,
          0.8219733024434122,
          1.067214853502176,
          0.8746281005946629,
          1.7177174987946306,
          1.6640208555382219,
          1.1261552915558268,
          0.21221375385619956,
          0.8994888877400699,
          0.25076910032330724,
          0.5188092953598896,
          0.8786193207230545,
          0.48805671291733876,
          1.151049782274328,
          0.7333056276518721,
          1.0808580242631414
        ],
        [
          0.18177428572393217,
          0.5770361317411496,
          1.3393113261689058,
          1.3450495606687227,
          1.6640208555382219,
          1.1632399744226751,
          0.2609454520680172,
          0.7712207637857381,
          1.0797824569161567,
          0.8225870425312501,
          0.6246731478663909,
          0.7278979593987933,
          1.391663468421821,
          0.8027622951591268,
          0.258501756866662,
          0.7425421419003635
        ],
        [
          0.8949845862115169,
          1.4885721714452949,
          1.5263565151582177,
          0.6603943344778337,
          1.1261552915558268,
          0.2609454520680172,
          0.9382562904782179,
          0.1272982595552622,
          1.4118097174287079,
          0.9116677610560633,
          0.9288264120866644,
          0.778491484158462,
          0.4582343729801036,
          1.069469117283402,
          0.9897654331433765,
          0.16915660516977182
        ],
        [
          1.0805254584154242,
          0.5788143343137608,
          0.35387775288859447,
          1.168970480607022,
          0.21221375385619956,
          0.7712207637857381,
          0.1272982595552622,
          0.27585109906364624,
          0.9709780727814582,
          0.4123183486876736,
          1.2033005305337476,
          1.151073067138984,
          1.1383346879088339,
          1.482066536196311,
          0.45493468946164584,
          1.3518275430062223
        ],
        [
          0.8779518194612869,
          1.2880634286654387,
          0.5444567679235548,
          0.959855587591622,
          0.8994888877400699,
          1.0797824569161567,
          1.4118097174287079,
          0.9709780727814582,
          0.3279782006437626,
          1.568630518918562,
          1.724732947122864,
          1.5524275310673807,
          1.5912490854879122,
          1.2593655481404924,
          1.4798197359171095,
          0.91555382592954
        ],
        [
          0.9346856313915745,
          1.3916560060659546,
          0.4111889144298938,
          0.9686496975081733,
          0.25076910032330724,
          0.8225870425312501,
          0.9116677610560633,
          0.4123183486876736,
          1.568630518918562,
          1.1748460630271784,
          1.7911165486295615,
          0.7144280369308901,
          1.4922556927647541,
          0.9351512623604628,
          0.6641690060488766,
          1.1445687786849839
        ],
        [
          0.8951011564577639,
          0.3956222458952655,
          0.9286926968325302,
          0.37031525814370225,
          0.5188092953598896,
          0.6246731478663909,
          0.9288264120866644,
          1.2033005305337476,
          1.724732947122864,
          1.7911165486295615,
          0.8892185384381228,
          1.2646942492673459,
          1.167212822748509,
          1.090040113485721,
          1.1444407115582382,
          1.2289894645759285
        ],
        [
          0.6133345490907206,
          1.039945056459221,
          0.6630234123611446,
          1.1328329368560413,
          0.8786193207230545,
          0.7278979593987933,
          0.778491484158462,
          1.151073067138984,
          1.5524275310673807,
          0.7144280369308901,
          1.2646942492673459,
          1.7442189507649537,
          1.2542680122758463,
          1.0780560879882972,
          0.16306253891365474,
          1.5724792869446023
        ],
        [
          1.4062012127429422,
          1.28743526627396,
          0.2405996742369857,
          0.6935386577230911,
          0.48805671291733876,
          1.391663468421821,
          0.4582343729801036,
          1.1383346879088339,
          1.5912490854879122,
          1.4922556927647541,
          1.167212822748509,
          1.2542680122758463,
          1.8813603407277486,
          1.3130347613678852,
          1.117656961446026,
          1.417102526102835
        ],
        [
          1.6804466783819976,
          1.7289033917941996,
          0.4229188507628189,
          0.7577465240270289,
          1.151049782274328,
          0.8027622951591268,
          1.069469117283402,
          1.482066536196311,
          1.2593655481404924,
          0.9351512623604628,
          1.090040113485721,
          1.0780560879882972,
          1.3130347613678852,
          0.09598373089079693,
          1.372377901516876,
          0.9113704040872576
        ],
        [
          1.2784105374935586,
          1.8377093963359168,
          1.2864805317431998,
          0.91145943781877,
          0.7333056276518721,
          0.258501756866662,
          0.9897654331433765,
          0.45493468946164584,
          1.4798197359171095,
          0.6641690060488766,
          1.1444407115582382,
          0.16306253891365474,
          1.117656961446026,
          1.372377901516876,
          1.511569025752772,
          0.17985276052769084
        ],
        [
          0.5298085878784302,
          1.1068188890139325,
          0.24055582416670485,
          1.1275094331951592,
          1.0808580242631414,
          0.7425421419003635,
          0.16915660516977182,
          1.3518275430062223,
          0.91555382592954,
          1.1445687786849839,
          1.2289894645759285,
          1.5724792869446023,
          1.417102526102835,
          0.9113704040872576,
          0.17985276052769084,
          0.10680480410404103
        ]
      ],
      "b_vector": [
        0.2840053202975011,
        0.3591611051707939,
        0.22890422239837807,
        0.3588358762845537,
        0.22819281126370616,
        0.04625882939265376,
        0.15407005585503172,
        0.43239947763044934,
        0.007975046287395312,
        0.27708235735724956,
        0.18341599835646252,
        0.020253109609856525,
        0.004003911185304185,
        0.41914605293310686,
        0.23404265539210076,
        0.05385127758889438
      ]
    }
  ],
  "shots": 3000,
  "backend": "sv1",
  "device_arn": "SV1",
  "aws_region": "eu-west-2",
  "ideal_preprocessing_list": [
    [
      [
        -2.3643854351380615,
        -2.0267084491209406,
        -1.9851146630371883,
        -1.7374532705695163,
        -0.940653803356568,
        -0.5907914960961984,
        -0.40653214344896915,
        -0.060572028872859646,
        0.2848964367152496,
        0.48066948570769996,
        1.1709654310279634,
        1.4149665054481773,
        1.4948277932649994,
        2.850482731998248,
        3.4357614651008417,
        15.748562126965524
      ],
      [
        0.1042488049995173,
        0.02244519771761596,
        0.18455678320166913,
        0.10463955378908157,
        0.0778336622784811,
        0.09521002734357585,
        0.27322342840061065,
        0.19448844285080205,
        0.10683406017364691,
        0.14884686714336198,
        0.1582890587619758,
        0.21465058186741606,
        0.12271062068021807,
        0.09167337186947981,
        0.19210122663217555,
        0.8068171684403618
      ]
    ]
  ],
  "probability_threshold": 0,
  "k_qubits": 7,
  "preprocessing_mode": "ideal",
  "projection_mode": "all_components",
  "projection_subset": null,
  "num_solution_qubits": 4,
  "num_projections": 16,
  "projector_basis_states": [
    0,
    1,
    2,
    3,
    4,
    5,
    6,
    7,
    8,
    9,
    10,
    11,
    12,
    13,
    14,
    15
  ],
  "enhanced_projection_results": [
    {
      "problem_index": 0,
      "projection_tasks": [
        {
          "basis_state": 0,
          "task_id": "arn:aws:braket:eu-west-2:380012739362:quantum-task/61f72c43-1db1-4f35-a415-1d1711eca8a5",
          "status": "DONE",
          "shots": 3000,
          "created_at": "2025-12-21 13:10:49.047000+00:00",
          "ended_at": "2025-12-21 13:10:57.407000+00:00",
          "execution_time_seconds": 8.36,
          "counts": {
            "011100000000": 488,
            "000100000000": 364,
            "110100000000": 481,
            "000000000000": 320,
            "011000000000": 96,
            "100100000000": 204,
            "001010000001": 3,
            "010000000000": 137,
            "001000000000": 219,
            "110000000000": 25,
            "101000000000": 113,
            "001100000000": 319,
            "101110100001": 2,
            "110100000001": 3,
            "111000000000": 95,
            "100110000000": 2,
            "111111000000": 1,
            "111001000001": 1,
            "110100100000": 1,
            "110000000001": 25,
            "010100000000": 9,
            "011111111001": 1,
            "111000000001": 4,
            "110010000001": 4,
            "000000000001": 10,
            "011010000000": 3,
            "111010000000": 1,
            "111011000001": 2,
            "000011000001": 1,
            "000010100001": 1,
            "011000000001": 8,
            "010000000001": 2,
            "110010000000": 4,
            "110001100001": 1,
            "110110100001": 1,
            "011001000000": 2,
            "101100000000": 6,
            "011011000001": 2,
            "101110000001": 1,
            "111110000001": 2,
            "111011000000": 1,
            "010100000001": 1,
            "000100100000": 1,
            "101100000001": 2,
            "001000000001": 4,
            "000010000000": 2,
            "001010000000": 1,
            "111001000000": 1,
            "101010100001": 1,
            "001011000001": 1,
            "111100000001": 4,
            "111010000001": 1,
            "110111101001": 1,
            "000010000001": 2,
            "110110100000": 1,
            "011100000001": 1,
            "011010000001": 1,
            "010011000001": 2,
            "000100000001": 2,
            "111110000000": 2,
            "100101000100": 1,
            "111100000000": 1,
            "000010001001": 1,
            "011011101000": 1
          },
          "component_probability": 0.15306122448979592,
          "success_rate": 0.03266666666666666
        },
        {
          "basis_state": 1,
          "task_id": "arn:aws:braket:eu-west-2:380012739362:quantum-task/46373bf9-96b1-4331-bc6b-9e1b1234322d",
          "status": "DONE",
          "shots": 3000,
          "created_at": "2025-12-21 13:10:54.143000+00:00",
          "ended_at": "2025-12-21 13:11:03.120000+00:00",
          "execution_time_seconds": 8.977,
          "counts": {
            "110100000000": 485,
            "011100000000": 528,
            "001000000000": 205,
            "111000000000": 112,
            "011011000000": 2,
            "100100000000": 211,
            "001100000000": 296,
            "010000000000": 131,
            "000000000000": 339,
            "000100000000": 356,
            "101000000000": 85,
            "011000000000": 114,
            "110000000000": 15,
            "101100000001": 6,
            "010100000000": 5,
            "011000000001": 3,
            "100000000001": 1,
            "000100000001": 5,
            "001010000000": 2,
            "110010000000": 8,
            "001000000001": 3,
            "011010000000": 3,
            "111100000001": 6,
            "111000000001": 8,
            "110000000001": 13,
            "001010000001": 2,
            "111101000001": 1,
            "001111000001": 2,
            "001100000001": 1,
            "110010100001": 2,
            "000110000000": 2,
            "000001000000": 1,
            "010000100000": 1,
            "101100000000": 4,
            "110100100001": 1,
            "010010000000": 1,
            "111001000000": 2,
            "010110100001": 1,
            "110110000001": 2,
            "111100000000": 3,
            "110100100000": 1,
            "000000000001": 8,
            "011110110000": 1,
            "010001000000": 1,
            "110001000001": 1,
            "001110000000": 1,
            "110011011101": 1,
            "011100000001": 2,
            "011111100001": 2,
            "011011100001": 1,
            "001011100000": 1,
            "110000100000": 1,
            "111011000001": 2,
            "110010000001": 1,
            "111010000000": 1,
            "000011000001": 1,
            "111110000000": 2,
            "110001000000": 1,
            "000000100000": 1,
            "011100111000": 1,
            "011111100000": 1
          },
          "component_probability": 0.06578947368421052,
          "success_rate": 0.025333333333333333
        },
        {
          "basis_state": 2,
          "task_id": "arn:aws:braket:eu-west-2:380012739362:quantum-task/bbdd5280-e5f8-45f4-9fdf-c7126a0770b1",
          "status": "DONE",
          "shots": 3000,
          "created_at": "2025-12-21 13:10:59.570000+00:00",
          "ended_at": "2025-12-21 13:11:06.907000+00:00",
          "execution_time_seconds": 7.337,
          "counts": {
            "110100000000": 519,
            "011100000000": 540,
            "001100000000": 338,
            "000000000000": 310,
            "111000000000": 120,
            "000100000000": 294,
            "110010000001": 4,
            "011000000000": 109,
            "111100000000": 3,
            "100100000000": 178,
            "101000000000": 94,
            "001000000000": 222,
            "110010000000": 13,
            "010000000000": 124,
            "011010000000": 2,
            "101110110001": 1,
            "000000000001": 5,
            "000010000001": 1,
            "111100100001": 1,
            "111011100000": 1,
            "101110000001": 1,
            "011100000001": 6,
            "110000000001": 19,
            "001110000000": 1,
            "001010000000": 3,
            "111000000001": 8,
            "011000000001": 4,
            "110000000000": 12,
            "001100000001": 1,
            "101100000000": 5,
            "000110000001": 2,
            "110111110001": 1,
            "100000111001": 1,
            "010100000000": 8,
            "011110100000": 1,
            "011011000000": 1,
            "101000000001": 2,
            "111111000001": 1,
            "001000000001": 4,
            "010000000001": 4,
            "110011000000": 1,
            "000100000001": 3,
            "010111100000": 1,
            "111100000001": 2,
            "111110000001": 2,
            "110011000001": 1,
            "010010000000": 1,
            "101100000001": 2,
            "000000100000": 1,
            "000010000000": 1,
            "000010100001": 1,
            "111011000001": 1,
            "101110000000": 1,
            "111001000000": 1,
            "100110000001": 1,
            "110000010000": 1,
            "110000100000": 1,
            "111011000000": 1,
            "001011000001": 1,
            "110001000000": 1,
            "101100010101": 1,
            "111010000000": 1,
            "110100000001": 1,
            "001101100000": 1,
            "001111110111": 1,
            "001000100000": 1,
            "100100000001": 1,
            "011011000001": 1,
            "111001000001": 1,
            "000111110001": 1,
            "000010001001": 1
          },
          "component_probability": 0.056818181818181816,
          "success_rate": 0.029333333333333333
        },
        {
          "basis_state": 3,
          "task_id": "arn:aws:braket:eu-west-2:380012739362:quantum-task/34e35809-ee1a-4453-a33e-4e0d47a7ed6e",
          "status": "DONE",
          "shots": 3000,
          "created_at": "2025-12-21 13:11:04.563000+00:00",
          "ended_at": "2025-12-21 13:11:13.869000+00:00",
          "execution_time_seconds": 9.306,
          "counts": {
            "000000000000": 343,
            "011100000000": 517,
            "001000000000": 202,
            "001100000000": 349,
            "110100000000": 508,
            "000100000000": 349,
            "100100000000": 186,
            "111000000000": 117,
            "101100000000": 8,
            "111110000000": 3,
            "011100000001": 2,
            "101000000000": 92,
            "010000000000": 115,
            "110000000000": 15,
            "110000000001": 16,
            "011000000000": 81,
            "110011000000": 2,
            "000001000001": 1,
            "111000000001": 9,
            "111011100000": 1,
            "110010000001": 5,
            "101100000001": 5,
            "010011000001": 1,
            "010100000000": 7,
            "011101100000": 1,
            "100100000001": 1,
            "111100000001": 6,
            "000100000001": 1,
            "001011000001": 1,
            "101110000000": 1,
            "000010000000": 3,
            "110010000000": 6,
            "000000000001": 5,
            "101101100000": 1,
            "110100000001": 5,
            "011110010001": 1,
            "011000000001": 6,
            "001000000001": 4,
            "111001110000": 2,
            "001001100001": 1,
            "000011000000": 1,
            "111111000001": 1,
            "001001100000": 1,
            "010010000001": 2,
            "101000000001": 1,
            "001110000000": 2,
            "011110100001": 1,
            "111011000001": 2,
            "110010100001": 1,
            "111011000000": 1,
            "011010000000": 2,
            "100010000000": 1,
            "001010000001": 1,
            "000000110000": 1,
            "001100000001": 1,
            "110011000001": 1,
            "111101000000": 1
          },
          "component_probability": 0.012345679012345678,
          "success_rate": 0.027
        },
        {
          "basis_state": 4,
          "task_id": "arn:aws:braket:eu-west-2:380012739362:quantum-task/37e86cc8-0c07-4f73-92bd-beec56e7648a",
          "status": "DONE",
          "shots": 3000,
          "created_at": "2025-12-21 13:11:09.542000+00:00",
          "ended_at": "2025-12-21 13:11:17.025000+00:00",
          "execution_time_seconds": 7.483,
          "counts": {
            "111000000000": 128,
            "011100000000": 530,
            "110100000000": 498,
            "000100000000": 323,
            "100100000000": 182,
            "000000000000": 304,
            "101000000000": 97,
            "001000000000": 220,
            "110000000000": 19,
            "110000000001": 23,
            "001100000000": 348,
            "000000000001": 11,
            "011000000000": 102,
            "111011101001": 1,
            "000000010000": 1,
            "010000000000": 135,
            "111000000001": 4,
            "110010000000": 3,
            "010100000000": 6,
            "111100000000": 2,
            "110011000001": 2,
            "111010000000": 1,
            "101100000001": 2,
            "010011000000": 1,
            "110010000001": 2,
            "101100000000": 2,
            "111110100001": 1,
            "010011000001": 1,
            "011000000001": 3,
            "011111110000": 1,
            "011100000001": 4,
            "101001100001": 1,
            "110001100001": 1,
            "101111100001": 1,
            "111011000000": 1,
            "001100000001": 1,
            "001001000000": 1,
            "001011000001": 1,
            "000010000001": 2,
            "001010000000": 3,
            "110001000000": 4,
            "001000000001": 1,
            "000000010001": 1,
            "100110000000": 1,
            "011010000001": 2,
            "011101000000": 1,
            "111011000001": 1,
            "110100000001": 1,
            "111100000001": 2,
            "110011000000": 1,
            "011111100001": 1,
            "011011000001": 1,
            "000001000001": 1,
            "000010000000": 1,
            "110110000001": 1,
            "111111000001": 1,
            "101001000000": 1,
            "111110000000": 1,
            "111011000101": 1,
            "011101110000": 1,
            "001010100001": 1,
            "000000100001": 1,
            "100110000001": 1,
            "010110100001": 1,
            "011010000000": 1,
            "011011110001": 1
          },
          "component_probability": 0.0125,
          "success_rate": 0.02666666666666667
        },
        {
          "basis_state": 5,
          "task_id": "arn:aws:braket:eu-west-2:380012739362:quantum-task/b126ec36-3bd3-4a48-a77f-f132753f67c4",
          "status": "DONE",
          "shots": 3000,
          "created_at": "2025-12-21 13:11:14.777000+00:00",
          "ended_at": "2025-12-21 13:11:21.273000+00:00",
          "execution_time_seconds": 6.496,
          "counts": {
            "001100000000": 321,
            "011100000000": 504,
            "110100000000": 494,
            "000000000000": 322,
            "001000000000": 222,
            "101100000001": 7,
            "011000000000": 104,
            "100100000000": 199,
            "110100000001": 4,
            "101000000000": 111,
            "111000000000": 119,
            "000100000000": 322,
            "010000000000": 146,
            "110000000000": 11,
            "001001000000": 1,
            "110000000001": 15,
            "000000000001": 9,
            "110010000001": 6,
            "111001000000": 2,
            "011010000000": 2,
            "010100000000": 9,
            "111100000001": 2,
            "111011000000": 1,
            "101110100000": 1,
            "110101110000": 1,
            "001100000001": 1,
            "001000000001": 2,
            "111010000000": 4,
            "011000000001": 2,
            "111000000001": 2,
            "000100000001": 3,
            "011111010001": 1,
            "110010100001": 1,
            "111111000001": 1,
            "010010000000": 1,
            "101100000000": 5,
            "001010000001": 1,
            "011011000000": 1,
            "111010000001": 2,
            "001110000001": 1,
            "011111100001": 2,
            "000010000001": 4,
            "101111100001": 1,
            "011001000000": 1,
            "110010000000": 3,
            "110011000001": 3,
            "111100100001": 1,
            "010100000001": 1,
            "011110001000": 1,
            "011100000001": 2,
            "000110000000": 1,
            "000010000000": 2,
            "011100100000": 1,
            "011100111000": 1,
            "001101100000": 1,
            "101000100000": 1,
            "111110000000": 2,
            "110001000001": 1,
            "111011100000": 1,
            "000011000000": 1,
            "000000001001": 1,
            "001011000000": 1,
            "000001000000": 1,
            "011111100000": 2,
            "011010000001": 1
          },
          "component_probability": 0.012987012987012988,
          "success_rate": 0.025666666666666667
        },
        {
          "basis_state": 6,
          "task_id": "arn:aws:braket:eu-west-2:380012739362:quantum-task/ef688731-4a50-43aa-b6c8-9da4a1515458",
          "status": "DONE",
          "shots": 3000,
          "created_at": "2025-12-21 13:11:19.899000+00:00",
          "ended_at": "2025-12-21 13:11:27.544000+00:00",
          "execution_time_seconds": 7.645,
          "counts": {
            "000100000000": 306,
            "001100000000": 313,
            "110100000000": 478,
            "111000000000": 119,
            "000001000000": 1,
            "011100000000": 547,
            "100100000000": 184,
            "000000000000": 346,
            "110000000000": 16,
            "001000000000": 228,
            "010000000000": 146,
            "101000000000": 96,
            "000000000001": 4,
            "011000000000": 96,
            "011001110001": 1,
            "111000000001": 8,
            "110010000000": 3,
            "111111000001": 1,
            "000010000000": 5,
            "111000100001": 1,
            "110100000001": 2,
            "110001000000": 2,
            "111100000001": 5,
            "010100000000": 7,
            "101100000000": 5,
            "111010000000": 2,
            "110000000001": 23,
            "110000100000": 1,
            "001010000000": 1,
            "011011000001": 3,
            "011100000001": 3,
            "011110000001": 1,
            "000010000001": 2,
            "001100000001": 2,
            "001110000000": 2,
            "100000000001": 1,
            "001111000001": 1,
            "001000000001": 5,
            "000100100000": 1,
            "111100000000": 2,
            "000100000001": 2,
            "111001100000": 1,
            "110111100000": 1,
            "111110000001": 1,
            "111100100001": 1,
            "010010000000": 2,
            "011101100000": 2,
            "011110000000": 2,
            "111010000001": 1,
            "110010110001": 1,
            "101100000001": 1,
            "111011000001": 1,
            "000011000001": 1,
            "111011110001": 1,
            "011011100001": 1,
            "110001000001": 1,
            "111011001000": 1,
            "001110000001": 1,
            "001001100001": 1,
            "011010000001": 1,
            "011000000001": 1,
            "111111000000": 1,
            "001010000001": 1,
            "101000000001": 1,
            "110010000001": 1,
            "010110010001": 1
          },
          "component_probability": 0.08433734939759036,
          "success_rate": 0.027666666666666666
        },
        {
          "basis_state": 7,
          "task_id": "arn:aws:braket:eu-west-2:380012739362:quantum-task/c0ab3935-1b25-4712-8bf0-5093481769a3",
          "status": "DONE",
          "shots": 3000,
          "created_at": "2025-12-21 13:11:25.106000+00:00",
          "ended_at": "2025-12-21 13:11:35.022000+00:00",
          "execution_time_seconds": 9.916,
          "counts": {
            "110100000000": 479,
            "101000000000": 86,
            "001100000000": 318,
            "011100000000": 551,
            "011000000000": 114,
            "100100000000": 194,
            "110000000000": 16,
            "001000000000": 229,
            "000100000000": 331,
            "010000000000": 140,
            "111000000000": 87,
            "000000000000": 341,
            "001100000001": 1,
            "111100000001": 3,
            "110010000000": 1,
            "111010000001": 4,
            "110011000001": 1,
            "011010000000": 1,
            "111001000000": 1,
            "001000000001": 5,
            "000000000001": 5,
            "110000000001": 18,
            "010001000000": 2,
            "000100000001": 5,
            "001110000001": 2,
            "011000000001": 1,
            "111111000001": 1,
            "111100000000": 6,
            "110001000001": 2,
            "010100000000": 6,
            "011110000001": 3,
            "000010100000": 1,
            "111000000001": 6,
            "011110100001": 1,
            "011011110001": 1,
            "110010000001": 3,
            "111110100001": 1,
            "000011000001": 3,
            "101110000000": 2,
            "010000000001": 2,
            "000100100001": 1,
            "101100000001": 2,
            "010101000001": 1,
            "111001110000": 1,
            "001010000001": 2,
            "110100000001": 1,
            "001001000000": 1,
            "101100000000": 1,
            "010010000000": 2,
            "011001000000": 1,
            "010011100000": 1,
            "000000100000": 1,
            "111110000001": 2,
            "111011000001": 2,
            "000011000000": 1,
            "111010000000": 2,
            "110101110000": 1,
            "011100000001": 1,
            "001010000000": 1,
            "100100000001": 1
          },
          "component_probability": 0.06172839506172839,
          "success_rate": 0.027
        },
        {
          "basis_state": 8,
          "task_id": "arn:aws:braket:eu-west-2:380012739362:quantum-task/99aa5615-b0d8-471f-a446-26d863ea93c7",
          "status": "DONE",
          "shots": 3000,
          "created_at": "2025-12-21 13:11:30.406000+00:00",
          "ended_at": "2025-12-21 13:11:37.277000+00:00",
          "execution_time_seconds": 6.871,
          "counts": {
            "001000000000": 239,
            "001100000000": 351,
            "011100000000": 549,
            "000000000000": 297,
            "010000000000": 106,
            "110000010001": 1,
            "110000000000": 19,
            "110100000000": 478,
            "100100000000": 181,
            "111111000001": 2,
            "101000000000": 86,
            "111000000000": 111,
            "011000000000": 107,
            "000100000000": 341,
            "001001000000": 1,
            "001001000001": 1,
            "011010000000": 1,
            "101100000001": 4,
            "110010000001": 3,
            "001000000001": 7,
            "110000000001": 19,
            "101000000001": 1,
            "011100000001": 3,
            "000000000001": 8,
            "000110000001": 1,
            "001100000001": 1,
            "001110000000": 1,
            "101100000000": 3,
            "101110000001": 1,
            "111011100000": 2,
            "111000000001": 7,
            "011000000001": 6,
            "101111100001": 1,
            "111100000001": 8,
            "111010000001": 1,
            "110010100001": 1,
            "110010000000": 2,
            "111110000000": 2,
            "011111100001": 1,
            "000010000000": 4,
            "011000001001": 1,
            "110100100001": 2,
            "000010000001": 1,
            "011110000001": 1,
            "111111000000": 1,
            "101110000000": 1,
            "011111101001": 1,
            "000100000001": 1,
            "010000000001": 3,
            "100000111001": 1,
            "110100000001": 4,
            "010100000000": 5,
            "101010000001": 1,
            "010011100000": 1,
            "111010000000": 1,
            "000011000000": 1,
            "010111110001": 1,
            "011001000001": 1,
            "111011000001": 1,
            "110000100001": 1,
            "011010000001": 2,
            "101111111000": 1,
            "100110000000": 1,
            "001010000001": 1,
            "011011000001": 1,
            "100101000100": 1,
            "011111110000": 1,
            "111110000001": 1,
            "111100000000": 1,
            "111001000000": 1,
            "011011100001": 1
          },
          "component_probability": 0.009708737864077669,
          "success_rate": 0.034333333333333334
        },
        {
          "basis_state": 9,
          "task_id": "arn:aws:braket:eu-west-2:380012739362:quantum-task/e46c3791-b03a-46c9-a508-36c87bc53f2b",
          "status": "DONE",
          "shots": 3000,
          "created_at": "2025-12-21 13:11:35.513000+00:00",
          "ended_at": "2025-12-21 13:11:44.770000+00:00",
          "execution_time_seconds": 9.257,
          "counts": {
            "010000000000": 107,
            "011100000000": 556,
            "110100000000": 451,
            "000100000000": 333,
            "000000000000": 342,
            "000000000001": 10,
            "100100000000": 203,
            "011000000000": 100,
            "001100000000": 353,
            "110000000001": 15,
            "001000000000": 213,
            "111000000000": 118,
            "101000000000": 81,
            "010100000001": 1,
            "110111000111": 1,
            "111000000001": 9,
            "111001000001": 1,
            "101100000000": 8,
            "010100000000": 2,
            "101100000001": 5,
            "011110000001": 1,
            "000001000000": 2,
            "011010000000": 1,
            "101000000001": 1,
            "011000000001": 6,
            "001001000000": 1,
            "110000000000": 10,
            "010010000000": 1,
            "110011000001": 3,
            "111110000000": 2,
            "010000000001": 3,
            "111100000001": 3,
            "010011100000": 1,
            "111100000000": 5,
            "001010000001": 2,
            "011111100001": 2,
            "011001000000": 1,
            "001000000001": 8,
            "110010000001": 4,
            "000101110000": 1,
            "110100000001": 2,
            "011011000001": 1,
            "011100000001": 1,
            "000100000001": 1,
            "110010000000": 3,
            "100100000001": 1,
            "111011000000": 1,
            "111001110000": 1,
            "001100000001": 1,
            "000110000001": 1,
            "001010000000": 2,
            "111111000001": 1,
            "110111100001": 3,
            "010101000001": 1,
            "000011000001": 1,
            "110010100001": 1,
            "011111100000": 1,
            "001110000001": 1,
            "000010000000": 3,
            "111000100000": 1,
            "111001000000": 1,
            "111011000001": 2,
            "011001100000": 1,
            "000010000001": 1
          },
          "component_probability": 0.010638297872340425,
          "success_rate": 0.03133333333333333
        },
        {
          "basis_state": 10,
          "task_id": "arn:aws:braket:eu-west-2:380012739362:quantum-task/c80a931d-263e-421f-989a-e93fc648da20",
          "status": "DONE",
          "shots": 3000,
          "created_at": "2025-12-21 13:11:40.336000+00:00",
          "ended_at": "2025-12-21 13:11:47.389000+00:00",
          "execution_time_seconds": 7.053,
          "counts": {
            "011100000000": 504,
            "100100000000": 203,
            "000000000000": 300,
            "110100000000": 490,
            "001100000000": 332,
            "000100000000": 333,
            "001000000000": 235,
            "111000000000": 127,
            "010000000000": 120,
            "011000000000": 100,
            "101000000000": 122,
            "011101100000": 1,
            "001000000001": 4,
            "110100000001": 5,
            "110000000001": 21,
            "110000000000": 16,
            "101100000000": 4,
            "011110100000": 1,
            "110001000000": 1,
            "110010000001": 4,
            "111000000001": 6,
            "000100000001": 5,
            "111001000000": 1,
            "101001000001": 1,
            "111011000001": 5,
            "000110000001": 1,
            "000011000001": 1,
            "000000000001": 7,
            "011000000001": 7,
            "101100000001": 1,
            "001010000001": 2,
            "111001000001": 2,
            "111100000000": 2,
            "111110010001": 1,
            "011011000001": 1,
            "011010000001": 1,
            "101110000000": 1,
            "011010000000": 2,
            "000010010000": 1,
            "010100000000": 4,
            "101000000001": 1,
            "111100000001": 2,
            "000110100001": 1,
            "000010100000": 1,
            "011011000000": 1,
            "000010100001": 1,
            "000010000001": 1,
            "010011000001": 1,
            "110010000000": 3,
            "011110000000": 1,
            "111010000000": 2,
            "011100000001": 1,
            "010001000000": 1,
            "010011100001": 1,
            "110111100001": 1,
            "000010000000": 2,
            "110011100111": 1,
            "010010000000": 1,
            "001010000000": 1,
            "110111110000": 1
          },
          "component_probability": 0.023255813953488372,
          "success_rate": 0.028666666666666667
        },
        {
          "basis_state": 11,
          "task_id": "arn:aws:braket:eu-west-2:380012739362:quantum-task/10e8d799-a576-4ce4-8bc0-cff1be7324db",
          "status": "DONE",
          "shots": 3000,
          "created_at": "2025-12-21 13:11:45.264000+00:00",
          "ended_at": "2025-12-21 13:11:54.487000+00:00",
          "execution_time_seconds": 9.223,
          "counts": {
            "110100000000": 500,
            "000000000000": 312,
            "011000000000": 110,
            "001000000000": 238,
            "011100000000": 517,
            "001100000000": 353,
            "010000000000": 116,
            "100100000000": 182,
            "101000000000": 88,
            "111000000000": 97,
            "110000000000": 14,
            "000100000000": 349,
            "110000000001": 26,
            "010100000000": 8,
            "111001110000": 1,
            "111010000001": 2,
            "011000000001": 3,
            "001010000001": 3,
            "111000000001": 11,
            "111110000000": 4,
            "000010100001": 2,
            "000000000001": 7,
            "111100000001": 3,
            "101100000001": 2,
            "011100000001": 3,
            "000100000001": 3,
            "001101000001": 1,
            "100000000001": 1,
            "001010000000": 3,
            "111110000001": 1,
            "110010000001": 2,
            "101100000000": 3,
            "110100000001": 3,
            "000011000001": 1,
            "000000100000": 1,
            "001000000001": 2,
            "010010000000": 1,
            "110011000001": 2,
            "111010000000": 3,
            "000010000000": 2,
            "010011000001": 1,
            "110001000001": 1,
            "101110000001": 1,
            "110010000000": 1,
            "111100000000": 1,
            "000110000000": 1,
            "011111100001": 1,
            "001110000000": 1,
            "000001000000": 1,
            "111100100000": 1,
            "111001000000": 2,
            "000100100000": 1,
            "011101000001": 1,
            "110111100101": 1,
            "011010000001": 1,
            "011000100000": 1,
            "110110100000": 1,
            "110001000000": 1,
