{
  "problem_list": [
    {
      "A_matrix": [
        [
          0.024458279911202085,
          1.3925959087811002,
          0.7834962281678067,
          1.546664715712891,
          1.0201878931341166,
          0.937608751757332,
          1.008643931385584,
          0.3502041460635935,
          0.6651039624705464,
          1.7373151391975226,
          1.7521855551650267,
          1.4895002837159668,
          1.6544594707335731,
          0.4177456009972865,
          1.0522644697253498,
          0.11591250735088265
        ],
        [
          1.3925959087811002,
          1.8570095367331532,
          1.715021544728191,
          1.0757213176351992,
          1.4604004621658446,
          1.1463863558540455,
          0.6544118933695537,
          0.9625825878110318,
          1.2839256579562925,
          1.2793490705907336,
          0.7266870607325923,
          1.5396282564469912,
          0.8839323076179737,
          0.5884839204065263,
          1.4086485471203383,
          0.816602747486436
        ],
        [
          0.7834962281678067,
          1.715021544728191,
          1.4448116737959535,
          0.4055763733139891,
          0.9208544734496745,
          0.6323534316675657,
          0.6614570516697766,
          0.486028334011978,
          1.4710937162574895,
          0.9986277510501532,
          0.20921139768384445,
          1.1720895341026663,
          1.229849888122906,
          0.2222505139235358,
          0.45121621913564114,
          1.1178771748884455
        ],
        [
          1.546664715712891,
          1.0757213176351992,
          0.4055763733139891,
          0.9393730124245117,
          0.7796430848853895,
          1.3242517696302007,
          0.7410855658006238,
          0.5748605926476563,
          0.6044445367749784,
          1.0441665116711194,
          0.6814695265431439,
          0.8184591054369246,
          1.1105142169428277,
          1.0914360478801048,
          0.9306941942881328,
          0.3158079577667614
        ],
        [
          1.0201878931341166,
          1.4604004621658446,
          0.9208544734496745,
          0.7796430848853895,
          1.1587378945918534,
          1.4746820982402062,
          0.6391785779045044,
          1.0244968307194395,
          0.9224856740220642,
          0.18022389987283327,
          0.4317148046741843,
          0.7477975324078655,
          0.5956452818729704,
          1.134227722803395,
          0.8702400891748684,
          0.8258482254941807
        ],
        [
          0.937608751757332,
          1.1463863558540455,
          0.6323534316675657,
          1.3242517696302007,
          1.4746820982402062,
          0.8842785872033518,
          0.6264832477224156,
          1.233755832590436,
          1.857370081819378,
          0.37392549031137057,
          1.240220096687853,
          0.4206382233878613,
          0.5705681782555768,
          1.005604789188629,
          1.1415324845211636,
          0.17805930337733
        ],
        [
          1.008643931385584,
          0.6544118933695537,
          0.6614570516697766,
          0.7410855658006238,
          0.6391785779045044,
          0.6264832477224156,
          0.5592570556361334,
          0.7380388931617949,
          1.2742216474774546,
          1.1497221311402184,
          0.6941351199390473,
          0.5273765525055608,
          0.6408979245087923,
          1.3308678049455818,
          0.9892351562743803,
          0.9107371747200634
        ],
        [
          0.3502041460635935,
          0.9625825878110318,
          0.486028334011978,
          0.5748605926476563,
          1.0244968307194395,
          1.233755832590436,
          0.7380388931617949,
          1.8084045175432883,
          0.6168199261572466,
          0.6378904035820686,
          0.32558182492489796,
          0.7097125788110321,
          0.5391319008713341,
          0.8101781267335573,
          1.0241416711657791,
          0.46678426747418034
        ],
        [
          0.6651039624705464,
          1.2839256579562925,
          1.4710937162574895,
          0.6044445367749784,
          0.9224856740220642,
          1.857370081819378,
          1.2742216474774546,
          0.6168199261572466,
          0.3639284783823711,
          1.1048621590345786,
          0.961559388154005,
          0.659201784221181,
          0.43718158929014506,
          0.7915276316723934,
          1.2279377640074145,
          1.2039260648680585
        ],
        [
          1.7373151391975226,
          1.2793490705907336,
          0.9986277510501532,
          1.0441665116711194,
          0.18022389987283327,
          0.37392549031137057,
          1.1497221311402184,
          0.6378904035820686,
          1.1048621590345786,
          1.1535898414821129,
          0.196331813304643,
          1.0882967067761529,
          0.4842949122134086,
          0.7213317406493943,
          1.027995548247854,
          1.5178150537723898
        ],
        [
          1.7521855551650267,
          0.7266870607325923,
          0.20921139768384445,
          0.6814695265431439,
          0.4317148046741843,
          1.240220096687853,
          0.6941351199390473,
          0.32558182492489796,
          0.961559388154005,
          0.196331813304643,
          0.34239809069388105,
          1.5031920695968928,
          1.7401618980706388,
          1.2344792134799816,
          1.5206171520030751,
          0.8886877269978372
        ],
        [
          1.4895002837159668,
          1.5396282564469912,
          1.1720895341026663,
          0.8184591054369246,
          0.7477975324078655,
          0.4206382233878613,
          0.5273765525055608,
          0.7097125788110321,
          0.659201784221181,
          1.0882967067761529,
          1.5031920695968928,
          1.3118060065856048,
          1.162971914430791,
          0.8320333978457464,
          0.4929791152455967,
          0.763990098245868
        ],
        [
          1.6544594707335731,
          0.8839323076179737,
          1.229849888122906,
          1.1105142169428277,
          0.5956452818729704,
          0.5705681782555768,
          0.6408979245087923,
          0.5391319008713341,
          0.43718158929014506,
          0.4842949122134086,
          1.7401618980706388,
          1.162971914430791,
          1.839120152452017,
          0.5169252198935546,
          1.5236651718655203,
          1.7188462227956076
        ],
        [
          0.4177456009972865,
          0.5884839204065263,
          0.2222505139235358,
          1.0914360478801048,
          1.134227722803395,
          1.005604789188629,
          1.3308678049455818,
          0.8101781267335573,
          0.7915276316723934,
          0.7213317406493943,
          1.2344792134799816,
          0.8320333978457464,
          0.5169252198935546,
          1.8298581000420233,
          0.7195666304166558,
          1.1695011218468268
        ],
        [
          1.0522644697253498,
          1.4086485471203383,
          0.45121621913564114,
          0.9306941942881328,
          0.8702400891748684,
          1.1415324845211636,
          0.9892351562743803,
          1.0241416711657791,
          1.2279377640074145,
          1.027995548247854,
          1.5206171520030751,
          0.4929791152455967,
          1.5236651718655203,
          0.7195666304166558,
          0.9438012086967869,
          0.09986640917727474
        ],
        [
          0.11591250735088265,
          0.816602747486436,
          1.1178771748884455,
          0.3158079577667614,
          0.8258482254941807,
          0.17805930337733,
          0.9107371747200634,
          0.46678426747418034,
          1.2039260648680585,
          1.5178150537723898,
          0.8886877269978372,
          0.763990098245868,
          1.7188462227956076,
          1.1695011218468268,
          0.09986640917727474,
          0.13455233969247526
        ]
      ],
      "b_vector": [
        0.3569870350160721,
        0.23425174795137413,
        0.2573660458972295,
        0.03805171931866062,
        0.2656857383181312,
        0.15065168541278331,
        0.06489557282292002,
        0.011657542218562593,
        0.06902135721553215,
        0.40489954470777584,
        0.328986454362156,
        0.2332136252709814,
        0.3581606798535928,
        0.23701018172159502,
        0.3609128000789891,
        0.07955982432308964
      ]
    }
  ],
  "shots": 3000,
  "backend": "sv1",
  "device_arn": "SV1",
  "aws_region": "eu-west-2",
  "ideal_preprocessing_list": [
    [
      [
        -2.991726254526541,
        -2.0794695701610126,
        -1.726305428412946,
        -1.2250229678369258,
        -0.8816312873401857,
        -0.434857315241755,
        -0.3104718806547581,
        0.060796628926021355,
        0.38949295098497444,
        1.0565955766218642,
        1.0655230047901323,
        1.3999707079012242,
        1.9568610416137426,
        2.5063397343708154,
        2.892494983958193,
        14.91679485087388
      ],
      [
        0.07118982604103387,
        0.030252079229797696,
        0.062260048809728435,
        0.1607031432808217,
        0.27964999567033866,
        0.042604777752117795,
        0.09387055971264317,
        0.16229849286318537,
        0.045894411781172186,
        0.03339952723249376,
        0.0020958653846757658,
        0.03237160052786725,
        0.03969645546643977,
        0.10408839578217145,
        0.21348906021615077,
        0.8870633102155792
      ]
    ]
  ],
  "probability_threshold": 0,
  "k_qubits": 7,
  "preprocessing_mode": "ideal",
  "projection_mode": "all_components",
  "projection_subset": null,
  "num_solution_qubits": 4,
  "num_projections": 16,
  "projector_basis_states": [
    0,
    1,
    2,
    3,
    4,
    5,
    6,
    7,
    8,
    9,
    10,
    11,
    12,
    13,
    14,
    15
  ],
  "enhanced_projection_results": [
    {
      "problem_index": 0,
      "projection_tasks": [
        {
          "basis_state": 0,
          "task_id": "arn:aws:braket:eu-west-2:380012739362:quantum-task/deec4d46-297d-42fd-b5f4-b0bc11a57a84",
          "shots": 3000,
          "projector_index": 0
        },
        {
          "basis_state": 1,
          "task_id": "arn:aws:braket:eu-west-2:380012739362:quantum-task/6294833a-7275-4d3c-829d-d0bc2c334046",
          "shots": 3000,
          "projector_index": 1
        },
        {
          "basis_state": 2,
          "task_id": "arn:aws:braket:eu-west-2:380012739362:quantum-task/ade1ada8-9c9e-48eb-bfd9-78143c72d8ff",
          "shots": 3000,
          "projector_index": 2
        },
        {
          "basis_state": 3,
          "task_id": "arn:aws:braket:eu-west-2:380012739362:quantum-task/2a370170-d968-4978-aeda-573f23ae58a4",
          "shots": 3000,
          "projector_index": 3
        },
        {
          "basis_state": 4,
          "task_id": "arn:aws:braket:eu-west-2:380012739362:quantum-task/d602b8f5-931b-476b-9f01-8ef0c1e2efc7",
          "shots": 3000,
          "projector_index": 4
        },
        {
          "basis_state": 5,
          "task_id": "arn:aws:braket:eu-west-2:380012739362:quantum-task/97259be8-8cdb-47f1-a7c4-961525e31384",
          "shots": 3000,
          "projector_index": 5
        },
        {
          "basis_state": 6,
          "task_id": "arn:aws:braket:eu-west-2:380012739362:quantum-task/d5fdc5dc-468c-4c34-9c6a-e1ad8e07dbfd",
          "shots": 3000,
          "projector_index": 6
        },
        {
          "basis_state": 7,
          "task_id": "arn:aws:braket:eu-west-2:380012739362:quantum-task/9bae5a71-1ab2-46c2-ab3f-4d09864907eb",
          "shots": 3000,
          "projector_index": 7
        },
        {
          "basis_state": 8,
          "task_id": "arn:aws:braket:eu-west-2:380012739362:quantum-task/ff59fa11-5cff-476f-85a3-7f1421f50753",
          "shots": 3000,
          "projector_index": 8
        },
        {
          "basis_state": 9,
          "task_id": "arn:aws:braket:eu-west-2:380012739362:quantum-task/9e560a30-2b00-4cf6-b5a4-ad600483cc17",
          "shots": 3000,
          "projector_index": 9
        },
        {
          "basis_state": 10,
          "task_id": "arn:aws:braket:eu-west-2:380012739362:quantum-task/f2c77c8e-8e4e-481c-8c79-05ca79e2e623",
          "shots": 3000,
          "projector_index": 10
        },
        {
          "basis_state": 11,
          "task_id": "arn:aws:braket:eu-west-2:380012739362:quantum-task/cb435db1-b841-4132-a9a0-21d09af44181",
          "shots": 3000,
          "projector_index": 11
        },
        {
          "basis_state": 12,
          "task_id": "arn:aws:braket:eu-west-2:380012739362:quantum-task/35b1077f-9c95-4bcb-8d65-830cf887c316",
          "shots": 3000,
          "projector_index": 12
        },
        {
          "basis_state": 13,
          "task_id": "arn:aws:braket:eu-west-2:380012739362:quantum-task/0e32f1b6-e5d0-4dd6-8eea-ea8be54cb774",
          "shots": 3000,
          "projector_index": 13
        },
        {
          "basis_state": 14,
          "task_id": "arn:aws:braket:eu-west-2:380012739362:quantum-task/e52a7367-01b9-400f-b561-348babceaf49",
          "shots": 3000,
          "projector_index": 14
        },
        {
          "basis_state": 15,
          "task_id": "arn:aws:braket:eu-west-2:380012739362:quantum-task/034f72f3-c04e-4543-ac1e-835e10644d6c",
          "shots": 3000,
          "projector_index": 15
        }
      ],
      "depth": 13689,
      "num_projections": 16,
      "ideal_solution": [
        {
          "real": -0.10609011200140976,
          "imag": 0.0
        },
        {
          "real": 0.5718095930478069,
          "imag": 0.0
        },
        {
          "real": -0.2348729797628652,
          "imag": 0.0
        },
        {
          "real": -0.19938738778377516,
          "imag": 0.0
        },
        {
          "real": 0.15863397223799508,
          "imag": 0.0
        },
        {
          "real": -0.4243117123522744,
          "imag": 0.0
        },
        {
          "real": 0.11332130350479919,
          "imag": 0.0
        },
        {
          "real": -0.18949754179480205,
          "imag": 0.0
        },
        {
          "real": -0.18788662298589337,
          "imag": 0.0
        },
        {
          "real": -0.06488342854727434,
          "imag": 0.0
        },
        {
          "real": -0.04744300699322809,
          "imag": 0.0
        },
        {
          "real": -0.18682620358333787,
          "imag": 0.0
        },
        {
          "real": 0.04028506423064554,
          "imag": 0.0
        },
        {
          "real": 0.18960140573267642,
          "imag": 0.0
        },
        {
          "real": 0.4446409674481309,
          "imag": 0.0
        },
        {
          "real": 0.03096040694794849,
          "imag": 0.0
        }
      ]
    }
  ]
}