{
  "problem_list": [
    {
      "A_matrix": [
        [
          0.9244571858149255,
          1.0923485350260034,
          1.299251140735119,
          0.9353923178477288,
          0.1407609417122263,
          0.8230263069240197,
          0.8562753484258088,
          0.8361844726069096,
          1.0095118581056932,
          0.5858449328750928,
          0.4053721410559067,
          1.1986348490520669,
          1.1198576198060106,
          1.392088576781033,
          1.2840818625405932,
          1.3211345703232398
        ],
        [
          1.0923485350260034,
          0.1868353048709852,
          0.5392038600603927,
          1.1509867911207086,
          0.7940516125189943,
          1.5840808697074995,
          0.901753401518136,
          0.616181063116268,
          1.3943116869490257,
          0.5336772020953466,
          1.3138933909073076,
          1.47764057324494,
          1.05423154055011,
          0.1892974202602734,
          1.103753237478998,
          1.9795378467849367
        ],
        [
          1.299251140735119,
          0.5392038600603927,
          0.6817978569008063,
          1.2369120161066227,
          1.2421425690207628,
          0.23328094866158344,
          0.3321751737423796,
          1.079739382896874,
          1.6834088808743788,
          1.3465306882066632,
          0.6300565921031456,
          0.8132508372568882,
          0.9509795565328113,
          1.2504139631412052,
          0.7680596589844059,
          1.1539382923586967
        ],
        [
          0.9353923178477288,
          1.1509867911207086,
          1.2369120161066227,
          1.8815085536429235,
          1.3964151893377434,
          1.1691963836077197,
          1.1693096893605763,
          0.6901507103448709,
          0.8773545367790743,
          0.9433144240117711,
          1.4848151780576355,
          1.2832472279718008,
          1.3175900877552917,
          1.5855784291823247,
          1.0847756101462085,
          1.648843636069464
        ],
        [
          0.1407609417122263,
          0.7940516125189943,
          1.2421425690207628,
          1.3964151893377434,
          1.8246784627396033,
          0.8743239314363772,
          0.012867486547618712,
          0.6576594850140987,
          0.896879299174058,
          0.9394158331046311,
          0.9007909345452582,
          1.1483735023942414,
          0.7503256053434579,
          0.8631289004541932,
          1.0803513042775537,
          1.2247797143986856
        ],
        [
          0.8230263069240197,
          1.5840808697074995,
          0.23328094866158344,
          1.1691963836077197,
          0.8743239314363772,
          1.5707878894259164,
          1.1535045079590585,
          0.3679614106843182,
          1.0170991949491899,
          0.2617278632899779,
          1.2412382705629055,
          0.8349375060039717,
          1.4215209913871778,
          1.857179724833391,
          1.9281883367338604,
          0.8641845534657944
        ],
        [
          0.8562753484258088,
          0.901753401518136,
          0.3321751737423796,
          1.1693096893605763,
          0.012867486547618712,
          1.1535045079590585,
          1.5850620647270628,
          1.0450703131566859,
          0.7889786856696411,
          1.221171859207561,
          1.662146411084687,
          1.4282021201913284,
          1.2549185664517357,
          1.4486905994948476,
          0.7705105879799822,
          0.7292034599120377
        ],
        [
          0.8361844726069096,
          0.616181063116268,
          1.079739382896874,
          0.6901507103448709,
          0.6576594850140987,
          0.3679614106843182,
          1.0450703131566859,
          1.2973690156171398,
          1.2065526237174655,
          1.4012432019739929,
          1.0367989299559717,
          0.11085345062997709,
          0.6600391843422981,
          0.27893221137115753,
          1.3907934262690909,
          0.8111708416696467
        ],
        [
          1.0095118581056932,
          1.3943116869490257,
          1.6834088808743788,
          0.8773545367790743,
          0.896879299174058,
          1.0170991949491899,
          0.7889786856696411,
          1.2065526237174655,
          0.8626982826694767,
          1.4380026941031185,
          1.4429143997383145,
          1.0326471694358803,
          1.6965483242567925,
          1.8928305525757585,
          1.2768766879684352,
          0.25736325258941195
        ],
        [
          0.5858449328750928,
          0.5336772020953466,
          1.3465306882066632,
          0.9433144240117711,
          0.9394158331046311,
          0.2617278632899779,
          1.221171859207561,
          1.4012432019739929,
          1.4380026941031185,
          0.07557872159307921,
          1.6995217643535492,
          1.472220070051291,
          1.6273726230691208,
          0.5467383180400763,
          0.6526412180464541,
          0.9957665673541662
        ],
        [
          0.4053721410559067,
          1.3138933909073076,
          0.6300565921031456,
          1.4848151780576355,
          0.9007909345452582,
          1.2412382705629055,
          1.662146411084687,
          1.0367989299559717,
          1.4429143997383145,
          1.6995217643535492,
          1.100957677770224,
          1.0764854584919403,
          1.182164150875147,
          1.161985076936761,
          0.7701935798703069,
          1.8898234837172794
        ],
        [
          1.1986348490520669,
          1.47764057324494,
          0.8132508372568882,
          1.2832472279718008,
          1.1483735023942414,
          0.8349375060039717,
          1.4282021201913284,
          0.11085345062997709,
          1.0326471694358803,
          1.472220070051291,
          1.0764854584919403,
          0.48512430356892633,
          0.6048833076801285,
          1.0593009528014061,
          1.7053695153077906,
          1.0671020846616535
        ],
        [
          1.1198576198060106,
          1.05423154055011,
          0.9509795565328113,
          1.3175900877552917,
          0.7503256053434579,
          1.4215209913871778,
          1.2549185664517357,
          0.6600391843422981,
          1.6965483242567925,
          1.6273726230691208,
          1.182164150875147,
          0.6048833076801285,
          1.230714549321069,
          1.1220569020931985,
          0.7627948491161803,
          1.1102151652215813
        ],
        [
          1.392088576781033,
          0.1892974202602734,
          1.2504139631412052,
          1.5855784291823247,
          0.8631289004541932,
          1.857179724833391,
          1.4486905994948476,
          0.27893221137115753,
          1.8928305525757585,
          0.5467383180400763,
          1.161985076936761,
          1.0593009528014061,
          1.1220569020931985,
          0.7990037721351391,
          1.3320888954137942,
          0.9949715731774952
        ],
        [
          1.2840818625405932,
          1.103753237478998,
          0.7680596589844059,
          1.0847756101462085,
          1.0803513042775537,
          1.9281883367338604,
          0.7705105879799822,
          1.3907934262690909,
          1.2768766879684352,
          0.6526412180464541,
          0.7701935798703069,
          1.7053695153077906,
          0.7627948491161803,
          1.3320888954137942,
          1.151010355383504,
          1.2600479124025428
        ],
        [
          1.3211345703232398,
          1.9795378467849367,
          1.1539382923586967,
          1.648843636069464,
          1.2247797143986856,
          0.8641845534657944,
          0.7292034599120377,
          0.8111708416696467,
          0.25736325258941195,
          0.9957665673541662,
          1.8898234837172794,
          1.0671020846616535,
          1.1102151652215813,
          0.9949715731774952,
          1.2600479124025428,
          1.9675599443486615
        ]
      ],
      "b_vector": [
        0.26982111235482864,
        0.3776016140545213,
        0.1055075772362912,
        0.11310810588714962,
        0.30952982435341125,
        0.11175871083136371,
        0.324159802056951,
        0.14872912988831305,
        0.3214038970040921,
        0.23727763117517026,
        0.210016536908294,
        0.25288387145010505,
        0.06063026334778726,
        0.37612308664374916,
        0.09509056993121684,
        0.32147236872170537
      ]
    }
  ],
  "shots": 3000,
  "backend": "sv1",
  "device_arn": "SV1",
  "aws_region": "eu-west-2",
  "ideal_preprocessing_list": [
    [
      [
        -2.7420137765648374,
        -2.315854812967354,
        -1.7840294780235062,
        -1.2453495743349292,
        -1.1577180952184392,
        -0.7442476186020095,
        -0.3079154299147034,
        -0.06209878653244506,
        0.4957844367540937,
        0.776555381768774,
        1.1736164827831501,
        1.4577985758582779,
        2.0077320577221993,
        2.397161866288823,
        2.512359015163359,
        17.163363696348995
      ],
      [
        0.09827990294162475,
        0.08109592062917793,
        0.14960706380155508,
        0.1166532730311341,
        0.10056228719610946,
        0.2266690751385465,
        0.09203407325877223,
        0.1713255857855486,
        0.1570675470384527,
        0.08369013488835396,
        0.023567742160871263,
        0.031686084892014674,
        0.048319506839570925,
        0.012121188307555403,
        0.022977873286216796,
        0.9012305489754749
      ]
    ]
  ],
  "probability_threshold": 0,
  "k_qubits": 7,
  "preprocessing_mode": "ideal",
  "projection_mode": "all_components",
  "projection_subset": null,
  "num_solution_qubits": 4,
  "num_projections": 16,
  "projector_basis_states": [
    0,
    1,
    2,
    3,
    4,
    5,
    6,
    7,
    8,
    9,
    10,
    11,
    12,
    13,
    14,
    15
  ],
  "enhanced_projection_results": [
    {
      "problem_index": 0,
      "projection_tasks": [
        {
          "basis_state": 0,
          "task_id": "arn:aws:braket:eu-west-2:380012739362:quantum-task/d838e465-cab7-4223-acc1-c4ba67627cc8",
          "shots": 3000,
          "projector_index": 0
        },
        {
          "basis_state": 1,
          "task_id": "arn:aws:braket:eu-west-2:380012739362:quantum-task/d0aecf56-8b4a-44cc-80e9-2c6a8f343413",
          "shots": 3000,
          "projector_index": 1
        },
        {
          "basis_state": 2,
          "task_id": "arn:aws:braket:eu-west-2:380012739362:quantum-task/8d5b139b-0eb4-4390-9f88-e44a381c8e0a",
          "shots": 3000,
          "projector_index": 2
        },
        {
          "basis_state": 3,
          "task_id": "arn:aws:braket:eu-west-2:380012739362:quantum-task/94f80208-02a4-4618-9cbd-a71df42138f8",
          "shots": 3000,
          "projector_index": 3
        },
        {
          "basis_state": 4,
          "task_id": "arn:aws:braket:eu-west-2:380012739362:quantum-task/eedabce6-2f9d-4e26-89a4-a4e0d55247e0",
          "shots": 3000,
          "projector_index": 4
        },
        {
          "basis_state": 5,
          "task_id": "arn:aws:braket:eu-west-2:380012739362:quantum-task/b58447b4-1a95-42e0-9103-109c8d07f140",
          "shots": 3000,
          "projector_index": 5
        },
        {
          "basis_state": 6,
          "task_id": "arn:aws:braket:eu-west-2:380012739362:quantum-task/d714c4f3-0585-4a92-b1f3-d068fde5724f",
          "shots": 3000,
          "projector_index": 6
        },
        {
          "basis_state": 7,
          "task_id": "arn:aws:braket:eu-west-2:380012739362:quantum-task/2aee4780-18af-4c37-a245-882b1b99ca80",
          "shots": 3000,
          "projector_index": 7
        },
        {
          "basis_state": 8,
          "task_id": "arn:aws:braket:eu-west-2:380012739362:quantum-task/ec435cd8-aa79-48fc-9ecf-fa5673b70c7e",
          "shots": 3000,
          "projector_index": 8
        },
        {
          "basis_state": 9,
          "task_id": "arn:aws:braket:eu-west-2:380012739362:quantum-task/7221f1a4-3610-428e-b6d5-881590eed116",
          "shots": 3000,
          "projector_index": 9
        },
        {
          "basis_state": 10,
          "task_id": "arn:aws:braket:eu-west-2:380012739362:quantum-task/7a8572b8-6b77-43ed-961f-0e58ad04ea02",
          "shots": 3000,
          "projector_index": 10
        },
        {
          "basis_state": 11,
          "task_id": "arn:aws:braket:eu-west-2:380012739362:quantum-task/0b3905c0-29a9-4661-bec6-1ec1eb0f0c40",
          "shots": 3000,
          "projector_index": 11
        },
        {
          "basis_state": 12,
          "task_id": "arn:aws:braket:eu-west-2:380012739362:quantum-task/06d50070-705c-4536-9d02-45f98916e1bf",
          "shots": 3000,
          "projector_index": 12
        },
        {
          "basis_state": 13,
          "task_id": "arn:aws:braket:eu-west-2:380012739362:quantum-task/ea3c5806-7431-4eea-b580-503f7c739f1f",
          "shots": 3000,
          "projector_index": 13
        },
        {
          "basis_state": 14,
          "task_id": "arn:aws:braket:eu-west-2:380012739362:quantum-task/4bc2badb-07ea-4a08-a56d-0c5204c0b9c1",
          "shots": 3000,
          "projector_index": 14
        },
        {
          "basis_state": 15,
          "task_id": "arn:aws:braket:eu-west-2:380012739362:quantum-task/b8f684a7-a658-449a-9539-d22a7c0fef1e",
          "shots": 3000,
          "projector_index": 15
        }
      ],
      "depth": 13338,
      "num_projections": 16,
      "ideal_solution": [
        {
          "real": 0.08408084275082842,
          "imag": 0.0
        },
        {
          "real": 0.09176337603747674,
          "imag": 0.0
        },
        {
          "real": -0.13331665170680732,
          "imag": 0.0
        },
        {
          "real": 0.3692241293756157,
          "imag": 0.0
        },
        {
          "real": 0.021351552378964824,
          "imag": 0.0
        },
        {
          "real": -0.0198510005680165,
          "imag": 0.0
        },
        {
          "real": 0.030490802075245748,
          "imag": 0.0
        },
        {
          "real": 0.03468408982292781,
          "imag": 0.0
        },
        {
          "real": -0.21673524155437943,
          "imag": 0.0
        },
        {
          "real": 0.14300113806376313,
          "imag": 0.0
        },
        {
          "real": -0.4005715797127593,
          "imag": 0.0
        },
        {
          "real": 0.21941232279964146,
          "imag": 0.0
        },
        {
          "real": 0.4908352732117331,
          "imag": 0.0
        },
        {
          "real": -0.46670807611192056,
          "imag": 0.0
        },
        {
          "real": 0.14785970353156927,
          "imag": 0.0
        },
        {
          "real": -0.26609480885577796,
          "imag": 0.0
        }
      ]
    }
  ]
}