{
  "problem_list": [
    {
      "A_matrix": [
        [
          1.1332686630672741,
          0.8660517074494936,
          0.2423082828563221,
          1.1870897476382405,
          0.898443886955076,
          1.3067049854274102,
          0.49976970232253204,
          1.8272628374202664
        ],
        [
          0.8660517074494936,
          0.5892837834658902,
          0.8344969364162315,
          0.6517328037899993,
          0.9159615794927322,
          1.4149049450790656,
          0.9661761211453572,
          1.1365785085688773
        ],
        [
          0.2423082828563221,
          0.8344969364162315,
          0.2190669652199133,
          0.9565489769844129,
          0.7227907260763013,
          1.7934884129520514,
          1.2044501933737426,
          1.0515696086225903
        ],
        [
          1.1870897476382405,
          0.6517328037899993,
          0.9565489769844129,
          0.4860590539665368,
          0.277064830564017,
          0.19001391144751478,
          1.3597292471499807,
          0.2793258721572117
        ],
        [
          0.898443886955076,
          0.9159615794927322,
          0.7227907260763013,
          0.277064830564017,
          0.8579720954175762,
          1.757114112335686,
          1.2698826882553185,
          1.5209880840591241
        ],
        [
          1.3067049854274102,
          1.4149049450790656,
          1.7934884129520514,
          0.19001391144751478,
          1.757114112335686,
          1.4510517555820948,
          0.901914287544542,
          0.8552032240006089
        ],
        [
          0.49976970232253204,
          0.9661761211453572,
          1.2044501933737426,
          1.3597292471499807,
          1.2698826882553185,
          0.901914287544542,
          1.009042924819576,
          1.2983363703325463
        ],
        [
          1.8272628374202664,
          1.1365785085688773,
          1.0515696086225903,
          0.2793258721572117,
          1.5209880840591241,
          0.8552032240006089,
          1.2983363703325463,
          0.9206567751879584
        ]
      ],
      "b_vector": [
        0.22845501179540442,
        0.4848860394890716,
        0.35288203123830686,
        0.031071945928129775,
        0.07486553161052764,
        0.30553740218111325,
        0.5053625146126274,
        0.48254887769947413
      ]
    }
  ],
  "shots": 3000,
  "backend": "sv1",
  "device_arn": "SV1",
  "aws_region": "eu-west-2",
  "ideal_preprocessing_list": [
    [
      [
        -2.1603960090779255,
        -1.1771278119939537,
        -0.5135726291748572,
        -0.29386994189077564,
        0.3594228725491484,
        1.1127343858065037,
        1.2601938955590188,
        8.079017254949663
      ],
      [
        0.03642185406705484,
        0.19764298157147644,
        0.1945957684547519,
        0.3252136854131389,
        0.09504093418245434,
        0.08903557553498155,
        0.0464594681847009,
        0.8926705165044042
      ]
    ]
  ],
  "probability_threshold": 0,
  "k_qubits": 7,
  "preprocessing_mode": "ideal",
  "projection_mode": "all_components",
  "projection_subset": null,
  "num_solution_qubits": 3,
  "num_projections": 8,
  "projector_basis_states": [
    0,
    1,
    2,
    3,
    4,
    5,
    6,
    7
  ],
  "enhanced_projection_results": [
    {
      "problem_index": 0,
      "projection_tasks": [
        {
          "basis_state": 0,
          "task_id": "arn:aws:braket:eu-west-2:380012739362:quantum-task/561e7294-b35d-446a-a3b5-697389774f74",
          "shots": 3000,
          "projector_index": 0
        },
        {
          "basis_state": 1,
          "task_id": "arn:aws:braket:eu-west-2:380012739362:quantum-task/43a657c7-3152-4c03-8d40-a535aefe79db",
          "shots": 3000,
          "projector_index": 1
        },
        {
          "basis_state": 2,
          "task_id": "arn:aws:braket:eu-west-2:380012739362:quantum-task/85bb4c4e-e486-4394-bb1a-a257a4020f8b",
          "shots": 3000,
          "projector_index": 2
        },
        {
          "basis_state": 3,
          "task_id": "arn:aws:braket:eu-west-2:380012739362:quantum-task/166e8260-1a56-4fcf-8e5c-ae01a496baa5",
          "shots": 3000,
          "projector_index": 3
        },
        {
          "basis_state": 4,
          "task_id": "arn:aws:braket:eu-west-2:380012739362:quantum-task/d38377e6-bfbc-4198-bda9-0aadcb90424b",
          "shots": 3000,
          "projector_index": 4
        },
        {
          "basis_state": 5,
          "task_id": "arn:aws:braket:eu-west-2:380012739362:quantum-task/86f57298-41a5-4ea0-a79d-828a080590e0",
          "shots": 3000,
          "projector_index": 5
        },
        {
          "basis_state": 6,
          "task_id": "arn:aws:braket:eu-west-2:380012739362:quantum-task/c66217d7-9e0c-4ff2-9b9a-0e70eff804a8",
          "shots": 3000,
          "projector_index": 6
        },
        {
          "basis_state": 7,
          "task_id": "arn:aws:braket:eu-west-2:380012739362:quantum-task/b8284a63-27e4-41dd-ab1f-ab63e5f4fb7d",
          "shots": 3000,
          "projector_index": 7
        }
      ],
      "depth": 4699,
      "num_projections": 8,
      "ideal_solution": [
        {
          "real": 0.06619840144364288,
          "imag": 0.0
        },
        {
          "real": -0.674726358078635,
          "imag": 0.0
        },
        {
          "real": -0.08408805629733228,
          "imag": 0.0
        },
        {
          "real": 0.2550450176535955,
          "imag": 0.0
        },
        {
          "real": 0.6300456033538299,
          "imag": 0.0
        },
        {
          "real": 0.10095686712959218,
          "imag": 0.0
        },
        {
          "real": 0.15017634614066358,
          "imag": 0.0
        },
        {
          "real": -0.19631776499386855,
          "imag": 0.0
        }
      ]
    }
  ]
}