{
  "problem_list": [
    {
      "A_matrix": [
        [
          0.12202573169583952,
          0.9936074807566473,
          1.1218286906165778,
          0.9247746881860466,
          0.7171755924539881,
          1.0017321379161257,
          1.2809288892610293,
          1.5302342749432971
        ],
        [
          0.9936074807566473,
          1.0616149700405193,
          0.9232196203345583,
          0.8678396850622874,
          1.3639035768035117,
          0.5840191814329432,
          0.13138244276828148,
          0.8266386288692649
        ],
        [
          1.1218286906165778,
          0.9232196203345583,
          1.1735537814093742,
          0.9823688789599717,
          0.8427048758395242,
          1.536406524776916,
          1.539928727774602,
          0.18637509733110724
        ],
        [
          0.9247746881860466,
          0.8678396850622874,
          0.9823688789599717,
          0.6635231521739937,
          0.8983724495760106,
          1.3724118703354358,
          1.114312210679374,
          0.3291915903218353
        ],
        [
          0.7171755924539881,
          1.3639035768035117,
          0.8427048758395242,
          0.8983724495760106,
          0.9968822073789929,
          0.8038884091578232,
          1.1365788436431716,
          1.0464722092708254
        ],
        [
          1.0017321379161257,
          0.5840191814329432,
          1.536406524776916,
          1.3724118703354358,
          0.8038884091578232,
          0.4823081984047384,
          1.3154804764210883,
          1.2864257162895218
        ],
        [
          1.2809288892610293,
          0.13138244276828148,
          1.539928727774602,
          1.114312210679374,
          1.1365788436431716,
          1.3154804764210883,
          0.38305830953053577,
          1.0584076058594882
        ],
        [
          1.5302342749432971,
          0.8266386288692649,
          0.18637509733110724,
          0.3291915903218353,
          1.0464722092708254,
          1.2864257162895218,
          1.0584076058594882,
          0.7596709309934033
        ]
      ],
      "b_vector": [
        0.35846728873234324,
        0.2566021269939935,
        0.38845738146337966,
        0.3672457739523585,
        0.44367306744930857,
        0.3628318820539234,
        0.4332278667384998,
        0.060899964682475716
      ]
    }
  ],
  "shots": 3000,
  "backend": "sv1",
  "device_arn": "SV1",
  "aws_region": "eu-west-2",
  "ideal_preprocessing_list": [
    [
      [
        -1.7344822481598305,
        -1.5144818190403224,
        -0.7617965585681648,
        -0.10508750240589462,
        -0.03042195038871274,
        0.8468150295343254,
        1.2634549158909787,
        7.678637414765017
      ],
      [
        0.13816860125065597,
        0.01634979117231683,
        0.08428103734664283,
        0.030701496646134974,
        0.14045828673703142,
        0.1556268470507665,
        0.10715383586712401,
        0.9576878700429569
      ]
    ]
  ],
  "probability_threshold": 0,
  "k_qubits": 7,
  "preprocessing_mode": "ideal",
  "projection_mode": "all_components",
  "projection_subset": null,
  "num_solution_qubits": 3,
  "num_projections": 8,
  "projector_basis_states": [
    0,
    1,
    2,
    3,
    4,
    5,
    6,
    7
  ],
  "enhanced_projection_results": [
    {
      "problem_index": 0,
      "projection_tasks": [
        {
          "basis_state": 0,
          "task_id": "arn:aws:braket:eu-west-2:380012739362:quantum-task/ff211472-e9fd-4d08-ba7d-c2df3cbaaeb7",
          "shots": 3000,
          "projector_index": 0
        },
        {
          "basis_state": 1,
          "task_id": "arn:aws:braket:eu-west-2:380012739362:quantum-task/bbceac4f-53fa-4f3e-8415-c3a5d26ba685",
          "shots": 3000,
          "projector_index": 1
        },
        {
          "basis_state": 2,
          "task_id": "arn:aws:braket:eu-west-2:380012739362:quantum-task/e50ef296-9c7d-4c6d-87d0-5aa8306eb6ea",
          "shots": 3000,
          "projector_index": 2
        },
        {
          "basis_state": 3,
          "task_id": "arn:aws:braket:eu-west-2:380012739362:quantum-task/aef072bf-c0f8-4718-aee9-1d0365bfd6dc",
          "shots": 3000,
          "projector_index": 3
        },
        {
          "basis_state": 4,
          "task_id": "arn:aws:braket:eu-west-2:380012739362:quantum-task/e233b6b9-e327-4f42-b6d1-f92c32b53cda",
          "shots": 3000,
          "projector_index": 4
        },
        {
          "basis_state": 5,
          "task_id": "arn:aws:braket:eu-west-2:380012739362:quantum-task/e72745f3-1514-4ec0-98ba-37d22fd742bf",
          "shots": 3000,
          "projector_index": 5
        },
        {
          "basis_state": 6,
          "task_id": "arn:aws:braket:eu-west-2:380012739362:quantum-task/b28e9dc4-8d48-43c1-b4b0-4a599f8e835c",
          "shots": 3000,
          "projector_index": 6
        },
        {
          "basis_state": 7,
          "task_id": "arn:aws:braket:eu-west-2:380012739362:quantum-task/84b18868-5e61-4602-b7f1-6f2086866d2c",
          "shots": 3000,
          "projector_index": 7
        }
      ],
      "depth": 4386,
      "num_projections": 8,
      "ideal_solution": [
        {
          "real": 0.3095538263385279,
          "imag": 0.0
        },
        {
          "real": 0.4191097991469027,
          "imag": 0.0
        },
        {
          "real": 0.3273222029807569,
          "imag": 0.0
        },
        {
          "real": -0.1965585306654894,
          "imag": 0.0
        },
        {
          "real": -0.6968115224714851,
          "imag": 0.0
        },
        {
          "real": 0.09018727091374451,
          "imag": 0.0
        },
        {
          "real": -0.27035536989687325,
          "imag": 0.0
        },
        {
          "real": 0.12639721753541155,
          "imag": 0.0
        }
      ]
    }
  ]
}