{
  "problem_list": [
    {
      "A_matrix": [
        [
          0.6388810539926808,
          0.5977760109348491,
          1.2472450203691396,
          0.7500038489607055,
          1.3831670680791586,
          1.004215048417893,
          0.7324656934160634,
          0.6827452558430125,
          1.1706427025996962,
          0.8507294914251157,
          1.6228441553917248,
          1.807835853203235,
          1.2108108416812517,
          1.3207842938023877,
          0.93299922233459,
          0.6377813851624687
        ],
        [
          0.5977760109348491,
          0.8096977412005963,
          1.012130901641764,
          1.1778940993536273,
          0.3653988544217426,
          1.588896033300704,
          1.5462601066787565,
          1.0703072047905162,
          1.6766506245533368,
          1.762253213257166,
          1.1743669816355689,
          0.21732205575765617,
          0.8933726339513277,
          0.9522104161744906,
          0.512281788297928,
          0.7679381691966889
        ],
        [
          1.2472450203691396,
          1.012130901641764,
          1.7702248738169306,
          0.6779110520731592,
          0.3632698564934035,
          0.6655380448694705,
          0.09504610278548953,
          0.9357896112410338,
          1.3392689332625738,
          1.0163032831162453,
          0.812928214943294,
          0.947346189261914,
          0.012384542926150988,
          1.17717005407255,
          0.7388449704429915,
          0.24710756146683266
        ],
        [
          0.7500038489607055,
          1.1778940993536273,
          0.6779110520731592,
          0.16740127175509834,
          1.3682592690139923,
          1.3633959322382054,
          0.3485659869176492,
          0.7626874591121854,
          0.16010442459250163,
          0.5837532270926415,
          1.2603846796731386,
          1.0070563323031385,
          0.8757348404146849,
          1.7782291253195388,
          1.8211885025015493,
          1.3868888855912376
        ],
        [
          1.3831670680791586,
          0.3653988544217426,
          0.3632698564934035,
          1.3682592690139923,
          1.113593155376993,
          1.62812701347202,
          1.0754522768534347,
          0.9810335152130182,
          1.1627725671467213,
          1.0222955083128258,
          0.46340475854705987,
          0.9581481955630031,
          1.25919528897757,
          0.5168040503483793,
          1.2257732323408594,
          0.9014122269366326
        ],
        [
          1.004215048417893,
          1.588896033300704,
          0.6655380448694705,
          1.3633959322382054,
          1.62812701347202,
          0.047679601348695755,
          1.3962106584919391,
          1.4654791445619586,
          0.6068168333669345,
          1.1869755051373168,
          1.020555689503748,
          1.1058919324520824,
          0.09212630992640858,
          0.7579407682968909,
          1.2937478402397775,
          1.1035151440185396
        ],
        [
          0.7324656934160634,
          1.5462601066787565,
          0.09504610278548953,
          0.3485659869176492,
          1.0754522768534347,
          1.3962106584919391,
          1.5547848058034541,
          0.6587062083769828,
          1.170076989178025,
          0.9065887338390901,
          0.1669806598580449,
          0.3199585992789713,
          0.8058519836444783,
          1.3850752021672825,
          0.8393352886224899,
          0.7691605311941148
        ],
        [
          0.6827452558430125,
          1.0703072047905162,
          0.9357896112410338,
          0.7626874591121854,
          0.9810335152130182,
          1.4654791445619586,
          0.6587062083769828,
          1.6171207497857165,
          1.3034310816655936,
          0.47568903995920586,
          1.4582545678546173,
          0.8264373941781563,
          1.2698992228437143,
          0.6611308182851489,
          1.2486529246959996,
          1.0350934889177585
        ],
        [
          1.1706427025996962,
          1.6766506245533368,
          1.3392689332625738,
          0.16010442459250163,
          1.1627725671467213,
          0.6068168333669345,
          1.170076989178025,
          1.3034310816655936,
          1.6615870009550786,
          1.2383133974409428,
          1.3343831734659175,
          1.1755662042821773,
          0.7264574778570959,
          1.1033603302254482,
          1.0525124178634877,
          1.5272583832110556
        ],
        [
          0.8507294914251157,
          1.762253213257166,
          1.0163032831162453,
          0.5837532270926415,
          1.0222955083128258,
          1.1869755051373168,
          0.9065887338390901,
          0.47568903995920586,
          1.2383133974409428,
          1.6962732270193581,
          1.0347145859687803,
          1.0212021218227292,
          1.5989318006853082,
          1.4041964864862182,
          1.6140541301958984,
          1.8580385511476547
        ],
        [
          1.6228441553917248,
          1.1743669816355689,
          0.812928214943294,
          1.2603846796731386,
          0.46340475854705987,
          1.020555689503748,
          0.1669806598580449,
          1.4582545678546173,
          1.3343831734659175,
          1.0347145859687803,
          1.3523615033532725,
          0.7288981972862919,
          0.5641344731788575,
          0.900866257972045,
          0.9453222493144582,
          0.33729647912074057
        ],
        [
          1.807835853203235,
          0.21732205575765617,
          0.947346189261914,
          1.0070563323031385,
          0.9581481955630031,
          1.1058919324520824,
          0.3199585992789713,
          0.8264373941781563,
          1.1755662042821773,
          1.0212021218227292,
          0.7288981972862919,
          1.586945755021664,
          0.6162362686238604,
          0.5481568246097234,
          1.1050818971491574,
          1.0994893440135927
        ],
        [
          1.2108108416812517,
          0.8933726339513277,
          0.012384542926150988,
          0.8757348404146849,
          1.25919528897757,
          0.09212630992640858,
          0.8058519836444783,
          1.2698992228437143,
          0.7264574778570959,
          1.5989318006853082,
          0.5641344731788575,
          0.6162362686238604,
          1.9656859677356722,
          0.8899547856449329,
          0.19240569460518553,
          0.8870623617347992
        ],
        [
          1.3207842938023877,
          0.9522104161744906,
          1.17717005407255,
          1.7782291253195388,
          0.5168040503483793,
          0.7579407682968909,
          1.3850752021672825,
          0.6611308182851489,
          1.1033603302254482,
          1.4041964864862182,
          0.900866257972045,
          0.5481568246097234,
          0.8899547856449329,
          1.9723536303981994,
          0.7626534851424417,
          1.3541854267907913
        ],
        [
          0.93299922233459,
          0.512281788297928,
          0.7388449704429915,
          1.8211885025015493,
          1.2257732323408594,
          1.2937478402397775,
          0.8393352886224899,
          1.2486529246959996,
          1.0525124178634877,
          1.6140541301958984,
          0.9453222493144582,
          1.1050818971491574,
          0.19240569460518553,
          0.7626534851424417,
          1.3409997251579895,
          1.4284133892916215
        ],
        [
          0.6377813851624687,
          0.7679381691966889,
          0.24710756146683266,
          1.3868888855912376,
          0.9014122269366326,
          1.1035151440185396,
          0.7691605311941148,
          1.0350934889177585,
          1.5272583832110556,
          1.8580385511476547,
          0.33729647912074057,
          1.0994893440135927,
          0.8870623617347992,
          1.3541854267907913,
          1.4284133892916215,
          1.055035209593405
        ]
      ],
      "b_vector": [
        0.0900590070191405,
        0.37581017467819083,
        0.08164273041439334,
        0.06017900210918727,
        0.0970115565643483,
        0.4132871249124426,
        0.11902630364105989,
        0.38625303689805446,
        0.19471529351254652,
        0.4283967583226347,
        0.16538371708528762,
        0.22781753588567655,
        0.16538447530359252,
        0.35507863404837897,
        0.047047531458927073,
        0.20113706295303188
      ]
    }
  ],
  "shots": 3000,
  "backend": "sv1",
  "device_arn": "SV1",
  "aws_region": "eu-west-2",
  "ideal_preprocessing_list": [
    [
      [
        -2.825696667324097,
        -2.257061087865246,
        -1.5384794927836107,
        -1.199012411765341,
        -0.7137791664566063,
        -0.30511134202261625,
        0.06738728557189354,
        0.49932995566490146,
        0.6432359826314551,
        1.285302214761803,
        1.4472233120886218,
        1.8328437075572255,
        2.0140293108779344,
        2.400915913201604,
        2.8217464617859784,
        16.177751296390912
      ],
      [
        0.03729639712996721,
        0.083705249693696,
        0.09298055402281086,
        0.17890054266345318,
        0.22289958799839857,
        0.09266270224806272,
        0.27544572026995084,
        0.00809749176811355,
        0.015760764467051918,
        0.12334397500843383,
        0.017412377336441173,
        0.06776456627759807,
        0.025410034664926057,
        0.15195598034041213,
        0.10818493579290346,
        0.8723230308132817
      ]
    ]
  ],
  "probability_threshold": 0,
  "k_qubits": 7,
  "preprocessing_mode": "ideal",
  "projection_mode": "all_components",
  "projection_subset": null,
  "num_solution_qubits": 4,
  "num_projections": 16,
  "projector_basis_states": [
    0,
    1,
    2,
    3,
    4,
    5,
    6,
    7,
    8,
    9,
    10,
    11,
    12,
    13,
    14,
    15
  ],
  "enhanced_projection_results": [
    {
      "problem_index": 0,
      "projection_tasks": [
        {
          "basis_state": 0,
          "task_id": "arn:aws:braket:eu-west-2:380012739362:quantum-task/b83aa771-aa06-4998-aed8-8de8a4d5e56e",
          "status": "DONE",
          "shots": 3000,
          "created_at": "2025-12-21 13:20:05.426000+00:00",
          "ended_at": "2025-12-21 13:20:15.555000+00:00",
          "execution_time_seconds": 10.129,
          "counts": {
            "100100000000": 533,
            "100000000000": 196,
            "110100000000": 382,
            "000100000000": 331,
            "011100000000": 324,
            "010000000001": 34,
            "010100000000": 387,
            "101000000000": 135,
            "010000000000": 131,
            "101100000000": 40,
            "011000000000": 32,
            "101100000001": 46,
            "110000000000": 76,
            "001100000000": 12,
            "011110100000": 1,
            "001000000000": 28,
            "101111000000": 7,
            "000000000000": 42,
            "111100000000": 96,
            "111000000001": 8,
            "100000000001": 35,
            "111001100001": 1,
            "010111000001": 1,
            "011100000001": 9,
            "010011000000": 3,
            "101101100001": 1,
            "011011000000": 2,
            "000100000001": 10,
            "111100100000": 1,
            "101111000001": 7,
            "101110100001": 1,
            "010011000001": 5,
            "100011000001": 6,
            "010100000001": 3,
            "101101100000": 1,
            "010010100001": 2,
            "000110010001": 1,
            "101010011000": 1,
            "101011000001": 2,
            "111000000000": 29,
            "111100000001": 1,
            "100011000000": 4,
            "101000000001": 2,
            "000010011000": 1,
            "011111000000": 2,
            "100110011101": 1,
            "011101111101": 1,
            "011000000001": 2,
            "000110100001": 1,
            "101110000000": 1,
            "010001000000": 1,
            "010010001000": 1,
            "111011000001": 3,
            "010001100001": 2,
            "010110100001": 1,
            "010110010000": 1,
            "011111000001": 1,
            "110001100001": 1,
            "101110001000": 1,
            "101010100000": 1,
            "111011000000": 2,
            "111110010100": 1,
            "000111000000": 1,
            "000110100000": 1,
            "101011000000": 1,
            "101110100000": 1,
            "011101100001": 1,
            "010110100000": 1
          },
          "component_probability": 0.0,
          "success_rate": 0.063
        },
        {
          "basis_state": 1,
          "task_id": "arn:aws:braket:eu-west-2:380012739362:quantum-task/01aea35b-b442-40ee-9f50-4d567c299b02",
          "status": "DONE",
          "shots": 3000,
          "created_at": "2025-12-21 13:20:12.256000+00:00",
          "ended_at": "2025-12-21 13:20:20.447000+00:00",
          "execution_time_seconds": 8.191,
          "counts": {
            "100100000000": 556,
            "010100000000": 377,
            "101100000001": 48,
            "100000000001": 30,
            "000100000001": 11,
            "000100000000": 285,
            "011100000000": 350,
            "100000000000": 231,
            "111100000000": 104,
            "110100000000": 417,
            "101111000001": 5,
            "110000000000": 76,
            "010011000000": 7,
            "000101100001": 1,
            "001000000000": 35,
            "101000000000": 108,
            "010000000000": 115,
            "111000000000": 25,
            "010100000001": 9,
            "010010100001": 3,
            "101100000000": 33,
            "001100000000": 10,
            "011100000001": 13,
            "010010000001": 1,
            "011000000000": 29,
            "111000000001": 8,
            "010000000001": 29,
            "100010010001": 1,
            "111100000001": 2,
            "101111000000": 10,
            "111111000001": 1,
            "111111000000": 1,
            "100011000000": 2,
            "011111000001": 2,
            "010110010000": 1,
            "101110100001": 4,
            "100010000001": 2,
            "000000000000": 25,
            "110000000001": 2,
            "100011000001": 1,
            "101010100000": 1,
            "111110011001": 1,
            "010110100000": 1,
            "111001010001": 1,
            "100000100000": 1,
            "011000000001": 1,
            "100010100001": 1,
            "010011000001": 4,
            "000111000000": 2,
            "010010001000": 1,
            "101011000000": 1,
            "000010100000": 1,
            "101000000001": 3,
            "010110000000": 1,
            "011101110000": 1,
            "010010100000": 1,
            "101110010100": 1,
            "101001000000": 1,
            "000101110111": 1,
            "011111000000": 1,
            "010111000001": 1,
            "100100100001": 1,
            "111011000001": 1,
            "101101010001": 1
          },
          "component_probability": 0.06878306878306878,
          "success_rate": 0.063
        },
        {
          "basis_state": 2,
          "task_id": "arn:aws:braket:eu-west-2:380012739362:quantum-task/26953c56-1cfe-4bff-9905-ae5e66f6df1b",
          "status": "DONE",
          "shots": 3000,
          "created_at": "2025-12-21 13:20:18.473000+00:00",
          "ended_at": "2025-12-21 13:20:28.145000+00:00",
          "execution_time_seconds": 9.672,
          "counts": {
            "110000000000": 72,
            "000100000000": 337,
            "011100000000": 319,
            "100000000000": 225,
            "010000000000": 120,
            "010100000000": 391,
            "111100000000": 96,
            "111000000000": 24,
            "110100000000": 384,
            "100100000000": 576,
            "001000000000": 26,
            "000000000000": 41,
            "101100000001": 45,
            "101000000000": 111,
            "010010100000": 5,
            "010000000001": 49,
            "011100000001": 10,
            "101111000000": 3,
            "011000000000": 27,
            "000110100001": 1,
            "000100000001": 7,
            "010011000001": 5,
            "101100000000": 37,
            "100000000001": 16,
            "000110100000": 1,
            "101110100001": 3,
            "100011000001": 3,
            "000111000000": 4,
            "010100000001": 8,
            "101011000001": 1,
            "001100000000": 11,
            "010111000001": 2,
            "111000000001": 7,
            "101000000001": 2,
            "101111000001": 8,
            "011000000001": 2,
            "010011000000": 3,
            "010111000000": 1,
            "100001000000": 1,
            "101101100001": 1,
            "111100000001": 2,
            "011111000001": 1,
            "011101000000": 1,
            "111011000000": 2,
            "101110100000": 1,
            "111101010001": 1,
            "011101100001": 1,
            "100011000000": 2,
            "100010010001": 1,
            "101101100000": 1,
            "111011000001": 1,
            "000011000001": 1
          },
          "component_probability": 0.0,
          "success_rate": 0.059333333333333335
        },
        {
          "basis_state": 3,
          "task_id": "arn:aws:braket:eu-west-2:380012739362:quantum-task/e3513d4e-6c53-4c33-b469-93a6f7af28fa",
          "status": "DONE",
          "shots": 3000,
          "created_at": "2025-12-21 13:20:24.703000+00:00",
          "ended_at": "2025-12-21 13:20:34.143000+00:00",
          "execution_time_seconds": 9.44,
          "counts": {
            "000100000000": 318,
            "010100000000": 422,
            "010011000001": 7,
            "000000000000": 25,
            "100100000000": 504,
            "101000000000": 110,
            "110000000000": 87,
            "101100000000": 41,
            "100000000000": 234,
            "010000000000": 138,
            "111100000000": 87,
            "110100000000": 381,
            "011100000000": 313,
            "110010111000": 1,
            "000010100000": 1,
            "111000000001": 7,
            "111000000000": 53,
            "000111000001": 3,
            "100000000001": 22,
            "000100000001": 6,
            "010010010001": 1,
            "010000000001": 47,
            "101100000001": 40,
            "101111000000": 13,
            "011000000000": 22,
            "011100000001": 11,
            "000000000001": 3,
            "001100000000": 17,
            "001001101101": 1,
            "001000000000": 20,
            "101111000001": 10,
            "010100000001": 4,
            "010010000000": 1,
            "100010010000": 1,
            "101101100000": 1,
            "111001010001": 1,
            "010010000001": 1,
            "101110111001": 1,
            "100011110000": 1,
            "011111000001": 3,
            "100011000000": 2,
            "010011000000": 5,
            "101101100001": 2,
            "100011000001": 2,
            "101000000001": 3,
            "101110100001": 1,
            "111010100000": 2,
            "010111000001": 2,
            "011110100000": 2,
            "011000000001": 5,
            "110001101000": 1,
            "000111000000": 4,
            "100010100001": 3,
            "010010100001": 2,
            "110000000001": 1,
            "101110100000": 1,
            "101010000000": 1,
            "011010100000": 1,
            "011111000000": 1
          },
          "component_probability": 0.0,
          "success_rate": 0.063
        },
        {
          "basis_state": 4,
          "task_id": "arn:aws:braket:eu-west-2:380012739362:quantum-task/3628e853-2dd1-4a62-adf0-4fb9f274d1e0",
          "status": "DONE",
          "shots": 3000,
          "created_at": "2025-12-21 13:20:31.061000+00:00",
          "ended_at": "2025-12-21 13:20:40.612000+00:00",
          "execution_time_seconds": 9.551,
          "counts": {
            "100100000000": 590,
            "011100000000": 307,
            "111000000001": 12,
            "100011000001": 7,
            "110100000000": 335,
            "110000000000": 74,
            "100000000000": 261,
            "010100000000": 403,
            "000100000000": 322,
            "010011000000": 6,
            "001000000000": 25,
            "101110100000": 1,
            "101000000000": 110,
            "001100000000": 8,
            "111100000000": 94,
            "010000000000": 110,
            "101100000001": 58,
            "010000000001": 34,
            "100010010000": 2,
            "101111000001": 9,
            "100000000001": 26,
            "000000000000": 38,
            "011100000001": 11,
            "101100000000": 31,
            "011000000000": 17,
            "111000000000": 29,
            "010011000001": 10,
            "000100000001": 4,
            "101110000000": 1,
            "011111000001": 2,
            "111010010000": 1,
            "111011000000": 3,
            "111100000001": 2,
            "101111000000": 6,
            "100001100000": 1,
            "101110100001": 4,
            "000011000000": 1,
            "010100000001": 5,
            "011110100001": 1,
            "111001010000": 1,
            "010001000000": 1,
            "000111000000": 1,
            "100010000001": 1,
            "011000000001": 4,
            "011100100001": 1,
            "000100100100": 1,
            "101000000001": 2,
            "100010000000": 1,
            "011011000000": 2,
            "010111000001": 1,
            "110100100000": 1,
            "011011000001": 1,
            "000000000001": 2,
            "100011000000": 2,
            "011010010001": 1,
            "001011000001": 1,
            "010001100001": 1,
            "011111000000": 2,
            "100010001000": 1,
            "101100100000": 1,
            "101011000001": 2,
            "111010010001": 1,
            "000111010000": 1,
            "010001100000": 1,
            "011101100000": 1,
            "110000000001": 1,
            "100010010001": 1,
            "010110100000": 1,
            "010010100001": 1
          },
          "component_probability": 0.22330097087378642,
          "success_rate": 0.06866666666666667
        },
        {
          "basis_state": 5,
          "task_id": "arn:aws:braket:eu-west-2:380012739362:quantum-task/b4654df2-e8a9-40ae-a4a3-946789dcc598",
          "status": "DONE",
          "shots": 3000,
          "created_at": "2025-12-21 13:20:38.305000+00:00",
          "ended_at": "2025-12-21 13:20:45.948000+00:00",
          "execution_time_seconds": 7.643,
          "counts": {
            "010100000001": 6,
            "100000000000": 230,
            "000100000000": 288,
            "100100000000": 562,
            "010100000000": 406,
            "111000000001": 12,
            "101000000000": 114,
            "010000000001": 43,
            "110100000000": 395,
            "011100000000": 340,
            "010000000000": 117,
            "100000000001": 16,
            "000000000000": 34,
            "111100000000": 106,
            "111000000000": 30,
            "001000000000": 26,
            "110000000000": 77,
            "100011000000": 4,
            "101100000000": 39,
            "101100000001": 43,
            "011000000000": 16,
            "000111000000": 2,
            "001100000000": 16,
            "100011000001": 3,
            "011111000000": 2,
            "100010100001": 1,
            "000100000001": 7,
            "101110100001": 3,
            "101000000001": 3,
            "011100000001": 6,
            "101111000000": 4,
            "101110100000": 2,
            "010011000001": 6,
            "111100000001": 1,
            "010010100001": 1,
            "111110000001": 1,
            "011000000001": 3,
            "010011000000": 5,
            "101111000001": 7,
            "010100110001": 1,
            "010000110001": 1,
            "010001010001": 1,
            "101110000000": 1,
            "010000011000": 1,
            "111010100001": 1,
            "011110100001": 1,
            "111010000001": 1,
            "011110010000": 1,
            "100010000101": 1,
            "000011000001": 1,
            "011111000001": 1,
            "101010100001": 1,
            "000011110000": 1,
            "000000000001": 1,
            "000101001000": 1,
            "010001000000": 1,
            "111011000001": 1,
            "101011000001": 1,
            "010111000000": 1,
            "000110110100": 1,
            "100010100000": 1,
            "101010000001": 1
          },
          "component_probability": 0.03977272727272727,
          "success_rate": 0.058666666666666666
        },
        {
          "basis_state": 6,
          "task_id": "arn:aws:braket:eu-west-2:380012739362:quantum-task/ca89e015-7684-4f1d-9991-00198f462bc6",
          "status": "DONE",
          "shots": 3000,
          "created_at": "2025-12-21 13:20:43.972000+00:00",
          "ended_at": "2025-12-21 13:20:53.069000+00:00",
          "execution_time_seconds": 9.097,
          "counts": {
            "100000000001": 19,
            "011000000000": 27,
            "110100000000": 383,
            "011100000000": 326,
            "000100000000": 350,
            "100000000000": 217,
            "100100000000": 536,
            "111000000001": 8,
            "101100000001": 48,
            "010100000000": 375,
            "100010010000": 1,
            "101000000000": 127,
            "010000000001": 38,
            "000000000000": 36,
            "101100000000": 30,
            "111100000000": 100,
            "110000000000": 92,
            "100011000000": 1,
            "010000000000": 113,
            "001000000000": 24,
            "011100000001": 11,
            "101011000000": 1,
            "111000000000": 36,
            "101110000000": 1,
            "001100000000": 12,
            "000100000001": 10,
            "010011000000": 7,
            "011111000001": 1,
            "101111000000": 7,
            "010011000001": 8,
            "011111000000": 1,
            "101111000001": 9,
            "111111100100": 1,
            "111011000000": 2,
            "110000000001": 2,
            "010100000001": 3,
            "011000000001": 5,
            "111011000001": 1,
            "101000000001": 2,
            "001100110000": 1,
            "011010000001": 1,
            "101110100001": 1,
            "101010100001": 1,
            "100011000001": 1,
            "100010100001": 1,
            "010010100001": 2,
            "010010010000": 1,
            "101100110001": 1,
            "101010000001": 1,
            "100010000001": 1,
            "010010010001": 2,
            "010101000000": 2,
            "010010100000": 1,
            "101110010001": 1,
            "101110000001": 1,
            "010001010000": 1,
            "101110100000": 1,
            "101010000000": 1,
            "000110100001": 1,
            "111010100001": 2,
            "100001100000": 1,
            "011110010001": 1,
            "111110011000": 1,
            "101101000000": 1
          },
          "component_probability": 0.03278688524590164,
          "success_rate": 0.061
        },
        {
          "basis_state": 7,
          "task_id": "arn:aws:braket:eu-west-2:380012739362:quantum-task/ecbd9040-5c17-4258-82a5-6f18a93ca8fe",
          "status": "DONE",
          "shots": 3000,
          "created_at": "2025-12-21 13:20:49.599000+00:00",
          "ended_at": "2025-12-21 13:20:56.698000+00:00",
          "execution_time_seconds": 7.099,
          "counts": {
            "011100000000": 337,
            "100000000000": 219,
            "010100000000": 437,
            "010000000000": 120,
            "110100000000": 355,
            "100100000000": 528,
            "011100000001": 12,
            "001000000000": 24,
            "100000000001": 30,
            "110000000000": 87,
            "000100000000": 326,
            "101111000001": 9,
            "101000000000": 104,
            "111001100000": 1,
            "000000000000": 31,
            "011111000000": 4,
            "011000000000": 23,
            "101100000001": 46,
            "010000000001": 38,
            "111000000000": 28,
            "111100000000": 84,
            "101100000000": 36,
            "101110100001": 1,
            "000111000000": 2,
            "001100000000": 14,
            "010011000000": 11,
            "000111000001": 1,
            "111000000001": 4,
            "101110100000": 2,
            "111111000001": 1,
            "010100000001": 7,
            "101111000000": 5,
            "101000000001": 6,
            "011111000001": 2,
            "101110000001": 2,
            "000010001001": 1,
            "111011000001": 3,
            "100011000001": 5,
            "100011000000": 2,
            "100010100001": 2,
            "000100000001": 14,
            "100010000001": 1,
            "101101000000": 1,
            "010111000001": 2,
            "010001000000": 1,
            "001000000001": 1,
            "000100110001": 1,
            "001100110001": 1,
            "010011000001": 6,
            "101011000001": 2,
            "111010100001": 1,
            "010010100000": 2,
            "011000000001": 3,
            "000110100000": 1,
            "010010010000": 1,
            "011101100001": 1,
            "000000000001": 1,
            "101101100000": 1,
            "011010010001": 1,
            "010010000000": 1,
            "111010000001": 1,
            "111011000000": 2,
            "010010010001": 1,
            "100001000000": 1,
            "010010100001": 1,
            "000110110001": 1
          },
          "component_probability": 0.07177033492822966,
          "success_rate": 0.06966666666666667
        },
        {
          "basis_state": 8,
          "task_id": "arn:aws:braket:eu-west-2:380012739362:quantum-task/3255ab2b-7300-4b2e-87cb-dbe73799d16e",
          "status": "DONE",
          "shots": 3000,
          "created_at": "2025-12-21 13:20:55.439000+00:00",
          "ended_at": "2025-12-21 13:21:04.608000+00:00",
          "execution_time_seconds": 9.169,
          "counts": {
            "010100000000": 378,
            "100000000001": 12,
            "010000000000": 115,
            "111100000000": 97,
            "100100000000": 542,
            "110100000000": 411,
            "000100000000": 327,
            "111000000000": 39,
            "011111000000": 4,
            "011100000000": 327,
            "110000000000": 81,
            "000000000000": 34,
            "101100000000": 34,
            "100000000000": 232,
            "101100000001": 44,
            "100010100000": 1,
            "010110110001": 1,
            "111000000001": 9,
            "101000000000": 109,
            "010011000001": 10,
            "101111000000": 4,
            "010000000001": 50,
            "100011000001": 5,
            "000110100000": 3,
            "111011000001": 3,
            "001100000000": 13,
            "011011000000": 1,
            "011000000000": 18,
            "101011000000": 1,
            "110101100000": 1,
            "001000000000": 19,
            "101000000001": 3,
            "011011000001": 2,
            "101111000001": 8,
            "111111000001": 3,
            "010011000000": 5,
            "101110011101": 1,
            "011100000001": 13,
            "010100000001": 4,
            "000100000001": 9,
            "010110100000": 1,
            "101100100000": 1,
            "010001100001": 1,
            "101101100001": 1,
            "101101100000": 1,
            "011101100000": 1,
            "101101000000": 1,
            "000111000001": 1,
            "101110100000": 1,
            "111011000000": 1,
            "100100101000": 1,
            "110000000001": 1,
            "100010010000": 1,
            "010111000000": 1,
            "011111000001": 1,
            "101110100001": 2,
            "010010100001": 1,
            "000000000001": 1,
            "010110010000": 2,
            "001110110001": 1,
            "000011000001": 1,
            "100011000000": 1,
            "000110000001": 1,
            "010111000001": 1,
            "111000100001": 1
          },
          "component_probability": 0.08900523560209424,
          "success_rate": 0.06366666666666666
        },
        {
          "basis_state": 9,
          "task_id": "arn:aws:braket:eu-west-2:380012739362:quantum-task/11029f28-2bd5-4131-9c7a-600d84ffc459",
          "status": "DONE",
          "shots": 3000,
          "created_at": "2025-12-21 13:21:01.917000+00:00",
          "ended_at": "2025-12-21 13:21:08.737000+00:00",
          "execution_time_seconds": 6.82,
          "counts": {
            "100100000000": 513,
            "010000000001": 38,
            "110100000000": 352,
            "101000000000": 128,
            "010100000000": 396,
            "010000000000": 127,
            "000100000000": 325,
            "100000000001": 26,
            "100000000000": 256,
            "101100000001": 52,
            "011100000000": 325,
            "110000000000": 83,
            "011000000000": 22,
            "101111000001": 10,
            "111100000000": 105,
            "010011000000": 9,
            "000000000000": 34,
            "010110100000": 1,
            "011000000001": 3,
            "010010100000": 4,
            "101100000000": 25,
            "101000000001": 6,
            "011110100000": 3,
            "001000000000": 20,
            "010011000001": 8,
            "010100000001": 6,
            "100100100001": 1,
            "111000000000": 42,
            "001100000000": 9,
            "111000000001": 6,
            "111011000001": 2,
            "011010010001": 1,
            "101111000000": 6,
            "010001001000": 1,
            "000111000000": 2,
            "011011000001": 1,
            "000111000001": 2,
            "100011000001": 7,
            "100010100001": 3,
            "010110100001": 1,
            "000000000001": 2,
            "100011000000": 8,
            "101110100000": 1,
            "000100000001": 6,
            "101101000000": 1,
            "011111000000": 1,
            "010010100001": 4,
            "111011000000": 3,
            "011100000001": 3,
            "010010010000": 1,
            "000101101001": 1,
            "011101111100": 1,
            "101101100001": 2,
            "011111000001": 2,
            "010001100001": 1,
            "101110000001": 1,
            "000110010000": 1
          },
          "component_probability": 0.005128205128205128,
          "success_rate": 0.065
        },
        {
          "basis_state": 10,
          "task_id": "arn:aws:braket:eu-west-2:380012739362:quantum-task/aacc7c81-eb91-4bea-9558-55fd2f447cf0",
          "status": "DONE",
          "shots": 3000,
          "created_at": "2025-12-21 13:21:08.529000+00:00",
          "ended_at": "2025-12-21 13:21:17.331000+00:00",
          "execution_time_seconds": 8.802,
          "counts": {
            "100100000000": 531,
            "010000000000": 126,
            "100000000000": 242,
            "010100000000": 375,
            "110000000000": 80,
            "011100000000": 308,
            "110100000000": 416,
            "010000000001": 38,
            "111000000000": 22,
            "000100000000": 320,
            "011000000001": 5,
            "101100000000": 32,
            "101000000000": 112,
            "010100000001": 7,
            "111100000000": 109,
            "011100000001": 10,
            "101111000000": 9,
            "101100000001": 47,
            "101111000001": 9,
            "000000000000": 34,
            "001000000000": 23,
            "100000000001": 21,
            "001100000000": 12,
            "011000000000": 30,
            "010011000000": 7,
            "010011000001": 13,
            "010010100001": 3,
            "010010010001": 2,
            "100011000000": 1,
            "111000000001": 7,
            "010110010001": 1,
            "101011000001": 3,
            "000100000001": 4,
            "010111000001": 1,
            "010110100000": 2,
            "101000000001": 4,
            "111111000001": 1,
            "000100110000": 1,
            "011111000000": 3,
            "011111000001": 1,
            "010111000000": 1,
            "000111000001": 2,
            "100001100001": 1,
            "001100100101": 1,
            "101110010001": 1,
            "101011000000": 2,
            "000000000001": 1,
            "011100110000": 1,
            "111010100000": 2,
            "000101110100": 1,
            "100011000001": 3,
            "100010100001": 1,
            "111011000001": 1,
            "011100100001": 1,
            "101110000001": 1,
            "111011000000": 1,
            "101110100000": 3,
            "010101010000": 1,
            "010001000001": 1,
            "010001000000": 1,
            "101101100000": 1
          },
          "component_probability": 0.03664921465968586,
          "success_rate": 0.06366666666666666
        },
        {
          "basis_state": 11,
          "task_id": "arn:aws:braket:eu-west-2:380012739362:quantum-task/11537eeb-eaac-4b8b-8ecf-977d70f34352",
          "status": "DONE",
          "shots": 3000,
          "created_at": "2025-12-21 13:21:14.935000+00:00",
          "ended_at": "2025-12-21 13:21:24.670000+00:00",
          "execution_time_seconds": 9.735,
          "counts": {
            "100100000000": 544,
            "010100000000": 388,
            "101000000000": 108,
            "011100000000": 324,
            "100000000000": 245,
            "110000000000": 79,
            "010000000000": 127,
            "110100000000": 388,
            "111100000000": 112,
            "000100000001": 4,
            "000100000000": 315,
            "101100000001": 42,
            "010011000000": 3,
            "010000000001": 47,
            "101001100001": 1,
            "111000000000": 33,
            "011000000000": 23,
            "000110010001": 1,
            "101100000000": 36,
            "101111000001": 10,
            "010100000001": 6,
            "000000000000": 36,
            "010111000000": 1,
            "010010100001": 6,
            "010010100000": 5,
            "010011000001": 8,
            "100000000001": 18,
            "111000000001": 8,
            "011110010001": 2,
            "011100000001": 6,
            "001000000000": 27,
            "010010000000": 1,
            "011111000001": 2,
            "101111000000": 4,
            "001100000000": 5,
            "010000100000": 1,
            "101000000001": 4,
            "101110100000": 2,
            "011000000001": 1,
            "000111000001": 1,
            "100010000000": 1,
            "101110000000": 2,
            "111011000001": 2,
            "100101110000": 1,
            "000111000000": 1,
            "110000000001": 1,
            "000110110000": 1,
            "011111000000": 1,
            "000101100000": 1,
            "100011000000": 4,
            "010111000001": 1,
            "111011000000": 2,
            "111011010001": 1,
            "101110100001": 2,
            "111010100001": 1,
            "101101000000": 1,
            "011011000000": 1,
            "101110010001": 1,
            "100011000001": 1
          },
          "component_probability": 0.3107344632768362,
          "success_rate": 0.059
        },
        {
          "basis_state": 12,
          "task_id": "arn:aws:braket:eu-west-2:380012739362:quantum-task/3c01bd07-d7aa-40a2-bab2-96c5e0cee873",
          "status": "DONE",
          "shots": 3000,
          "created_at": "2025-12-21 13:21:21.259000+00:00",
          "ended_at": "2025-12-21 13:21:27.658000+00:00",
          "execution_time_seconds": 6.399,
          "counts": {
            "100100000000": 533,
