{
  "problem_list": [
    {
      "A_matrix": [
        [
          0.5607254165830555,
          1.2657464155634273,
          1.7685253437971633,
          1.175292014249,
          1.4225556526270933,
          1.4207176414427551,
          1.3909099672356007,
          0.21254332290008626,
          1.3082057752895597,
          0.8747014373661629,
          1.0362701782050645,
          0.8166375869214617,
          0.9157509567149789,
          0.8049790030509456,
          1.6299677612251195,
          1.2175156038108352
        ],
        [
          1.2657464155634273,
          0.6528599153796053,
          1.5566844820958008,
          0.8638207113932146,
          1.8610475295879694,
          1.3496609204282999,
          0.25208497447521216,
          0.6456499199009057,
          0.9911425556309117,
          1.0342616221288425,
          0.6473517072956272,
          0.46320561650595693,
          1.1888867443719064,
          1.4452277551506243,
          1.2522654932790824,
          0.9325400277125503
        ],
        [
          1.7685253437971633,
          1.5566844820958008,
          0.625228376484525,
          1.2517814732071095,
          1.595132248428608,
          0.690880888598514,
          1.5750460216265205,
          1.5642296740043564,
          1.3745004158374465,
          1.620724280702353,
          1.1333420165461265,
          1.1564209791837783,
          0.9494018073316324,
          0.46357211644157537,
          1.6909617378269748,
          1.0312675049184405
        ],
        [
          1.175292014249,
          0.8638207113932146,
          1.2517814732071095,
          0.043920452684026,
          1.7300980428841999,
          0.45705328285044944,
          1.1488457992485024,
          0.5516038900453889,
          1.3295540028443966,
          1.1464378782857043,
          1.1299986274752913,
          0.9233680842542128,
          1.3637736615292673,
          1.1191628256805202,
          0.8167599719968811,
          1.4708909806545758
        ],
        [
          1.4225556526270933,
          1.8610475295879694,
          1.595132248428608,
          1.7300980428841999,
          0.9515060374671509,
          1.1090051362743252,
          0.42946855732899425,
          1.1273992329842206,
          0.7373678802262054,
          1.4441120253182467,
          1.1746819431966449,
          1.4705029720142888,
          1.092690968162338,
          0.7175999357198763,
          0.43956920170974156,
          0.8647114119007552
        ],
        [
          1.4207176414427551,
          1.3496609204282999,
          0.690880888598514,
          0.45705328285044944,
          1.1090051362743252,
          0.833763736135426,
          1.2588964959568094,
          1.0624512191073294,
          0.9268037979411485,
          1.2495385407289632,
          0.7901331630422426,
          1.2953879916464526,
          0.8291475811166421,
          1.7973376357992974,
          1.383881065171149,
          1.1176341481604921
        ],
        [
          1.3909099672356007,
          0.25208497447521216,
          1.5750460216265205,
          1.1488457992485024,
          0.42946855732899425,
          1.2588964959568094,
          0.7246185117510899,
          0.6402319550235096,
          1.1685016960085692,
          0.7855419655906178,
          0.8433333269114155,
          0.724822419470467,
          0.545574199835767,
          1.263420378670404,
          0.7788521556648106,
          0.8162762155152632
        ],
        [
          0.21254332290008626,
          0.6456499199009057,
          1.5642296740043564,
          0.5516038900453889,
          1.1273992329842206,
          1.0624512191073294,
          0.6402319550235096,
          0.46029320290928855,
          1.1336418978583294,
          0.2542303302808224,
          1.1548689982979519,
          0.934214860969319,
          0.39260324555932913,
          1.033449962053607,
          0.8064817945378334,
          1.0857718632864524
        ],
        [
          1.3082057752895597,
          0.9911425556309117,
          1.3745004158374465,
          1.3295540028443966,
          0.7373678802262054,
          0.9268037979411485,
          1.1685016960085692,
          1.1336418978583294,
          1.6127065039626851,
          1.2100741896181364,
          0.9540291620541816,
          0.9175154320192555,
          0.856181363844716,
          0.9585231861768221,
          0.3940497005628236,
          1.4336521861866536
        ],
        [
          0.8747014373661629,
          1.0342616221288425,
          1.620724280702353,
          1.1464378782857043,
          1.4441120253182467,
          1.2495385407289632,
          0.7855419655906178,
          0.2542303302808224,
          1.2100741896181364,
          1.4710085132451758,
          0.9555779126906216,
          1.0109211045747442,
          0.7172911284483835,
          1.4173321069234566,
          0.43104527900969813,
          1.3962999753264451
        ],
        [
          1.0362701782050645,
          0.6473517072956272,
          1.1333420165461265,
          1.1299986274752913,
          1.1746819431966449,
          0.7901331630422426,
          0.8433333269114155,
          1.1548689982979519,
          0.9540291620541816,
          0.9555779126906216,
          1.2762981948853394,
          1.1257923544692894,
          0.21025714554738706,
          0.7374081281181774,
          1.61789042480093,
          0.5066641381197696
        ],
        [
          0.8166375869214617,
          0.46320561650595693,
          1.1564209791837783,
          0.9233680842542128,
          1.4705029720142888,
          1.2953879916464526,
          0.724822419470467,
          0.934214860969319,
          0.9175154320192555,
          1.0109211045747442,
          1.1257923544692894,
          1.5033796700012878,
          0.42658852866982244,
          1.0633268973550316,
          0.21965627429195322,
          1.542748514552997
        ],
        [
          0.9157509567149789,
          1.1888867443719064,
          0.9494018073316324,
          1.3637736615292673,
          1.092690968162338,
          0.8291475811166421,
          0.545574199835767,
          0.39260324555932913,
          0.856181363844716,
          0.7172911284483835,
          0.21025714554738706,
          0.42658852866982244,
          0.6236070849638045,
          1.1314006426046292,
          0.6197344371434986,
          1.7913261204971627
        ],
        [
          0.8049790030509456,
          1.4452277551506243,
          0.46357211644157537,
          1.1191628256805202,
          0.7175999357198763,
          1.7973376357992974,
          1.263420378670404,
          1.033449962053607,
          0.9585231861768221,
          1.4173321069234566,
          0.7374081281181774,
          1.0633268973550316,
          1.1314006426046292,
          1.04469105553741,
          1.0728131524489966,
          1.3334693356186773
        ],
        [
          1.6299677612251195,
          1.2522654932790824,
          1.6909617378269748,
          0.8167599719968811,
          0.43956920170974156,
          1.383881065171149,
          0.7788521556648106,
          0.8064817945378334,
          0.3940497005628236,
          0.43104527900969813,
          1.61789042480093,
          0.21965627429195322,
          0.6197344371434986,
          1.0728131524489966,
          1.5968646721243127,
          0.9633128405112296
        ],
        [
          1.2175156038108352,
          0.9325400277125503,
          1.0312675049184405,
          1.4708909806545758,
          0.8647114119007552,
          1.1176341481604921,
          0.8162762155152632,
          1.0857718632864524,
          1.4336521861866536,
          1.3962999753264451,
          0.5066641381197696,
          1.542748514552997,
          1.7913261204971627,
          1.3334693356186773,
          0.9633128405112296,
          0.9859839575142593
        ]
      ],
      "b_vector": [
        0.11505708153422627,
        0.11236779123273909,
        0.047409905939135626,
        0.5100674386181948,
        0.3629452892225065,
        0.3972355866974937,
        0.12521755325812584,
        0.08820944962796402,
        0.18775466300728288,
        0.012977428601741472,
        0.3328831688486246,
        0.20753820374103593,
        0.4267572061531253,
        0.010036579381794683,
        0.16114571396749708,
        0.03520220304236408
      ]
    }
  ],
  "shots": 3000,
  "backend": "sv1",
  "device_arn": "SV1",
  "aws_region": "eu-west-2",
  "ideal_preprocessing_list": [
    [
      [
        -2.663569085348202,
        -2.193843420363204,
        -1.6700275106781206,
        -1.456203779272646,
        -1.2209191729801236,
        -0.8934888863149495,
        -0.13985189071380955,
        -0.05740102058248268,
        0.29206930069149045,
        0.45705146385891654,
        0.7863801843762088,
        1.3322318681860192,
        1.515443400436752,
        1.7681020124917732,
        2.4042203346838775,
        16.707261503156936
      ],
      [
        0.028210127809386632,
        0.1312203294040723,
        0.12165183833105078,
        0.3231985306736893,
        0.06779420165630279,
        0.2404479137899699,
        0.19586673378411878,
        0.33751056321034323,
        0.02769087760591571,
        0.12596260516143554,
        0.16201704544347129,
        0.052734181925063836,
        0.12369143142436632,
        0.0470031633918787,
        0.00877305518197731,
        0.7647162411653519
      ]
    ]
  ],
  "probability_threshold": 0,
  "k_qubits": 7,
  "preprocessing_mode": "ideal",
  "projection_mode": "all_components",
  "projection_subset": null,
  "num_solution_qubits": 4,
  "num_projections": 16,
  "projector_basis_states": [
    0,
    1,
    2,
    3,
    4,
    5,
    6,
    7,
    8,
    9,
    10,
    11,
    12,
    13,
    14,
    15
  ],
  "enhanced_projection_results": [
    {
      "problem_index": 0,
      "projection_tasks": [
        {
          "basis_state": 0,
          "task_id": "arn:aws:braket:eu-west-2:380012739362:quantum-task/0ba8da74-e7da-4fe9-859d-5110dc341632",
          "status": "DONE",
          "shots": 3000,
          "created_at": "2025-12-21 12:57:42.853000+00:00",
          "ended_at": "2025-12-21 12:57:49.639000+00:00",
          "execution_time_seconds": 6.786,
          "counts": {
            "001100000000": 555,
            "010100000000": 480,
            "001000000001": 45,
            "110000000000": 458,
            "111000000000": 146,
            "101000000000": 194,
            "101100000000": 159,
            "010000000000": 275,
            "100100000001": 36,
            "011100000000": 42,
            "001100000001": 27,
            "110100000000": 15,
            "000000000000": 40,
            "001000000000": 49,
            "111101000001": 1,
            "101010000000": 5,
            "000100000000": 35,
            "010000000001": 15,
            "111100000000": 39,
            "101110000001": 1,
            "100000000000": 114,
            "100100000000": 31,
            "101111000001": 3,
            "011000000001": 6,
            "101000000001": 37,
            "001110000000": 3,
            "010011000000": 1,
            "011100000001": 10,
            "110000000001": 2,
            "010001000000": 1,
            "011000000000": 11,
            "100111000000": 4,
            "111100000001": 34,
            "101011000000": 1,
            "110110000000": 5,
            "011010000001": 5,
            "111110100001": 1,
            "110101111001": 1,
            "010100000001": 3,
            "010010010001": 1,
            "001110000001": 2,
            "110100000001": 10,
            "101011000001": 4,
            "100111000001": 2,
            "100010000001": 1,
            "001100100001": 1,
            "111011000000": 2,
            "110110100000": 1,
            "001010000001": 2,
            "101100001000": 1,
            "000000000001": 2,
            "111000000001": 20,
            "001111000001": 7,
            "001111000000": 1,
            "001011000001": 5,
            "101110000000": 2,
            "000000100001": 1,
            "110110100001": 2,
            "010011000001": 2,
            "111001000000": 1,
            "110111000001": 2,
            "111010100000": 1,
            "001001100000": 1,
            "001101000000": 2,
            "010010000000": 2,
            "111110000000": 2,
            "011001110001": 1,
            "010000100000": 1,
            "001010000101": 1,
            "101100000001": 2,
            "100000000001": 4,
            "011011000000": 1,
            "111111000001": 3,
            "011000100000": 1,
            "001001000000": 1,
            "100110000000": 2,
            "110001000001": 1,
            "001101100001": 1,
            "011011000001": 1,
            "100110000001": 1,
            "100100100000": 1,
            "111011000001": 1,
            "011010000000": 1,
            "111110100000": 1,
            "111111000000": 1,
            "111010010000": 1,
            "001010000000": 1,
            "110100100000": 1,
            "100111111001": 1
          },
          "component_probability": 0.00974025974025974,
          "success_rate": 0.10266666666666667
        },
        {
          "basis_state": 1,
          "task_id": "arn:aws:braket:eu-west-2:380012739362:quantum-task/e6b8cf72-3502-4ef8-8c41-bde1f7603c90",
          "status": "DONE",
          "shots": 3000,
          "created_at": "2025-12-21 12:57:48.127000+00:00",
          "ended_at": "2025-12-21 12:57:55.544000+00:00",
          "execution_time_seconds": 7.417,
          "counts": {
            "110000000000": 444,
            "010100000000": 488,
            "100100000000": 37,
            "101000000000": 187,
            "010000000001": 11,
            "100000000000": 106,
            "001100000000": 529,
            "010000000000": 266,
            "101100000000": 190,
            "111000000000": 130,
            "010011000001": 3,
            "110110100001": 1,
            "111110100001": 1,
            "001000000001": 53,
            "111100000001": 38,
            "101010000000": 4,
            "000000000000": 30,
            "011100000000": 41,
            "001100000001": 29,
            "101000000001": 37,
            "001000000000": 56,
            "111011000001": 3,
            "011011000001": 3,
            "100111000001": 4,
            "110100000000": 12,
            "100100000001": 49,
            "111000000001": 23,
            "110111110001": 1,
            "100101000000": 2,
            "111100000000": 40,
            "111010000001": 1,
            "001011000001": 4,
            "010010000000": 3,
            "100110000000": 2,
            "011100000001": 11,
            "001110000000": 2,
            "101011000000": 2,
            "100111000000": 1,
            "011001000001": 2,
            "111001000000": 1,
            "000000000001": 1,
            "101010100001": 1,
            "101110100001": 1,
            "110100000001": 15,
            "110010000000": 2,
            "111111000001": 4,
            "001011000000": 5,
            "011000000001": 6,
            "101101000001": 1,
            "000100000000": 39,
            "011000000000": 7,
            "011101000001": 1,
            "111010000000": 2,
            "010101010001": 1,
            "001111000001": 4,
            "000101110001": 1,
            "000100000001": 1,
            "011010000000": 3,
            "110000000001": 4,
            "100000000001": 7,
            "101011000001": 4,
            "111111000000": 2,
            "011010000001": 2,
            "101010000011": 1,
            "010100000001": 2,
            "011001000000": 2,
            "110011000001": 1,
            "111101000000": 1,
            "001010000001": 1,
            "110111000001": 3,
            "111110000000": 3,
            "010010000001": 1,
            "101000010000": 1,
            "001111000000": 1,
            "001010001001": 1,
            "110111000000": 2,
            "101111000001": 1,
            "001110001001": 1,
            "101010000001": 2,
            "101110000000": 1,
            "010011000000": 1,
            "010111000000": 1,
            "011011000000": 1,
            "010010100001": 1,
            "101001000000": 1,
            "110110000000": 2,
            "100010000000": 1,
            "101111011101": 1,
            "101101000000": 1,
            "111011000000": 1,
            "111010010001": 1,
            "001010000000": 1,
            "101011100001": 1
          },
          "component_probability": 0.005780346820809248,
          "success_rate": 0.11533333333333333
        },
        {
          "basis_state": 2,
          "task_id": "arn:aws:braket:eu-west-2:380012739362:quantum-task/a9a99e11-91ec-4428-8b0c-b178097e53bd",
          "status": "DONE",
          "shots": 3000,
          "created_at": "2025-12-21 12:57:53.144000+00:00",
          "ended_at": "2025-12-21 12:58:01.881000+00:00",
          "execution_time_seconds": 8.737,
          "counts": {
            "011000000001": 7,
            "010100000000": 465,
            "011100000000": 43,
            "001100000000": 525,
            "101000000000": 195,
            "010000000000": 295,
            "001000000001": 54,
            "110000000000": 413,
            "100000000000": 101,
            "101100000000": 169,
            "001000000000": 58,
            "111000000000": 168,
            "110000000001": 9,
            "110100000000": 11,
            "001110000001": 2,
            "000000000000": 32,
            "110100000001": 20,
            "100100000001": 36,
            "010100000001": 3,
            "000100000000": 35,
            "111100000001": 38,
            "111100000000": 41,
            "111111000001": 4,
            "101010000000": 5,
            "011000000000": 15,
            "110111000001": 4,
            "111000000001": 17,
            "110010000001": 1,
            "101000000001": 36,
            "100100000000": 35,
            "011010000000": 8,
            "100000000001": 8,
            "101011000001": 3,
            "011100000001": 16,
            "010010100001": 2,
            "010000000001": 17,
            "111011000001": 6,
            "000100000001": 1,
            "110110000000": 5,
            "111010000000": 1,
            "001100000001": 19,
            "110010000000": 1,
            "000000000001": 7,
            "111111000000": 1,
            "011011000001": 5,
            "100110000000": 3,
            "101011000000": 2,
            "011010000001": 3,
            "001010000000": 3,
            "001111000000": 1,
            "100001000000": 1,
            "011011000000": 1,
            "111010000001": 3,
            "001110000000": 3,
            "111101000000": 2,
            "001111000001": 4,
            "100011001011": 1,
            "111110010001": 1,
            "100110000101": 1,
            "011010100000": 1,
            "111000100000": 1,
            "110010100001": 1,
            "011111000000": 1,
            "101001000001": 1,
            "001010010001": 1,
            "110101100000": 1,
            "101100000001": 2,
            "010010000001": 2,
            "001011000001": 2,
            "111110000001": 1,
            "101111100001": 1,
            "111010100001": 2,
            "101010100001": 1,
            "001010100001": 1,
            "110100100000": 1,
            "010011000001": 1,
            "100111000001": 1,
            "010011000000": 1,
            "110111000000": 1,
            "100110000001": 1,
            "011010100001": 2,
            "101001100000": 1,
            "010010100000": 1,
            "111110000000": 1,
            "110110100001": 1,
            "111110100000": 1,
            "100111000000": 2
          },
          "component_probability": 0.166189111747851,
          "success_rate": 0.11633333333333333
        },
        {
          "basis_state": 3,
          "task_id": "arn:aws:braket:eu-west-2:380012739362:quantum-task/66f6ce0f-4afb-41fe-b2aa-8007dc1bb95e",
          "status": "DONE",
          "shots": 3000,
          "created_at": "2025-12-21 12:57:57.823000+00:00",
          "ended_at": "2025-12-21 12:58:06.802000+00:00",
          "execution_time_seconds": 8.979,
          "counts": {
            "110000000000": 443,
            "111000000000": 138,
            "101100000000": 179,
            "010100000000": 473,
            "001100000000": 567,
            "001000000000": 49,
            "101000000000": 194,
            "111000000001": 18,
            "010000000000": 296,
            "111100000001": 41,
            "001100000001": 27,
            "100100000000": 41,
            "001000000001": 38,
            "101110000000": 2,
            "111100000000": 45,
            "101000000001": 35,
            "100100100000": 1,
            "100000000001": 5,
            "100000000000": 102,
            "000000000000": 31,
            "010000000001": 19,
            "100100000001": 34,
            "100110100001": 1,
            "101100000001": 2,
            "100010000001": 1,
            "111101000001": 2,
            "110110000000": 7,
            "000100000000": 31,
            "011100000000": 33,
            "011100000001": 11,
            "100111000001": 4,
            "111011000001": 7,
            "110000000001": 6,
            "011000000001": 9,
            "011000000000": 6,
            "110100000001": 14,
            "011000100001": 1,
            "110110100001": 1,
            "110111000001": 4,
            "001110000001": 1,
            "100110000000": 3,
            "110100000000": 13,
            "111111000001": 1,
            "010110000001": 1,
            "111110000000": 2,
            "110010000000": 2,
            "010010000000": 2,
            "001111000001": 6,
            "010101110001": 1,
            "110010000001": 2,
            "001110000000": 3,
            "011010100001": 2,
            "001011000001": 1,
            "011010010001": 1,
            "011010000000": 3,
            "111111000000": 2,
            "011011000000": 3,
            "000000000001": 2,
            "011011000001": 1,
            "010010100001": 1,
            "101010000001": 1,
            "010010000001": 1,
            "110110100000": 2,
            "110110000001": 1,
            "010011000001": 1,
            "110111000000": 1,
            "101011000001": 2,
            "001110100001": 1,
            "110011000001": 3,
            "111010000000": 1,
            "001101000000": 2,
            "011010000001": 4,
            "111010100000": 1,
            "111011000000": 1,
            "111101000000": 1,
            "111001000000": 1,
            "011111000001": 1,
            "110101000000": 1,
            "100110000001": 1,
            "001101000001": 1,
            "101010000000": 1
          },
          "component_probability": 0.11356466876971609,
          "success_rate": 0.10566666666666667
        },
        {
          "basis_state": 4,
          "task_id": "arn:aws:braket:eu-west-2:380012739362:quantum-task/01140491-262d-4074-a380-f8d8405c6606",
          "status": "DONE",
          "shots": 3000,
          "created_at": "2025-12-21 12:58:02.730000+00:00",
          "ended_at": "2025-12-21 12:58:10.035000+00:00",
          "execution_time_seconds": 7.305,
          "counts": {
            "010000000000": 299,
            "010100000000": 457,
            "111000000000": 176,
            "110000000000": 452,
            "100100000000": 34,
            "010000000001": 13,
            "001000000000": 67,
            "001100000000": 524,
            "111100000000": 30,
            "101000000001": 41,
            "100000000000": 100,
            "101000000000": 159,
            "011100000001": 13,
            "101010000000": 2,
            "110111000001": 6,
            "101100000000": 174,
            "000000000000": 36,
            "011000000000": 11,
            "111100000001": 24,
            "011100000000": 58,
            "001100000001": 23,
            "000100000000": 34,
            "111110000000": 5,
            "001000000001": 49,
            "001110000000": 6,
            "111000000001": 18,
            "010010000000": 2,
            "100100000001": 37,
            "100000000001": 8,
            "100110000000": 2,
            "100001000000": 1,
            "110100000001": 12,
            "011000000001": 10,
            "000100000001": 2,
            "101011000001": 5,
            "101110000001": 2,
            "111111000001": 5,
            "110000000001": 4,
            "110100000000": 13,
            "111011000000": 1,
            "101010010001": 1,
            "110001000001": 1,
            "001011000001": 3,
            "000000000001": 6,
            "001111000001": 3,
            "011010000001": 2,
            "001010100000": 2,
            "111110000001": 1,
            "111110100000": 1,
            "100111000000": 3,
            "111101000001": 1,
            "001101000000": 1,
            "111010000000": 3,
            "010111010100": 1,
            "001010000000": 3,
            "010011000000": 1,
            "001010100001": 1,
            "101100000001": 5,
            "100010000000": 2,
            "011110010000": 1,
            "111010100001": 1,
            "111010000001": 1,
            "101010000001": 1,
            "001110100001": 5,
            "011010000000": 2,
            "001111000000": 1,
            "110110000001": 1,
            "110110000000": 4,
            "111011000001": 3,
            "110110100001": 2,
            "101011100001": 1,
            "100101000000": 1,
            "101011000000": 3,
            "100111000001": 1,
            "001011000000": 1,
            "001010000001": 1,
            "111111000000": 1,
            "001101000001": 1,
            "011011000001": 1,
            "010010000001": 1,
            "100110100000": 1,
            "111101000000": 1,
            "111000010000": 1,
            "100001000001": 1,
            "110100110000": 1,
            "011000100000": 1,
            "110100100001": 1,
            "111001000001": 1,
            "110000011001": 1,
            "101110000000": 1
          },
          "component_probability": 0.04375,
          "success_rate": 0.10666666666666667
        },
        {
          "basis_state": 5,
          "task_id": "arn:aws:braket:eu-west-2:380012739362:quantum-task/619a5bcc-7b9c-4543-b1e4-5c0db9450f6b",
          "status": "DONE",
          "shots": 3000,
          "created_at": "2025-12-21 12:58:10.112000+00:00",
          "ended_at": "2025-12-21 12:58:17.550000+00:00",
          "execution_time_seconds": 7.438,
          "counts": {
            "111000000000": 167,
            "101000000000": 176,
            "100111000001": 5,
            "110000000000": 458,
            "101100000000": 188,
            "010000000000": 280,
            "010100000000": 489,
            "001100000000": 535,
            "011000000001": 14,
            "011100000000": 47,
            "100000000000": 89,
            "011100000001": 7,
            "001000000001": 43,
            "011010000000": 5,
            "100100000001": 32,
            "101000000001": 46,
            "110100000001": 15,
            "000000000000": 27,
            "110010000000": 3,
            "001000000000": 60,
            "000100000000": 31,
            "001100000001": 29,
            "111100000000": 37,
            "100100000000": 35,
            "111111000000": 2,
            "011000000000": 6,
            "111100000001": 26,
            "011010100001": 1,
            "001110010000": 1,
            "011001000000": 1,
            "100110000000": 4,
            "111000000001": 13,
            "100111000000": 4,
            "001010000000": 2,
            "101101000001": 1,
            "011010000001": 2,
            "101100000001": 6,
            "010010000000": 1,
            "101110000001": 1,
            "110000000001": 4,
            "110111000001": 5,
            "111111000001": 3,
            "001110000001": 2,
            "010000000001": 15,
            "110100000000": 13,
            "111110100000": 2,
            "100101000000": 1,
            "110110000001": 2,
            "101010000000": 2,
            "111010000001": 1,
            "101110000000": 1,
            "001110010001": 2,
            "101101100001": 1,
            "101011000000": 3,
            "111110010001": 1,
            "110110010001": 1,
            "110011000001": 1,
            "101101100000": 1,
            "011101010001": 1,
            "001111000000": 2,
            "010011000001": 2,
            "110110000000": 2,
            "111101000000": 1,
            "101001000000": 1,
            "011010000011": 1,
            "100000000001": 3,
            "111110000001": 1,
            "010011000000": 2,
            "001111000001": 2,
            "111010100000": 1,
            "100110100001": 1,
            "001110000000": 3,
            "010100111001": 1,
            "111011000001": 3,
            "111110000000": 3,
            "001011000001": 4,
            "010100000001": 1,
            "100110000001": 1,
            "010010000001": 2,
            "111010000000": 1,
            "000100000001": 1,
            "101010100000": 1,
            "011000100000": 1,
            "111011000000": 1,
            "101010100001": 1,
            "110111000000": 1,
            "101111000000": 1,
            "111001000000": 1,
            "110110100001": 1,
            "101110010001": 1,
            "111100100000": 1
          },
          "component_probability": 0.006535947712418301,
          "success_rate": 0.102
        },
        {
          "basis_state": 6,
          "task_id": "arn:aws:braket:eu-west-2:380012739362:quantum-task/4767d99d-f8c4-4721-a7e2-afc4193341cf",
          "status": "DONE",
          "shots": 3000,
          "created_at": "2025-12-21 12:58:15.310000+00:00",
          "ended_at": "2025-12-21 12:58:23.972000+00:00",
          "execution_time_seconds": 8.662,
          "counts": {
            "011100000000": 69,
            "011100000001": 10,
            "001100000000": 561,
            "010100000000": 491,
            "000000000000": 34,
            "111100000000": 49,
            "011011000000": 3,
            "111000000000": 146,
            "100000000000": 92,
            "101100000000": 192,
            "110000000000": 433,
            "101000000000": 172,
            "010000000000": 247,
            "001000000001": 50,
            "001000000000": 44,
            "100100000000": 40,
            "101000000001": 34,
            "100110100001": 1,
            "110000000001": 7,
            "010000000001": 16,
            "100100000001": 45,
            "111100000001": 23,
            "000100000000": 43,
            "001101000000": 2,
            "110100000000": 11,
            "011000000000": 14,
            "010010100001": 2,
            "011001000000": 2,
            "001100000001": 24,
            "000001111000": 1,
            "111000000001": 21,
            "110101100001": 1,
            "011000000001": 7,
            "110100000001": 25,
            "100010000000": 1,
            "100000100000": 1,
            "101010000000": 2,
            "001010100001": 2,
            "100000000001": 4,
            "111111000001": 5,
            "011010000000": 6,
            "001110000001": 1,
            "110111000001": 2,
            "001110100000": 1,
            "010011000001": 2,
            "010010010001": 1,
            "110011000001": 1,
            "001011000001": 2,
            "101101000000": 1,
            "101100000001": 3,
            "001010100000": 1,
            "010010000000": 1,
            "100110010001": 1,
            "101010100001": 1,
            "110110000000": 2,
            "111100100000": 1,
            "101001000000": 1,
            "011010100001": 1,
            "100011010000": 1,
            "111110000001": 2,
            "110100100001": 1,
            "111011000001": 1,
            "011111000001": 1,
            "100111000000": 2,
            "111010100001": 1,
            "101110000000": 2,
            "001110000000": 2,
            "100111000001": 2,
            "001010001001": 1,
            "101110000001": 1,
            "111001000000": 1,
            "110010010001": 1,
            "001110100001": 1,
            "010000010000": 1,
            "111010000001": 1,
            "101011000001": 2,
            "111110000000": 1,
            "111010000000": 1,
            "110110100000": 1,
            "111101000000": 1,
            "000000000001": 3,
            "001111000001": 2,
            "111111010010": 1,
            "101010100000": 1,
            "101011000000": 2,
            "001101110001": 1,
            "011011000001": 1,
            "001011000000": 1,
            "100110000000": 1,
            "011001100001": 1,
            "110111000000": 1,
            "001010000000": 1
          },
          "component_probability": 0.031746031746031744,
          "success_rate": 0.105
        },
        {
          "basis_state": 7,
          "task_id": "arn:aws:braket:eu-west-2:380012739362:quantum-task/b299ee83-75ed-4957-9ea1-a4b08c20e0b8",
          "status": "DONE",
          "shots": 3000,
          "created_at": "2025-12-21 12:58:20.552000+00:00",
          "ended_at": "2025-12-21 12:58:30.301000+00:00",
          "execution_time_seconds": 9.749,
          "counts": {
            "110000000000": 457,
            "101000000000": 168,
            "010000000000": 244,
            "110100000001": 17,
            "100000100001": 1,
            "111000000000": 198,
            "010100000000": 489,
            "011100000000": 42,
            "000000000000": 32,
            "100000000000": 108,
            "101100000000": 181,
            "001100000000": 516,
            "100100000000": 41,
            "011011000001": 2,
            "001000000000": 61,
            "010011000001": 4,
            "111000000001": 19,
            "101010100000": 1,
            "011010000000": 5,
            "111100000000": 33,
            "110000010000": 1,
            "001011000001": 1,
            "111100000001": 36,
            "101000000001": 28,
            "001000000001": 43,
            "011000000001": 12,
            "100100000001": 38,
            "100000000001": 4,
            "110111000001": 7,
            "010000000001": 15,
            "100010000001": 1,
            "101011000001": 4,
            "001010100001": 1,
            "110110000000": 3,
            "011100000001": 15,
            "110100000000": 15,
            "011000000000": 9,
            "100110010000": 1,
            "111110000000": 8,
            "000100000000": 23,
            "100110000000": 6,
            "001100000001": 27,
            "100111000001": 4,
            "011010000001": 2,
            "101010000000": 2,
            "111111000001": 3,
            "001110000000": 6,
            "001111000001": 2,
            "001011000000": 2,
            "001101000000": 2,
            "101010000001": 2,
            "111011000001": 2,
            "101100000001": 4,
            "001101000001": 1,
            "110000000001": 5,
            "101111000000": 1,
            "001110000001": 1,
            "111011000000": 1,
            "011001000000": 1,
            "100100100000": 1,
            "011001000001": 1,
            "010010100001": 1,
            "100001000001": 1,
            "110001010001": 1,
            "001100110001": 1,
            "111110100000": 1,
            "010010000000": 1,
            "110010000000": 1,
            "110001000000": 1,
            "001110100000": 1,
            "101111000001": 1,
            "111001000001": 1,
            "110100100000": 1,
            "011010010001": 1,
            "111110110000": 1,
            "011010100000": 2,
            "110110110001": 1,
            "110111000000": 1,
            "111101000000": 1,
            "001010100000": 1,
            "110101100000": 1,
            "110101000000": 1,
            "111111000000": 1,
            "100111000000": 2,
            "101110000000": 1,
            "101110000001": 1,
            "001010000000": 2,
            "100000100000": 1,
            "111010000001": 1,
            "010010000001": 1,
            "001001000000": 1,
            "110010100001": 1,
            "111010000000": 2,
            "001110010001": 1,
            "000100000001": 1,
            "001100100001": 1,
            "110011000001": 1
          },
          "component_probability": 0.04716981132075472,
          "success_rate": 0.106
        },
        {
          "basis_state": 8,
          "task_id": "arn:aws:braket:eu-west-2:380012739362:quantum-task/379ce7c7-aba9-4ea9-be28-2f34ccb02d18",
          "status": "DONE",
          "shots": 3000,
          "created_at": "2025-12-21 12:58:25.357000+00:00",
          "ended_at": "2025-12-21 12:58:31.975000+00:00",
          "execution_time_seconds": 6.618,
          "counts": {
            "001000000000": 45,
            "010100000000": 462,
            "001000010000": 1,
            "101000000000": 181,
            "110000000000": 450,
            "011100000000": 49,
            "001100000000": 553,
            "111000000000": 163,
            "010000000000": 262,
            "000100000000": 30,
            "001000000001": 51,
            "100000000001": 7,
            "100000000000": 122,
            "110100000000": 12,
            "000000000000": 42,
            "101100000000": 168,
            "101000000001": 47,
            "110110100001": 3,
            "100100000000": 36,
            "111100000000": 38,
            "101110000000": 2,
            "111000000001": 14,
            "110100000001": 12,
            "100100000001": 44,
            "100110000000": 3,
            "111100000001": 21,
            "101011000000": 4,
            "011001000000": 2,
            "001011000001": 3,
            "101010000000": 4,
            "011100000001": 16,
            "010001000000": 1,
            "110111000001": 3,
            "111010000000": 5,
            "001111000001": 2,
            "010000000001": 17,
            "011011000001": 1,
            "001100000001": 23,
            "011000000000": 12,
            "010101100001": 1,
            "001011100001": 1,
            "111111000001": 1,
            "001111000000": 2,
            "101001100000": 1,
            "000000000001": 2,
            "110110000001": 1,
            "111101000000": 1,
            "110101100001": 1,
            "011110100000": 1,
            "110100100000": 1,
            "001101000001": 1,
            "011011000000": 2,
            "100001000000": 1,
            "001010000000": 1,
            "010100000001": 4,
            "010001000001": 2,
            "100010000000": 1,
            "110110000000": 7,
            "011000000001": 9,
            "101011000001": 2,
            "100110100000": 1,
            "000011101000": 1,
            "011111000001": 1,
            "001010100001": 1,
            "011000100000": 1,
            "010011000001": 1,
            "110111000000": 1,
            "111110000000": 3,
            "001011000000": 1,
            "101100000001": 2,
            "111011000001": 1,
            "110000000001": 3,
            "011010000000": 1,
            "111010000001": 4,
            "110011000001": 1,
            "100111000000": 2,
            "001110000001": 2,
            "101010000001": 1,
            "011001010001": 1,
            "100110000001": 1,
            "111001000000": 1,
            "001110100001": 1,
            "001010010001": 1,
            "010011000000": 1,
            "101010100001": 1,
            "101000100000": 1,
            "001100100000": 1,
            "000100000001": 1,
            "100111000001": 1,
            "101110100001": 1,
            "101101000000": 1,
            "011010000001": 2,
            "110101000000": 1,
