{
  "problem_list": [
    {
      "A_matrix": [
        [
          1.7929868803878903,
          1.3420425086583696,
          0.6909264366258185,
          0.6021926801645217,
          0.9332439141695844,
          1.0095572589834219,
          1.275171498019626,
          1.0002125748062294
        ],
        [
          1.3420425086583696,
          0.6433143456219066,
          0.7781433729135343,
          0.7017286932470143,
          1.1628376732033459,
          0.5589426367018901,
          1.7477684111868301,
          1.0911402639686087
        ],
        [
          0.6909264366258185,
          0.7781433729135343,
          1.6831481263870172,
          1.5728432506256909,
          1.1821528356153648,
          1.2644754180419673,
          1.489414513979972,
          0.9650163717183172
        ],
        [
          0.6021926801645217,
          0.7017286932470143,
          1.5728432506256909,
          0.00033400438803488086,
          0.8727046932212664,
          0.7948274344080366,
          0.707392043829335,
          1.1728940399381098
        ],
        [
          0.9332439141695844,
          1.1628376732033459,
          1.1821528356153648,
          0.8727046932212664,
          0.3548778542396589,
          0.9056996547097039,
          1.160039217944006,
          0.5388841919306702
        ],
        [
          1.0095572589834219,
          0.5589426367018901,
          1.2644754180419673,
          0.7948274344080366,
          0.9056996547097039,
          1.0421616754631746,
          1.7190400613617394,
          0.5198297749107229
        ],
        [
          1.275171498019626,
          1.7477684111868301,
          1.489414513979972,
          0.707392043829335,
          1.160039217944006,
          1.7190400613617394,
          1.7114565237105575,
          1.837447012131153
        ],
        [
          1.0002125748062294,
          1.0911402639686087,
          0.9650163717183172,
          1.1728940399381098,
          0.5388841919306702,
          0.5198297749107229,
          1.837447012131153,
          1.322149818750264
        ]
      ],
      "b_vector": [
        0.2405464221402115,
        0.020267062219857992,
        0.48244983902998606,
        0.3527702139531555,
        0.5887315146918335,
        0.07377479060965096,
        0.3201661935496952,
        0.360510868544855
      ]
    }
  ],
  "shots": 3000,
  "backend": "sv1",
  "device_arn": "SV1",
  "aws_region": "eu-west-2",
  "ideal_preprocessing_list": [
    [
      [
        -1.4295090131164405,
        -0.986083886052859,
        -0.5888155497598372,
        0.05711376126411304,
        0.44918909740529006,
        0.8730626647882012,
        1.4493035440248536,
        8.726168610395181
      ],
      [
        0.08303134721269365,
        0.35313788419360015,
        0.13671900066979728,
        0.059992439973546335,
        0.2653234272148127,
        0.05610999377950704,
        0.2312049336439273,
        0.8480021688397629
      ]
    ]
  ],
  "probability_threshold": 0,
  "k_qubits": 7,
  "preprocessing_mode": "ideal",
  "projection_mode": "all_components",
  "projection_subset": null,
  "num_solution_qubits": 3,
  "num_projections": 8,
  "projector_basis_states": [
    0,
    1,
    2,
    3,
    4,
    5,
    6,
    7
  ],
  "enhanced_projection_results": [
    {
      "problem_index": 0,
      "projection_tasks": [
        {
          "basis_state": 0,
          "task_id": "arn:aws:braket:eu-west-2:380012739362:quantum-task/7ce16058-3d13-4727-9c4f-615b46c64139",
          "status": "DONE",
          "shots": 3000,
          "created_at": "2025-12-21 12:45:35.033000+00:00",
          "ended_at": "2025-12-21 12:45:38.536000+00:00",
          "execution_time_seconds": 3.503,
          "counts": {
            "10000000000": 949,
            "01100000000": 359,
            "00000000000": 216,
            "11100000000": 463,
            "01000000000": 691,
            "11000000000": 285,
            "01000000001": 2,
            "00100000001": 4,
            "10100000000": 18,
            "10101100001": 2,
            "00011000000": 1,
            "11100000001": 1,
            "10100000001": 2,
            "00110010000": 1,
            "10110100000": 1,
            "10110100001": 1,
            "11000000001": 1,
            "10010000001": 1,
            "00111000000": 1,
            "10011000000": 1
          },
          "component_probability": 0.0,
          "success_rate": 0.004666666666666667
        },
        {
          "basis_state": 1,
          "task_id": "arn:aws:braket:eu-west-2:380012739362:quantum-task/5c5873a7-0903-4f89-8ba4-a2a12cb6f722",
          "status": "DONE",
          "shots": 3000,
          "created_at": "2025-12-21 12:45:37.119000+00:00",
          "ended_at": "2025-12-21 12:45:41.096000+00:00",
          "execution_time_seconds": 3.977,
          "counts": {
            "01100000000": 387,
            "00000000000": 215,
            "10000000000": 931,
            "01000000000": 721,
            "11100000000": 410,
            "11000000000": 292,
            "10100000000": 24,
            "01000000001": 3,
            "00100000001": 7,
            "10111100001": 1,
            "00111000000": 1,
            "11001100000": 1,
            "11010110001": 1,
            "10001011001": 1,
            "00101111001": 1,
            "10101100000": 1,
            "01101101001": 1,
            "11000000001": 1,
            "10001000000": 1
          },
          "component_probability": 0.5,
          "success_rate": 0.005333333333333333
        },
        {
          "basis_state": 2,
          "task_id": "arn:aws:braket:eu-west-2:380012739362:quantum-task/7cd8b76e-ce9d-4fb5-85eb-5f02e8cde39c",
          "status": "DONE",
          "shots": 3000,
          "created_at": "2025-12-21 12:45:39.395000+00:00",
          "ended_at": "2025-12-21 12:45:43.541000+00:00",
          "execution_time_seconds": 4.146,
          "counts": {
            "10000000000": 953,
            "01100000000": 351,
            "11000000000": 304,
            "11100000000": 424,
            "00000000000": 191,
            "01000000000": 727,
            "10100000000": 27,
            "10111011101": 1,
            "00100000001": 8,
            "11111000000": 1,
            "00000000001": 1,
            "01100000001": 1,
            "01000000001": 1,
            "11100000001": 2,
            "00011110000": 1,
            "01111000000": 1,
            "10100000001": 3,
            "11000000001": 1,
            "10111100000": 1,
            "00111000000": 1
          },
          "component_probability": 0.05555555555555555,
          "success_rate": 0.006
        },
        {
          "basis_state": 3,
          "task_id": "arn:aws:braket:eu-west-2:380012739362:quantum-task/61a2ccf8-4aec-4c4e-8493-b8cd28780274",
          "status": "DONE",
          "shots": 3000,
          "created_at": "2025-12-21 12:45:41.275000+00:00",
          "ended_at": "2025-12-21 12:45:44.787000+00:00",
          "execution_time_seconds": 3.512,
          "counts": {
            "10000000000": 952,
            "01100000000": 389,
            "01000000000": 691,
            "11100000000": 435,
            "10100000000": 31,
            "00000000000": 197,
            "11000000000": 284,
            "00111000001": 3,
            "01000011000": 1,
            "11011100000": 1,
            "00011100000": 1,
            "10011100000": 1,
            "00100000001": 4,
            "11101010101": 1,
            "01000000001": 2,
            "10001011001": 1,
            "10100000001": 2,
            "11100000001": 1,
            "10101000000": 1,
            "10000000001": 1,
            "10001000000": 1
          },
          "component_probability": 0.0,
          "success_rate": 0.005
        },
        {
          "basis_state": 4,
          "task_id": "arn:aws:braket:eu-west-2:380012739362:quantum-task/d94506fa-ddde-440d-a033-7a2823f047fd",
          "status": "DONE",
          "shots": 3000,
          "created_at": "2025-12-21 12:45:43.293000+00:00",
          "ended_at": "2025-12-21 12:45:47.257000+00:00",
          "execution_time_seconds": 3.964,
          "counts": {
            "10000000000": 944,
            "11000000000": 313,
            "01100000000": 405,
            "11100000000": 416,
            "01000000000": 667,
            "00000000000": 202,
            "00100000001": 6,
            "10100000000": 24,
            "00110011001": 1,
            "01000000001": 7,
            "10000000001": 3,
            "10101100001": 2,
            "01101110000": 1,
            "00000010110": 1,
            "01000100000": 1,
            "10100000001": 2,
            "01111000000": 1,
            "01001100001": 1,
            "11100000001": 1,
            "10011011000": 1,
            "11010110001": 1
          },
          "component_probability": 0.125,
          "success_rate": 0.008
        },
        {
          "basis_state": 5,
          "task_id": "arn:aws:braket:eu-west-2:380012739362:quantum-task/8ec1842c-4214-40cd-ab57-6615b616bfd2",
          "status": "DONE",
          "shots": 3000,
          "created_at": "2025-12-21 12:45:45.384000+00:00",
          "ended_at": "2025-12-21 12:45:49.085000+00:00",
          "execution_time_seconds": 3.701,
          "counts": {
            "01000000000": 716,
            "01100000000": 367,
            "10000000000": 936,
            "11100000000": 435,
            "00000000000": 203,
            "10100000000": 30,
            "11000000000": 292,
            "00100000001": 3,
            "11011110000": 1,
            "10111100001": 1,
            "11100000001": 2,
            "01100000001": 1,
            "10100000001": 2,
            "10011000000": 1,
            "00111000000": 1,
            "00000000001": 1,
            "01000000001": 1,
            "00011000001": 1,
            "11011110001": 1,
            "01110100001": 1,
            "10101000001": 1,
            "10101000000": 1,
            "10000000001": 2
          },
          "component_probability": 0.23529411764705882,
          "success_rate": 0.005666666666666667
        },
        {
          "basis_state": 6,
          "task_id": "arn:aws:braket:eu-west-2:380012739362:quantum-task/65ff0878-a93c-4cfc-84b1-af6122d4744a",
          "status": "DONE",
          "shots": 3000,
          "created_at": "2025-12-21 12:45:47.432000+00:00",
          "ended_at": "2025-12-21 12:45:50.823000+00:00",
          "execution_time_seconds": 3.391,
          "counts": {
            "10000000000": 949,
            "01000000000": 699,
            "01100000000": 384,
            "11000000000": 294,
            "00000000000": 201,
            "11100000000": 416,
            "00011000001": 1,
            "10100000000": 34,
            "10101000001": 1,
            "11000000001": 1,
            "01100000001": 1,
            "10100000001": 2,
            "00100000001": 9,
            "11110100000": 1,
            "10000000001": 1,
            "01000000001": 2,
            "00110010001": 1,
            "00100000000": 1,
            "10011000000": 1,
            "01111000000": 1
          },
          "component_probability": 0.05263157894736842,
          "success_rate": 0.006333333333333333
        },
        {
          "basis_state": 7,
          "task_id": "arn:aws:braket:eu-west-2:380012739362:quantum-task/c3a85036-06f9-401f-8a7c-373e97a8bb4f",
          "status": "DONE",
          "shots": 3000,
          "created_at": "2025-12-21 12:45:49.702000+00:00",
          "ended_at": "2025-12-21 12:45:52.844000+00:00",
          "execution_time_seconds": 3.142,
          "counts": {
            "11000000000": 314,
            "10000000000": 963,
            "01100000000": 400,
            "01000000000": 656,
            "11100000000": 413,
            "00000000000": 199,
            "00100000001": 9,
            "10100000000": 30,
            "01111000001": 1,
            "10000000001": 3,
            "00110110001": 1,
            "00110100000": 1,
            "01011100001": 1,
            "01101010001": 1,
            "01000000001": 1,
            "10101000001": 1,
            "11100000001": 1,
            "11000110000": 1,
            "00111000001": 1,
            "10100000001": 2,
            "00011000000": 1
          },
          "component_probability": 0.045454545454545456,
          "success_rate": 0.007333333333333333
        }
      ],
      "depth": 4887,
      "num_projections": 8,
      "ideal_solution": [
        {
          "real": -0.18894644671924127,
          "imag": 0.0
        },
        {
          "real": 0.6810973838828455,
          "imag": 0.0
        },
        {
          "real": 0.3043986839133948,
          "imag": 0.0
        },
        {
          "real": 0.13544729058313854,
          "imag": 0.0
        },
        {
          "real": 0.2674908834427389,
          "imag": 0.0
        },
        {
          "real": -0.46493426903014984,
          "imag": 0.0
        },
        {
          "real": -0.1356871985389959,
          "imag": 0.0
        },
        {
          "real": -0.28857374023749843,
          "imag": 0.0
        }
      ],
      "reconstructed_solution_probabilities": [
        0.0,
        0.49312786981313206,
        0.05479198553479245,
        0.0,
        0.12328196745328301,
        0.2320601740297092,
        0.05190819682243495,
        0.04482980634664837
      ],
      "fidelity": 0.9205353057139587,
      "metadata": {
        "measured_components": [
          0,
          1,
          2,
          3,
          4,
          5,
          6,
          7
        ],
        "success_rates": [
          0.004666666666666667,
          0.005333333333333333,
          0.006,
          0.005,
          0.008,
          0.005666666666666667,
          0.006333333333333333,
          0.007333333333333333
        ],
        "raw_probabilities": [
          0.0,
          0.5,
          0.05555555555555555,
          0.0,
          0.125,
          0.23529411764705882,
          0.05263157894736842,
          0.045454545454545456
        ],
        "average_success_rate": 0.0060416666666666665,
        "total_probability": 1.0139357976045282
      },
      "total_problem_time_seconds": 17.811,
      "first_created_at": "2025-12-21 12:45:35.033000+00:00",
      "last_ended_at": "2025-12-21 12:45:52.844000+00:00"
    }
  ]
}