{
  "problem_list": [
    {
      "A_matrix": [
        [
          0.9549844076830019,
          0.6568463985350775,
          0.7532796225719949,
          1.0182336294942993,
          1.7836827714079937,
          0.7191528491953131,
          1.2031816591488256,
          0.9188147482304576
        ],
        [
          0.6568463985350775,
          1.5274046557805048,
          1.670682989815163,
          1.2506435167533048,
          0.9120402592027149,
          1.4659794836032372,
          1.3608535869903684,
          0.8452456149240126
        ],
        [
          0.7532796225719949,
          1.670682989815163,
          1.1143199246664774,
          0.7335587989588281,
          0.6710530600589705,
          1.0473434847157836,
          0.8616091917194528,
          1.766543795550771
        ],
        [
          1.0182336294942993,
          1.2506435167533048,
          0.7335587989588281,
          1.850320662841126,
          0.8005748132742427,
          1.6073024678942174,
          1.0922091265903915,
          0.9342010814082383
        ],
        [
          1.7836827714079937,
          0.9120402592027149,
          0.6710530600589705,
          0.8005748132742427,
          1.2664885264077776,
          1.0906217739152004,
          1.2811683818919155,
          1.5712093401408451
        ],
        [
          0.7191528491953131,
          1.4659794836032372,
          1.0473434847157836,
          1.6073024678942174,
          1.0906217739152004,
          1.771237703327701,
          0.6186527866936931,
          1.503148208859928
        ],
        [
          1.2031816591488256,
          1.3608535869903684,
          0.8616091917194528,
          1.0922091265903915,
          1.2811683818919155,
          0.6186527866936931,
          1.7998786909394928,
          0.6758403392887722
        ],
        [
          0.9188147482304576,
          0.8452456149240126,
          1.766543795550771,
          0.9342010814082383,
          1.5712093401408451,
          1.503148208859928,
          0.6758403392887722,
          0.002923158247624791
        ]
      ],
      "b_vector": [
        0.2855837744775918,
        0.40092694375117893,
        0.029726220681139646,
        0.5103977764319745,
        0.07626778063899074,
        0.15740702648435959,
        0.5805168942067014,
        0.35877060127209975
      ]
    }
  ],
  "shots": 3000,
  "backend": "sv1",
  "device_arn": "SV1",
  "aws_region": "eu-west-2",
  "ideal_preprocessing_list": [
    [
      [
        -1.7941253069422094,
        -0.6931878438507517,
        -0.2968593919360636,
        0.041638597853318776,
        1.0813322224447202,
        1.1433580973472972,
        1.7710033715810212,
        9.034397983396374
      ],
      [
        0.30234127087332663,
        0.005209852053057462,
        0.04880152220997075,
        0.046680534546684804,
        0.415600109219759,
        0.04877779706412032,
        0.10770205904772989,
        0.846935354498611
      ]
    ]
  ],
  "probability_threshold": 0,
  "k_qubits": 7,
  "preprocessing_mode": "ideal",
  "projection_mode": "all_components",
  "projection_subset": null,
  "num_solution_qubits": 3,
  "num_projections": 8,
  "projector_basis_states": [
    0,
    1,
    2,
    3,
    4,
    5,
    6,
    7
  ],
  "enhanced_projection_results": [
    {
      "problem_index": 0,
      "projection_tasks": [
        {
          "basis_state": 0,
          "task_id": "arn:aws:braket:eu-west-2:380012739362:quantum-task/b47430b9-660a-4678-a94e-069fce579b99",
          "status": "DONE",
          "shots": 3000,
          "created_at": "2025-12-21 12:51:46.464000+00:00",
          "ended_at": "2025-12-21 12:51:50.407000+00:00",
          "execution_time_seconds": 3.943,
          "counts": {
            "01100000000": 730,
            "11000000000": 1011,
            "00100000000": 516,
            "11100000000": 376,
            "10100000000": 105,
            "00000000000": 232,
            "10001110001": 1,
            "10000000000": 17,
            "11000110000": 1,
            "01000000001": 1,
            "00000000001": 1,
            "00010000001": 1,
            "01011000001": 1,
            "00110100000": 1,
            "01100000001": 2,
            "11101111001": 1,
            "01110000101": 1,
            "01011000000": 1,
            "10000000001": 1
          },
          "component_probability": 0.2,
          "success_rate": 0.0033333333333333335
        },
        {
          "basis_state": 1,
          "task_id": "arn:aws:braket:eu-west-2:380012739362:quantum-task/ff3dc3ef-8b03-49a1-b43b-789be16417c0",
          "status": "DONE",
          "shots": 3000,
          "created_at": "2025-12-21 12:51:48.938000+00:00",
          "ended_at": "2025-12-21 12:51:52.664000+00:00",
          "execution_time_seconds": 3.726,
          "counts": {
            "00100000000": 478,
            "11000000000": 1083,
            "01100000000": 732,
            "11100000000": 359,
            "00000000000": 231,
            "10100000000": 89,
            "10110100000": 1,
            "01000000001": 1,
            "10000000000": 20,
            "00001111000": 1,
            "01111111000": 1,
            "01100000001": 2,
            "01111011100": 1,
            "10100000001": 1
          },
          "component_probability": 0.0,
          "success_rate": 0.0013333333333333333
        },
        {
          "basis_state": 2,
          "task_id": "arn:aws:braket:eu-west-2:380012739362:quantum-task/48b5be77-030e-490b-8a85-8a6c5e86614b",
          "status": "DONE",
          "shots": 3000,
          "created_at": "2025-12-21 12:51:51.023000+00:00",
          "ended_at": "2025-12-21 12:51:54.475000+00:00",
          "execution_time_seconds": 3.452,
          "counts": {
            "11100000000": 373,
            "01100000000": 699,
            "11000000000": 1092,
            "00100000000": 467,
            "00000000000": 212,
            "10100000000": 123,
            "10000000000": 24,
            "01101110100": 1,
            "10100000001": 2,
            "01101000000": 1,
            "11011010000": 1,
            "01100000001": 1,
            "10111000000": 1,
            "01010110001": 1,
            "10000000001": 1,
            "00000000001": 1
          },
          "component_probability": 0.16666666666666666,
          "success_rate": 0.002
        },
        {
          "basis_state": 3,
          "task_id": "arn:aws:braket:eu-west-2:380012739362:quantum-task/3bf82d2a-a05f-4518-8805-b3121e47b567",
          "status": "DONE",
          "shots": 3000,
          "created_at": "2025-12-21 12:51:53.237000+00:00",
          "ended_at": "2025-12-21 12:51:56.693000+00:00",
          "execution_time_seconds": 3.456,
          "counts": {
            "11100000000": 395,
            "11000000000": 972,
            "00100000000": 536,
            "00000000000": 210,
            "01100000000": 725,
            "10100000000": 112,
            "10000000000": 37,
            "10100000001": 4,
            "01000000001": 2,
            "11110111000": 1,
            "01000000000": 1,
            "01100000001": 1,
            "00000000001": 1,
            "10010010101": 1,
            "10000000001": 1,
            "00011000001": 1
          },
          "component_probability": 0.09090909090909091,
          "success_rate": 0.0036666666666666666
        },
        {
          "basis_state": 4,
          "task_id": "arn:aws:braket:eu-west-2:380012739362:quantum-task/7a83b58e-6e65-490a-932e-1a7c7b778cd9",
          "status": "DONE",
          "shots": 3000,
          "created_at": "2025-12-21 12:51:55.680000+00:00",
          "ended_at": "2025-12-21 12:51:59.719000+00:00",
          "execution_time_seconds": 4.039,
          "counts": {
            "11000000000": 1043,
            "00100000000": 515,
            "10100000000": 108,
            "11100000000": 345,
            "01100000000": 745,
            "10100000001": 4,
            "00000000000": 205,
            "11100000001": 1,
            "10000000000": 26,
            "00011000001": 1,
            "11001000001": 1,
            "01100000001": 3,
            "11011000001": 1,
            "01011000001": 1,
            "01111010001": 1
          },
          "component_probability": 0.0,
          "success_rate": 0.004333333333333333
        },
        {
          "basis_state": 5,
          "task_id": "arn:aws:braket:eu-west-2:380012739362:quantum-task/b988c746-326e-4e19-8a8f-8d61a1265c4a",
          "status": "DONE",
          "shots": 3000,
          "created_at": "2025-12-21 12:51:57.847000+00:00",
          "ended_at": "2025-12-21 12:52:01.079000+00:00",
          "execution_time_seconds": 3.232,
          "counts": {
            "11000000000": 1087,
            "01100000000": 713,
            "10100000000": 87,
            "00100000000": 486,
            "00000000000": 207,
            "11100000000": 394,
            "10000000000": 16,
            "00010000001": 1,
            "11100000001": 1,
            "01000000001": 2,
            "01010100001": 1,
            "10110000000": 1,
            "10100000001": 2,
            "01000000000": 1,
            "01100000001": 1
          },
          "component_probability": 0.25,
          "success_rate": 0.0026666666666666666
        },
        {
          "basis_state": 6,
          "task_id": "arn:aws:braket:eu-west-2:380012739362:quantum-task/6f185bfb-d5f6-4f84-9ae2-f499ab72c1bd",
          "status": "DONE",
          "shots": 3000,
          "created_at": "2025-12-21 12:51:59.918000+00:00",
          "ended_at": "2025-12-21 12:52:03.803000+00:00",
          "execution_time_seconds": 3.885,
          "counts": {
            "00100000000": 489,
            "01100000000": 689,
            "11000000000": 1101,
            "10000000000": 22,
            "11100000000": 343,
            "10100000000": 100,
            "01011010000": 1,
            "00000000000": 240,
            "01100000001": 3,
            "01000000001": 3,
            "01111011000": 1,
            "10100000001": 2,
            "01000000000": 2,
            "10110000001": 2,
            "10011111000": 1,
            "10000000001": 1
          },
          "component_probability": 0.0,
          "success_rate": 0.0036666666666666666
        },
        {
          "basis_state": 7,
          "task_id": "arn:aws:braket:eu-west-2:380012739362:quantum-task/35a21a62-5280-45c4-ab7d-bf03dbb0d2a1",
          "status": "DONE",
          "shots": 3000,
          "created_at": "2025-12-21 12:52:01.985000+00:00",
          "ended_at": "2025-12-21 12:52:06.101000+00:00",
          "execution_time_seconds": 4.116,
          "counts": {
            "11000000000": 1065,
            "00100000000": 509,
            "00000000000": 204,
            "11100000000": 363,
            "01100000000": 708,
            "10100000000": 114,
            "10000000000": 28,
            "01000000001": 1,
            "10100000001": 2,
            "01101010000": 2,
            "10111000001": 1,
            "01100000001": 3
          },
          "component_probability": 0.0,
          "success_rate": 0.0023333333333333335
        }
      ],
      "depth": 4709,
      "num_projections": 8,
      "ideal_solution": [
        {
          "real": 0.2664074441671787,
          "imag": 0.0
        },
        {
          "real": -0.03451499562528567,
          "imag": 0.0
        },
        {
          "real": 0.3755280951670534,
          "imag": 0.0
        },
        {
          "real": 0.6401345000710227,
          "imag": 0.0
        },
        {
          "real": -0.1646695788792329,
          "imag": 0.0
        },
        {
          "real": -0.5708695309514324,
          "imag": 0.0
        },
        {
          "real": -0.09520615304573632,
          "imag": 0.0
        },
        {
          "real": -0.12235177634012517,
          "imag": 0.0
        }
      ],
      "reconstructed_solution_probabilities": [
        0.2826552462526767,
        0.0,
        0.23554603854389722,
        0.12847965738758033,
        0.0,
        0.3533190578158458,
        0.0,
        0.0
      ],
      "fidelity": 0.7968606328165425,
      "metadata": {
        "measured_components": [
          0,
          1,
          2,
          3,
          4,
          5,
          6,
          7
        ],
        "success_rates": [
          0.0033333333333333335,
          0.0013333333333333333,
          0.002,
          0.0036666666666666666,
          0.004333333333333333,
          0.0026666666666666666,
          0.0036666666666666666,
          0.0023333333333333335
        ],
        "raw_probabilities": [
          0.2,
          0.0,
          0.16666666666666666,
          0.09090909090909091,
          0.0,
          0.25,
          0.0,
          0.0
        ],
        "average_success_rate": 0.0029166666666666664,
        "total_probability": 0.7075757575757575
      },
      "total_problem_time_seconds": 19.637,
      "first_created_at": "2025-12-21 12:51:46.464000+00:00",
      "last_ended_at": "2025-12-21 12:52:06.101000+00:00"
    }
  ]
}