{
  "problem_list": [
    {
      "A_matrix": [
        [
          0.2207809363041029,
          0.7804923039123872,
          0.8921790693976568,
          1.0041966049626523,
          0.3404265994022694,
          1.3981491882540056,
          1.1620414189879607,
          1.299609634986393
        ],
        [
          0.7804923039123872,
          1.8303189027250053,
          0.9462036679803344,
          1.0823794179599053,
          0.31351783830964564,
          0.7014006748759013,
          0.7281751375254414,
          1.0539182046999729
        ],
        [
          0.8921790693976568,
          0.9462036679803344,
          1.0058000585563032,
          1.2136727422669473,
          1.9799998641279943,
          1.7109554367689355,
          0.6560391413064905,
          0.9356771409302826
        ],
        [
          1.0041966049626523,
          1.0823794179599053,
          1.2136727422669473,
          1.2240867413571404,
          1.575278252766425,
          1.197089757701189,
          0.9398299307025829,
          1.0165623566761677
        ],
        [
          0.3404265994022694,
          0.31351783830964564,
          1.9799998641279943,
          1.575278252766425,
          1.1179382176389492,
          1.1654207985845435,
          1.1679006732459798,
          0.5685118776640851
        ],
        [
          1.3981491882540056,
          0.7014006748759013,
          1.7109554367689355,
          1.197089757701189,
          1.1654207985845435,
          0.8639506314786756,
          1.163307920702965,
          1.2870655951943382
        ],
        [
          1.1620414189879607,
          0.7281751375254414,
          0.6560391413064905,
          0.9398299307025829,
          1.1679006732459798,
          1.163307920702965,
          0.7218893069972256,
          1.4606795461834543
        ],
        [
          1.299609634986393,
          1.0539182046999729,
          0.9356771409302826,
          1.0165623566761677,
          0.5685118776640851,
          1.2870655951943382,
          1.4606795461834543,
          0.4430364007297052
        ]
      ],
      "b_vector": [
        0.49143236418805475,
        0.5659374870423448,
        0.05287080573952231,
        0.09711640924993832,
        0.5824759814832045,
        0.20986345622907454,
        0.14741124259690375,
        0.14467570436804159
      ]
    }
  ],
  "shots": 3000,
  "backend": "sv1",
  "device_arn": "SV1",
  "aws_region": "eu-west-2",
  "ideal_preprocessing_list": [
    [
      [
        -1.5090153159161304,
        -1.1008649487310531,
        -0.9646037340975621,
        -0.18406654977971165,
        0.12919134456194928,
        0.934118099929335,
        1.6719412835986662,
        8.45110101622161
      ],
      [
        0.4823555091169943,
        0.24560649800775866,
        0.17003125037703667,
        0.16144467190437248,
        0.015506061288772216,
        0.1746782317347745,
        0.17334903589360595,
        0.7689166352380731
      ]
    ]
  ],
  "probability_threshold": 0,
  "k_qubits": 7,
  "preprocessing_mode": "ideal",
  "projection_mode": "all_components",
  "projection_subset": null,
  "num_solution_qubits": 3,
  "num_projections": 8,
  "projector_basis_states": [
    0,
    1,
    2,
    3,
    4,
    5,
    6,
    7
  ],
  "enhanced_projection_results": [
    {
      "problem_index": 0,
      "projection_tasks": [
        {
          "basis_state": 0,
          "task_id": "arn:aws:braket:eu-west-2:380012739362:quantum-task/eb752c66-8376-415c-ba1d-0480b41bcba8",
          "shots": 3000,
          "projector_index": 0
        },
        {
          "basis_state": 1,
          "task_id": "arn:aws:braket:eu-west-2:380012739362:quantum-task/2e767e21-fd68-408d-bcaa-39433266d7eb",
          "shots": 3000,
          "projector_index": 1
        },
        {
          "basis_state": 2,
          "task_id": "arn:aws:braket:eu-west-2:380012739362:quantum-task/4082c73f-9e0e-491b-86bb-bcda47f96b25",
          "shots": 3000,
          "projector_index": 2
        },
        {
          "basis_state": 3,
          "task_id": "arn:aws:braket:eu-west-2:380012739362:quantum-task/541fce9f-5a0a-4544-b0c0-7a8045d9dfb2",
          "shots": 3000,
          "projector_index": 3
        },
        {
          "basis_state": 4,
          "task_id": "arn:aws:braket:eu-west-2:380012739362:quantum-task/203c301d-a4a1-43b2-a185-25dd4b0d002f",
          "shots": 3000,
          "projector_index": 4
        },
        {
          "basis_state": 5,
          "task_id": "arn:aws:braket:eu-west-2:380012739362:quantum-task/ce87f386-17a3-4015-8280-e668be8250eb",
          "shots": 3000,
          "projector_index": 5
        },
        {
          "basis_state": 6,
          "task_id": "arn:aws:braket:eu-west-2:380012739362:quantum-task/ca112534-e783-44cf-be1f-dd5dd2c53da2",
          "shots": 3000,
          "projector_index": 6
        },
        {
          "basis_state": 7,
          "task_id": "arn:aws:braket:eu-west-2:380012739362:quantum-task/2c857f03-5dc6-434d-ac72-a70f077de156",
          "shots": 3000,
          "projector_index": 7
        }
      ],
      "depth": 4509,
      "num_projections": 8,
      "ideal_solution": [
        {
          "real": -0.03751931190369105,
          "imag": 0.0
        },
        {
          "real": -0.04161045711299272,
          "imag": 0.0
        },
        {
          "real": 0.08104428212476081,
          "imag": 0.0
        },
        {
          "real": 0.7772118439642913,
          "imag": 0.0
        },
        {
          "real": -0.47126381817516627,
          "imag": 0.0
        },
        {
          "real": 0.11939886509553341,
          "imag": 0.0
        },
        {
          "real": -0.37823017024639377,
          "imag": 0.0
        },
        {
          "real": 0.08264809760590991,
          "imag": 0.0
        }
      ]
    }
  ]
}