{
  "problem_list": [
    {
      "A_matrix": [
        [
          0.5607254165830555,
          1.2657464155634273,
          1.7685253437971633,
          1.175292014249,
          1.4225556526270933,
          1.4207176414427551,
          1.3909099672356007,
          0.21254332290008626,
          1.3082057752895597,
          0.8747014373661629,
          1.0362701782050645,
          0.8166375869214617,
          0.9157509567149789,
          0.8049790030509456,
          1.6299677612251195,
          1.2175156038108352
        ],
        [
          1.2657464155634273,
          0.6528599153796053,
          1.5566844820958008,
          0.8638207113932146,
          1.8610475295879694,
          1.3496609204282999,
          0.25208497447521216,
          0.6456499199009057,
          0.9911425556309117,
          1.0342616221288425,
          0.6473517072956272,
          0.46320561650595693,
          1.1888867443719064,
          1.4452277551506243,
          1.2522654932790824,
          0.9325400277125503
        ],
        [
          1.7685253437971633,
          1.5566844820958008,
          0.625228376484525,
          1.2517814732071095,
          1.595132248428608,
          0.690880888598514,
          1.5750460216265205,
          1.5642296740043564,
          1.3745004158374465,
          1.620724280702353,
          1.1333420165461265,
          1.1564209791837783,
          0.9494018073316324,
          0.46357211644157537,
          1.6909617378269748,
          1.0312675049184405
        ],
        [
          1.175292014249,
          0.8638207113932146,
          1.2517814732071095,
          0.043920452684026,
          1.7300980428841999,
          0.45705328285044944,
          1.1488457992485024,
          0.5516038900453889,
          1.3295540028443966,
          1.1464378782857043,
          1.1299986274752913,
          0.9233680842542128,
          1.3637736615292673,
          1.1191628256805202,
          0.8167599719968811,
          1.4708909806545758
        ],
        [
          1.4225556526270933,
          1.8610475295879694,
          1.595132248428608,
          1.7300980428841999,
          0.9515060374671509,
          1.1090051362743252,
          0.42946855732899425,
          1.1273992329842206,
          0.7373678802262054,
          1.4441120253182467,
          1.1746819431966449,
          1.4705029720142888,
          1.092690968162338,
          0.7175999357198763,
          0.43956920170974156,
          0.8647114119007552
        ],
        [
          1.4207176414427551,
          1.3496609204282999,
          0.690880888598514,
          0.45705328285044944,
          1.1090051362743252,
          0.833763736135426,
          1.2588964959568094,
          1.0624512191073294,
          0.9268037979411485,
          1.2495385407289632,
          0.7901331630422426,
          1.2953879916464526,
          0.8291475811166421,
          1.7973376357992974,
          1.383881065171149,
          1.1176341481604921
        ],
        [
          1.3909099672356007,
          0.25208497447521216,
          1.5750460216265205,
          1.1488457992485024,
          0.42946855732899425,
          1.2588964959568094,
          0.7246185117510899,
          0.6402319550235096,
          1.1685016960085692,
          0.7855419655906178,
          0.8433333269114155,
          0.724822419470467,
          0.545574199835767,
          1.263420378670404,
          0.7788521556648106,
          0.8162762155152632
        ],
        [
          0.21254332290008626,
          0.6456499199009057,
          1.5642296740043564,
          0.5516038900453889,
          1.1273992329842206,
          1.0624512191073294,
          0.6402319550235096,
          0.46029320290928855,
          1.1336418978583294,
          0.2542303302808224,
          1.1548689982979519,
          0.934214860969319,
          0.39260324555932913,
          1.033449962053607,
          0.8064817945378334,
          1.0857718632864524
        ],
        [
          1.3082057752895597,
          0.9911425556309117,
          1.3745004158374465,
          1.3295540028443966,
          0.7373678802262054,
          0.9268037979411485,
          1.1685016960085692,
          1.1336418978583294,
          1.6127065039626851,
          1.2100741896181364,
          0.9540291620541816,
          0.9175154320192555,
          0.856181363844716,
          0.9585231861768221,
          0.3940497005628236,
          1.4336521861866536
        ],
        [
          0.8747014373661629,
          1.0342616221288425,
          1.620724280702353,
          1.1464378782857043,
          1.4441120253182467,
          1.2495385407289632,
          0.7855419655906178,
          0.2542303302808224,
          1.2100741896181364,
          1.4710085132451758,
          0.9555779126906216,
          1.0109211045747442,
          0.7172911284483835,
          1.4173321069234566,
          0.43104527900969813,
          1.3962999753264451
        ],
        [
          1.0362701782050645,
          0.6473517072956272,
          1.1333420165461265,
          1.1299986274752913,
          1.1746819431966449,
          0.7901331630422426,
          0.8433333269114155,
          1.1548689982979519,
          0.9540291620541816,
          0.9555779126906216,
          1.2762981948853394,
          1.1257923544692894,
          0.21025714554738706,
          0.7374081281181774,
          1.61789042480093,
          0.5066641381197696
        ],
        [
          0.8166375869214617,
          0.46320561650595693,
          1.1564209791837783,
          0.9233680842542128,
          1.4705029720142888,
          1.2953879916464526,
          0.724822419470467,
          0.934214860969319,
          0.9175154320192555,
          1.0109211045747442,
          1.1257923544692894,
          1.5033796700012878,
          0.42658852866982244,
          1.0633268973550316,
          0.21965627429195322,
          1.542748514552997
        ],
        [
          0.9157509567149789,
          1.1888867443719064,
          0.9494018073316324,
          1.3637736615292673,
          1.092690968162338,
          0.8291475811166421,
          0.545574199835767,
          0.39260324555932913,
          0.856181363844716,
          0.7172911284483835,
          0.21025714554738706,
          0.42658852866982244,
          0.6236070849638045,
          1.1314006426046292,
          0.6197344371434986,
          1.7913261204971627
        ],
        [
          0.8049790030509456,
          1.4452277551506243,
          0.46357211644157537,
          1.1191628256805202,
          0.7175999357198763,
          1.7973376357992974,
          1.263420378670404,
          1.033449962053607,
          0.9585231861768221,
          1.4173321069234566,
          0.7374081281181774,
          1.0633268973550316,
          1.1314006426046292,
          1.04469105553741,
          1.0728131524489966,
          1.3334693356186773
        ],
        [
          1.6299677612251195,
          1.2522654932790824,
          1.6909617378269748,
          0.8167599719968811,
          0.43956920170974156,
          1.383881065171149,
          0.7788521556648106,
          0.8064817945378334,
          0.3940497005628236,
          0.43104527900969813,
          1.61789042480093,
          0.21965627429195322,
          0.6197344371434986,
          1.0728131524489966,
          1.5968646721243127,
          0.9633128405112296
        ],
        [
          1.2175156038108352,
          0.9325400277125503,
          1.0312675049184405,
          1.4708909806545758,
          0.8647114119007552,
          1.1176341481604921,
          0.8162762155152632,
          1.0857718632864524,
          1.4336521861866536,
          1.3962999753264451,
          0.5066641381197696,
          1.542748514552997,
          1.7913261204971627,
          1.3334693356186773,
          0.9633128405112296,
          0.9859839575142593
        ]
      ],
      "b_vector": [
        0.11505708153422627,
        0.11236779123273909,
        0.047409905939135626,
        0.5100674386181948,
        0.3629452892225065,
        0.3972355866974937,
        0.12521755325812584,
        0.08820944962796402,
        0.18775466300728288,
        0.012977428601741472,
        0.3328831688486246,
        0.20753820374103593,
        0.4267572061531253,
        0.010036579381794683,
        0.16114571396749708,
        0.03520220304236408
      ]
    }
  ],
  "shots": 3000,
  "backend": "sv1",
  "device_arn": "SV1",
  "aws_region": "eu-west-2",
  "ideal_preprocessing_list": [
    [
      [
        -2.663569085348202,
        -2.193843420363204,
        -1.6700275106781206,
        -1.456203779272646,
        -1.2209191729801236,
        -0.8934888863149495,
        -0.13985189071380955,
        -0.05740102058248268,
        0.29206930069149045,
        0.45705146385891654,
        0.7863801843762088,
        1.3322318681860192,
        1.515443400436752,
        1.7681020124917732,
        2.4042203346838775,
        16.707261503156936
      ],
      [
        0.028210127809386632,
        0.1312203294040723,
        0.12165183833105078,
        0.3231985306736893,
        0.06779420165630279,
        0.2404479137899699,
        0.19586673378411878,
        0.33751056321034323,
        0.02769087760591571,
        0.12596260516143554,
        0.16201704544347129,
        0.052734181925063836,
        0.12369143142436632,
        0.0470031633918787,
        0.00877305518197731,
        0.7647162411653519
      ]
    ]
  ],
  "probability_threshold": 0,
  "k_qubits": 7,
  "preprocessing_mode": "ideal",
  "projection_mode": "all_components",
  "projection_subset": null,
  "num_solution_qubits": 4,
  "num_projections": 16,
  "projector_basis_states": [
    0,
    1,
    2,
    3,
    4,
    5,
    6,
    7,
    8,
    9,
    10,
    11,
    12,
    13,
    14,
    15
  ],
  "enhanced_projection_results": [
    {
      "problem_index": 0,
      "projection_tasks": [
        {
          "basis_state": 0,
          "task_id": "arn:aws:braket:eu-west-2:380012739362:quantum-task/0ba8da74-e7da-4fe9-859d-5110dc341632",
          "shots": 3000,
          "projector_index": 0
        },
        {
          "basis_state": 1,
          "task_id": "arn:aws:braket:eu-west-2:380012739362:quantum-task/e6b8cf72-3502-4ef8-8c41-bde1f7603c90",
          "shots": 3000,
          "projector_index": 1
        },
        {
          "basis_state": 2,
          "task_id": "arn:aws:braket:eu-west-2:380012739362:quantum-task/a9a99e11-91ec-4428-8b0c-b178097e53bd",
          "shots": 3000,
          "projector_index": 2
        },
        {
          "basis_state": 3,
          "task_id": "arn:aws:braket:eu-west-2:380012739362:quantum-task/66f6ce0f-4afb-41fe-b2aa-8007dc1bb95e",
          "shots": 3000,
          "projector_index": 3
        },
        {
          "basis_state": 4,
          "task_id": "arn:aws:braket:eu-west-2:380012739362:quantum-task/01140491-262d-4074-a380-f8d8405c6606",
          "shots": 3000,
          "projector_index": 4
        },
        {
          "basis_state": 5,
          "task_id": "arn:aws:braket:eu-west-2:380012739362:quantum-task/619a5bcc-7b9c-4543-b1e4-5c0db9450f6b",
          "shots": 3000,
          "projector_index": 5
        },
        {
          "basis_state": 6,
          "task_id": "arn:aws:braket:eu-west-2:380012739362:quantum-task/4767d99d-f8c4-4721-a7e2-afc4193341cf",
          "shots": 3000,
          "projector_index": 6
        },
        {
          "basis_state": 7,
          "task_id": "arn:aws:braket:eu-west-2:380012739362:quantum-task/b299ee83-75ed-4957-9ea1-a4b08c20e0b8",
          "shots": 3000,
          "projector_index": 7
        },
        {
          "basis_state": 8,
          "task_id": "arn:aws:braket:eu-west-2:380012739362:quantum-task/379ce7c7-aba9-4ea9-be28-2f34ccb02d18",
          "shots": 3000,
          "projector_index": 8
        },
        {
          "basis_state": 9,
          "task_id": "arn:aws:braket:eu-west-2:380012739362:quantum-task/1c63211f-7b70-4d5a-abb0-8b1f730b36f8",
          "shots": 3000,
          "projector_index": 9
        },
        {
          "basis_state": 10,
          "task_id": "arn:aws:braket:eu-west-2:380012739362:quantum-task/5d21a9b3-c9e6-4f5f-b1d6-1240aad09fe0",
          "shots": 3000,
          "projector_index": 10
        },
        {
          "basis_state": 11,
          "task_id": "arn:aws:braket:eu-west-2:380012739362:quantum-task/f888d23c-6315-41b7-b77a-6f68d3ad824d",
          "shots": 3000,
          "projector_index": 11
        },
        {
          "basis_state": 12,
          "task_id": "arn:aws:braket:eu-west-2:380012739362:quantum-task/b850157d-bb03-4dfc-b412-a76ea43b2d2e",
          "shots": 3000,
          "projector_index": 12
        },
        {
          "basis_state": 13,
          "task_id": "arn:aws:braket:eu-west-2:380012739362:quantum-task/f0a7b985-6b85-401b-b37b-979c788cf3da",
          "shots": 3000,
          "projector_index": 13
        },
        {
          "basis_state": 14,
          "task_id": "arn:aws:braket:eu-west-2:380012739362:quantum-task/1c282e93-dfaa-43f9-bc0e-c9c861682279",
          "shots": 3000,
          "projector_index": 14
        },
        {
          "basis_state": 15,
          "task_id": "arn:aws:braket:eu-west-2:380012739362:quantum-task/31c40253-b198-4820-8bb2-46129640e9da",
          "shots": 3000,
          "projector_index": 15
        }
      ],
      "depth": 12997,
      "num_projections": 16,
      "ideal_solution": [
        {
          "real": -0.0030272328773241902,
          "imag": 0.0
        },
        {
          "real": -0.009273893959713465,
          "imag": 0.0
        },
        {
          "real": 0.33371565873303416,
          "imag": 0.0
        },
        {
          "real": -0.3539033921928643,
          "imag": 0.0
        },
        {
          "real": -0.2527574722727036,
          "imag": 0.0
        },
        {
          "real": -0.033553373408560044,
          "imag": 0.0
        },
        {
          "real": -0.3002532965859149,
          "imag": 0.0
        },
        {
          "real": 0.11125162832092085,
          "imag": 0.0
        },
        {
          "real": -0.00013690862614453142,
          "imag": 0.0
        },
        {
          "real": 0.34217924281135415,
          "imag": 0.0
        },
        {
          "real": -0.3350798194850657,
          "imag": 0.0
        },
        {
          "real": 0.18748935539757877,
          "imag": 0.0
        },
        {
          "real": -0.16282475250589679,
          "imag": 0.0
        },
        {
          "real": -0.28467667883188164,
          "imag": 0.0
        },
        {
          "real": 0.29762831804275236,
          "imag": 0.0
        },
        {
          "real": 0.3675557363480576,
          "imag": 0.0
        }
      ]
    }
  ]
}