{
  "problem_list": [
    {
      "A_matrix": [
        [
          1.7788267881208424,
          0.9450826384308308,
          0.26424371797259805,
          0.9665687816439851,
          1.0268971978510866,
          0.9019320001579717,
          1.2436717123084944,
          0.7328798235917479,
          1.0938181557915603,
          1.4611929557505468,
          1.4638196110169,
          0.4484404659348089,
          1.105288636807126,
          0.6835004670559517,
          1.4425475472326077,
          0.6914695863053386
        ],
        [
          0.9450826384308308,
          1.476279904823169,
          0.28877900303513193,
          1.1597555910770603,
          0.6351550141052349,
          1.3055161073114845,
          1.5762397824418661,
          0.8521464471801533,
          0.44313234342157326,
          1.386798115470523,
          0.6674133513786937,
          0.27136835247929025,
          0.8413656881581566,
          0.9831750206370405,
          0.4362941639948539,
          0.9993454774254638
        ],
        [
          0.26424371797259805,
          0.28877900303513193,
          1.856030159603748,
          1.3531657823585883,
          0.48672844031997997,
          0.8419497366661078,
          0.6468978091908607,
          1.181687543889261,
          0.6548508993342107,
          1.5600681892579389,
          1.274203470298327,
          0.9725827885374303,
          1.51041905913829,
          0.7462581535971803,
          1.2718095732930434,
          0.7260539839344216
        ],
        [
          0.9665687816439851,
          1.1597555910770603,
          1.3531657823585883,
          1.2500449955632895,
          1.326528970885542,
          0.41710623542089587,
          1.7167471012737283,
          1.3798764921835733,
          0.5082213968833585,
          1.3084870853897153,
          1.4909891937083506,
          0.1981742382728795,
          1.3871736292174721,
          0.3902334058659951,
          0.5695021665809956,
          0.8512837534063528
        ],
        [
          1.0268971978510866,
          0.6351550141052349,
          0.48672844031997997,
          1.326528970885542,
          1.0652607603903947,
          1.2547434213785187,
          1.703372067446618,
          1.6065589988790894,
          1.0354724331567031,
          0.8858017368427946,
          1.1531458219767514,
          0.5335954915433465,
          0.6073874093358105,
          1.0072446790349836,
          0.7010337686789816,
          0.450114054103085
        ],
        [
          0.9019320001579717,
          1.3055161073114845,
          0.8419497366661078,
          0.41710623542089587,
          1.2547434213785187,
          0.6184034637891711,
          0.8194323743965731,
          0.6744650788133116,
          0.8674451221518016,
          0.9678381798825457,
          1.8663525968953003,
          1.2378551214602291,
          1.5704604172958847,
          1.5404902640307334,
          1.273193822085272,
          0.9242311110422878
        ],
        [
          1.2436717123084944,
          1.5762397824418661,
          0.6468978091908607,
          1.7167471012737283,
          1.703372067446618,
          0.8194323743965731,
          0.6390315244826048,
          0.6682849294997305,
          1.0044243259798713,
          1.1755900743514152,
          0.525270836335094,
          1.3514130144582561,
          1.1560379512799321,
          1.2954458538135234,
          0.8961680180826468,
          0.9344820054808609
        ],
        [
          0.7328798235917479,
          0.8521464471801533,
          1.181687543889261,
          1.3798764921835733,
          1.6065589988790894,
          0.6744650788133116,
          0.6682849294997305,
          1.9232704294312502,
          1.0335139438033476,
          0.9963546329711012,
          0.9271759667099114,
          0.7863358069592769,
          1.1242577340572324,
          1.8130345281625564,
          0.6897565329565843,
          0.31157673580538947
        ],
        [
          1.0938181557915603,
          0.44313234342157326,
          0.6548508993342107,
          0.5082213968833585,
          1.0354724331567031,
          0.8674451221518016,
          1.0044243259798713,
          1.0335139438033476,
          1.7534677547031399,
          1.12240304578268,
          1.4334127175462048,
          1.1424366644991675,
          0.6682485254907797,
          1.4619967310754944,
          1.3314886430248887,
          1.1758332414359738
        ],
        [
          1.4611929557505468,
          1.386798115470523,
          1.5600681892579389,
          1.3084870853897153,
          0.8858017368427946,
          0.9678381798825457,
          1.1755900743514152,
          0.9963546329711012,
          1.12240304578268,
          0.8814526663265383,
          1.7616961329428782,
          1.2787989431277933,
          1.0779499182097374,
          0.25066087490488886,
          0.9232552201802428,
          0.978217700186586
        ],
        [
          1.4638196110169,
          0.6674133513786937,
          1.274203470298327,
          1.4909891937083506,
          1.1531458219767514,
          1.8663525968953003,
          0.525270836335094,
          0.9271759667099114,
          1.4334127175462048,
          1.7616961329428782,
          1.7304005397344653,
          0.23460749168377848,
          1.1405973947603183,
          1.2762252743878664,
          0.33754354829347843,
          0.7181299719892005
        ],
        [
          0.4484404659348089,
          0.27136835247929025,
          0.9725827885374303,
          0.1981742382728795,
          0.5335954915433465,
          1.2378551214602291,
          1.3514130144582561,
          0.7863358069592769,
          1.1424366644991675,
          1.2787989431277933,
          0.23460749168377848,
          0.6296022525290748,
          0.5032358217070341,
          1.527693765476037,
          1.216069981552716,
          1.3135077952464815
        ],
        [
          1.105288636807126,
          0.8413656881581566,
          1.51041905913829,
          1.3871736292174721,
          0.6073874093358105,
          1.5704604172958847,
          1.1560379512799321,
          1.1242577340572324,
          0.6682485254907797,
          1.0779499182097374,
          1.1405973947603183,
          0.5032358217070341,
          0.2598411830662164,
          0.19506312107236068,
          1.2794761050140346,
          1.2929403618132578
        ],
        [
          0.6835004670559517,
          0.9831750206370405,
          0.7462581535971803,
          0.3902334058659951,
          1.0072446790349836,
          1.5404902640307334,
          1.2954458538135234,
          1.8130345281625564,
          1.4619967310754944,
          0.25066087490488886,
          1.2762252743878664,
          1.527693765476037,
          0.19506312107236068,
          0.9053557202056937,
          1.7301423238954987,
          1.3887291672400899
        ],
        [
          1.4425475472326077,
          0.4362941639948539,
          1.2718095732930434,
          0.5695021665809956,
          0.7010337686789816,
          1.273193822085272,
          0.8961680180826468,
          0.6897565329565843,
          1.3314886430248887,
          0.9232552201802428,
          0.33754354829347843,
          1.216069981552716,
          1.2794761050140346,
          1.7301423238954987,
          1.805860461015162,
          1.266275129057613
        ],
        [
          0.6914695863053386,
          0.9993454774254638,
          0.7260539839344216,
          0.8512837534063528,
          0.450114054103085,
          0.9242311110422878,
          0.9344820054808609,
          0.31157673580538947,
          1.1758332414359738,
          0.978217700186586,
          0.7181299719892005,
          1.3135077952464815,
          1.2929403618132578,
          1.3887291672400899,
          1.266275129057613,
          1.9797963545000954
        ]
      ],
      "b_vector": [
        0.330715463628953,
        0.0064441993992564416,
        0.002260534244208193,
        0.08448093468346551,
        0.13494141080063732,
        0.27750064378605055,
        0.292545993300418,
        0.3740937832055183,
        0.09730195048496905,
        0.08267755111867804,
        0.16329267820792767,
        0.3498811347177992,
        0.47841683272811464,
        0.03304358170946363,
        0.3360222705507623,
        0.23329904187602174
      ]
    }
  ],
  "shots": 3000,
  "backend": "sv1",
  "device_arn": "SV1",
  "aws_region": "eu-west-2",
  "ideal_preprocessing_list": [
    [
      [
        -2.522810797037024,
        -2.1935793751440857,
        -1.6667401896714653,
        -0.9139801364391087,
        -0.7562881078019853,
        -0.3714525364714079,
        -0.09984272254776007,
        0.3669518221637608,
        0.512393983732437,
        0.8491848935777461,
        1.2619511718254086,
        1.8648399670522275,
        2.2104917688437284,
        2.2814296870537323,
        3.3037307893670667,
        16.426644739781587
      ],
      [
        0.0891656368472458,
        0.1466203041825081,
        0.09130547152895488,
        0.10631747156441257,
        0.2526971143288835,
        0.24943335853321408,
        0.26291563025827813,
        0.06507272121918638,
        0.12109515381598397,
        0.10598618910577771,
        0.21164049227784443,
        0.01107795985631907,
        0.03406795032438417,
        0.01753862779435428,
        0.11994969567917677,
        0.8153602125275607
      ]
    ]
  ],
  "probability_threshold": 0,
  "k_qubits": 7,
  "preprocessing_mode": "ideal",
  "projection_mode": "all_components",
  "projection_subset": null,
  "num_solution_qubits": 4,
  "num_projections": 16,
  "projector_basis_states": [
    0,
    1,
    2,
    3,
    4,
    5,
    6,
    7,
    8,
    9,
    10,
    11,
    12,
    13,
    14,
    15
  ],
  "enhanced_projection_results": [
    {
      "problem_index": 0,
      "projection_tasks": [
        {
          "basis_state": 0,
          "task_id": "arn:aws:braket:eu-west-2:380012739362:quantum-task/e44a76f2-1f5c-47a1-a72e-3a863717f826",
          "shots": 3000,
          "projector_index": 0
        },
        {
          "basis_state": 1,
          "task_id": "arn:aws:braket:eu-west-2:380012739362:quantum-task/350fae5f-8033-47d7-81ee-e26c44d0f784",
          "shots": 3000,
          "projector_index": 1
        },
        {
          "basis_state": 2,
          "task_id": "arn:aws:braket:eu-west-2:380012739362:quantum-task/a4a1778a-694f-4bc7-a24f-a967e3aac041",
          "shots": 3000,
          "projector_index": 2
        },
        {
          "basis_state": 3,
          "task_id": "arn:aws:braket:eu-west-2:380012739362:quantum-task/bb781c14-d418-44f2-8ac4-e9993728f5d2",
          "shots": 3000,
          "projector_index": 3
        },
        {
          "basis_state": 4,
          "task_id": "arn:aws:braket:eu-west-2:380012739362:quantum-task/6bcb7db6-e5c3-459a-a7b6-8752dda29d7d",
          "shots": 3000,
          "projector_index": 4
        },
        {
          "basis_state": 5,
          "task_id": "arn:aws:braket:eu-west-2:380012739362:quantum-task/4fca0fcb-47c4-4f4b-bc73-2fd7ae8d49d1",
          "shots": 3000,
          "projector_index": 5
        },
        {
          "basis_state": 6,
          "task_id": "arn:aws:braket:eu-west-2:380012739362:quantum-task/9f5bfacb-c378-4f75-9012-75a8172cce97",
          "shots": 3000,
          "projector_index": 6
        },
        {
          "basis_state": 7,
          "task_id": "arn:aws:braket:eu-west-2:380012739362:quantum-task/bfc3b5e6-0762-4b2f-8acf-198b9436c32b",
          "shots": 3000,
          "projector_index": 7
        },
        {
          "basis_state": 8,
          "task_id": "arn:aws:braket:eu-west-2:380012739362:quantum-task/35e5e6be-36a9-451c-a45b-b0f379cd98f4",
          "shots": 3000,
          "projector_index": 8
        },
        {
          "basis_state": 9,
          "task_id": "arn:aws:braket:eu-west-2:380012739362:quantum-task/61ac2fff-5a0b-440f-b943-e541d10d4971",
          "shots": 3000,
          "projector_index": 9
        },
        {
          "basis_state": 10,
          "task_id": "arn:aws:braket:eu-west-2:380012739362:quantum-task/e4fb223b-87a4-4e31-a261-d9cea4c8e45a",
          "shots": 3000,
          "projector_index": 10
        },
        {
          "basis_state": 11,
          "task_id": "arn:aws:braket:eu-west-2:380012739362:quantum-task/31f077ba-fd23-4cfe-9426-2e6c2959d33c",
          "shots": 3000,
          "projector_index": 11
        },
        {
          "basis_state": 12,
          "task_id": "arn:aws:braket:eu-west-2:380012739362:quantum-task/f914bbaa-4575-47a8-8093-7e95412e1b3a",
          "shots": 3000,
          "projector_index": 12
        },
        {
          "basis_state": 13,
          "task_id": "arn:aws:braket:eu-west-2:380012739362:quantum-task/618e7c87-c230-48de-9609-ccc56dcff724",
          "shots": 3000,
          "projector_index": 13
        },
        {
          "basis_state": 14,
          "task_id": "arn:aws:braket:eu-west-2:380012739362:quantum-task/2e54b65b-3d48-4aac-b1ee-af053e507543",
          "shots": 3000,
          "projector_index": 14
        },
        {
          "basis_state": 15,
          "task_id": "arn:aws:braket:eu-west-2:380012739362:quantum-task/0f459bdd-ae86-4ea4-911a-4ebbfa0a5951",
          "shots": 3000,
          "projector_index": 15
        }
      ],
      "depth": 13133,
      "num_projections": 16,
      "ideal_solution": [
        {
          "real": -0.24938811465322627,
          "imag": 0.0
        },
        {
          "real": 0.30172457714778006,
          "imag": 0.0
        },
        {
          "real": 0.1925199333575898,
          "imag": 0.0
        },
        {
          "real": 0.25144716074181006,
          "imag": 0.0
        },
        {
          "real": -0.03457242039250991,
          "imag": 0.0
        },
        {
          "real": -0.08704506533831224,
          "imag": 0.0
        },
        {
          "real": 0.08239479246149886,
          "imag": 0.0
        },
        {
          "real": -0.3159773241939869,
          "imag": 0.0
        },
        {
          "real": 0.343975845891876,
          "imag": 0.0
        },
        {
          "real": -0.2512282953178318,
          "imag": 0.0
        },
        {
          "real": 0.031588345973423027,
          "imag": 0.0
        },
        {
          "real": -0.45630782910871975,
          "imag": 0.0
        },
        {
          "real": -0.1318914945980558,
          "imag": 0.0
        },
        {
          "real": 0.18309847561254455,
          "imag": 0.0
        },
        {
          "real": 0.37840788179982593,
          "imag": 0.0
        },
        {
          "real": -0.21520441674998028,
          "imag": 0.0
        }
      ]
    }
  ]
}