{
  "problem_list": [
    {
      "A_matrix": [
        [
          1.1671983634100151,
          0.8473695857139215,
          0.6052151258439814,
          1.5863327452730052,
          1.2663805019309398,
          1.4330830163593244,
          1.6929549005010163,
          1.179687756556468
        ],
        [
          0.8473695857139215,
          0.3541865751797082,
          1.3129904279935491,
          0.3816254415825824,
          1.3757839591860122,
          1.730420256605452,
          1.4816820986679213,
          1.1606915549290937
        ],
        [
          0.6052151258439814,
          1.3129904279935491,
          0.04134276673794535,
          1.115153592956113,
          0.765951402801501,
          0.9142394483775279,
          1.0061158877562812,
          1.0167392013398215
        ],
        [
          1.5863327452730052,
          0.3816254415825824,
          1.115153592956113,
          1.1421747859722566,
          0.3623939697333114,
          0.9550207867513048,
          0.4921527335623388,
          0.8223892776153497
        ],
        [
          1.2663805019309398,
          1.3757839591860122,
          0.765951402801501,
          0.3623939697333114,
          1.4355893000692348,
          1.2882568701306651,
          0.9090526088454577,
          0.5403708456378695
        ],
        [
          1.4330830163593244,
          1.730420256605452,
          0.9142394483775279,
          0.9550207867513048,
          1.2882568701306651,
          1.742356726224626,
          0.6103110064113587,
          1.1193976709561335
        ],
        [
          1.6929549005010163,
          1.4816820986679213,
          1.0061158877562812,
          0.4921527335623388,
          0.9090526088454577,
          0.6103110064113587,
          0.9111181141516347,
          1.121388508748236
        ],
        [
          1.179687756556468,
          1.1606915549290937,
          1.0167392013398215,
          0.8223892776153497,
          0.5403708456378695,
          1.1193976709561335,
          1.121388508748236,
          1.795590057057431
        ]
      ],
      "b_vector": [
        0.22422796788142244,
        0.32820015378511985,
        0.448802872116631,
        0.11446763365973488,
        0.009091642776951958,
        0.48026034797027467,
        0.48623036038070233,
        0.4004085377992515
      ]
    }
  ],
  "shots": 3000,
  "backend": "sv1",
  "device_arn": "SV1",
  "aws_region": "eu-west-2",
  "ideal_preprocessing_list": [
    [
      [
        -1.5824966401982536,
        -1.4403669611819194,
        -0.10234088894152592,
        0.026961371486552158,
        0.7657462597164042,
        1.015227475742427,
        1.4202861999626755,
        8.486539872216495
      ],
      [
        0.13606229776659184,
        0.11272762501114783,
        0.2571483851764912,
        0.173133846368979,
        0.12296974234906849,
        0.2505451943079445,
        0.07576772033948566,
        0.8882813256839199
      ]
    ]
  ],
  "probability_threshold": 0,
  "k_qubits": 7,
  "preprocessing_mode": "ideal",
  "projection_mode": "all_components",
  "projection_subset": null,
  "num_solution_qubits": 3,
  "num_projections": 8,
  "projector_basis_states": [
    0,
    1,
    2,
    3,
    4,
    5,
    6,
    7
  ],
  "enhanced_projection_results": [
    {
      "problem_index": 0,
      "projection_tasks": [
        {
          "basis_state": 0,
          "task_id": "arn:aws:braket:eu-west-2:380012739362:quantum-task/9c1fb9ed-a57d-48e4-9857-6ee223c9eaea",
          "shots": 3000,
          "projector_index": 0
        },
        {
          "basis_state": 1,
          "task_id": "arn:aws:braket:eu-west-2:380012739362:quantum-task/364146f6-0b82-4651-b7f2-4d853a95afc4",
          "shots": 3000,
          "projector_index": 1
        },
        {
          "basis_state": 2,
          "task_id": "arn:aws:braket:eu-west-2:380012739362:quantum-task/b4a72062-f405-40b6-a686-08ab257644aa",
          "shots": 3000,
          "projector_index": 2
        },
        {
          "basis_state": 3,
          "task_id": "arn:aws:braket:eu-west-2:380012739362:quantum-task/372f60a5-b5b7-4a19-8570-05c648268b70",
          "shots": 3000,
          "projector_index": 3
        },
        {
          "basis_state": 4,
          "task_id": "arn:aws:braket:eu-west-2:380012739362:quantum-task/186facca-e33e-4ca8-8fba-ec8723ac0cbb",
          "shots": 3000,
          "projector_index": 4
        },
        {
          "basis_state": 5,
          "task_id": "arn:aws:braket:eu-west-2:380012739362:quantum-task/e72b66b6-aae6-4b2c-8993-970510efbb13",
          "shots": 3000,
          "projector_index": 5
        },
        {
          "basis_state": 6,
          "task_id": "arn:aws:braket:eu-west-2:380012739362:quantum-task/9dddf715-c65c-45c8-bde7-1b9acd996192",
          "shots": 3000,
          "projector_index": 6
        },
        {
          "basis_state": 7,
          "task_id": "arn:aws:braket:eu-west-2:380012739362:quantum-task/eb1584d9-e268-481a-961e-6e2ea619ae63",
          "shots": 3000,
          "projector_index": 7
        }
      ],
      "depth": 4348,
      "num_projections": 8,
      "ideal_solution": [
        {
          "real": -0.5073406488223509,
          "imag": 0.0
        },
        {
          "real": 0.27369179441091546,
          "imag": 0.0
        },
        {
          "real": 0.6550049139762618,
          "imag": 0.0
        },
        {
          "real": 0.3357732671789112,
          "imag": 0.0
        },
        {
          "real": 0.09398807823252169,
          "imag": 0.0
        },
        {
          "real": -0.2981717830211358,
          "imag": 0.0
        },
        {
          "real": -0.018437471039957062,
          "imag": 0.0
        },
        {
          "real": -0.1668623146831049,
          "imag": 0.0
        }
      ]
    }
  ]
}