{
  "problem_list": [
    {
      "A_matrix": [
        [
          1.1361320958536656,
          0.9324861823733815,
          0.965921131574329,
          1.1598699572188864,
          1.2442759471910132,
          0.18177428572393217,
          0.8949845862115169,
          1.0805254584154242,
          0.8779518194612869,
          0.9346856313915745,
          0.8951011564577639,
          0.6133345490907206,
          1.4062012127429422,
          1.6804466783819976,
          1.2784105374935586,
          0.5298085878784302
        ],
        [
          0.9324861823733815,
          0.3649671516815709,
          0.9868841983409052,
          0.6515394085331585,
          0.8219733024434122,
          0.5770361317411496,
          1.4885721714452949,
          0.5788143343137608,
          1.2880634286654387,
          1.3916560060659546,
          0.3956222458952655,
          1.039945056459221,
          1.28743526627396,
          1.7289033917941996,
          1.8377093963359168,
          1.1068188890139325
        ],
        [
          0.965921131574329,
          0.9868841983409052,
          1.44844718622412,
          1.8279543854505798,
          1.067214853502176,
          1.3393113261689058,
          1.5263565151582177,
          0.35387775288859447,
          0.5444567679235548,
          0.4111889144298938,
          0.9286926968325302,
          0.6630234123611446,
          0.2405996742369857,
          0.4229188507628189,
          1.2864805317431998,
          0.24055582416670485
        ],
        [
          1.1598699572188864,
          0.6515394085331585,
          1.8279543854505798,
          1.9923297357204977,
          0.8746281005946629,
          1.3450495606687227,
          0.6603943344778337,
          1.168970480607022,
          0.959855587591622,
          0.9686496975081733,
          0.37031525814370225,
          1.1328329368560413,
          0.6935386577230911,
          0.7577465240270289,
          0.91145943781877,
          1.1275094331951592
        ],
        [
          1.2442759471910132,
          0.8219733024434122,
          1.067214853502176,
          0.8746281005946629,
          1.7177174987946306,
          1.6640208555382219,
          1.1261552915558268,
          0.21221375385619956,
          0.8994888877400699,
          0.25076910032330724,
          0.5188092953598896,
          0.8786193207230545,
          0.48805671291733876,
          1.151049782274328,
          0.7333056276518721,
          1.0808580242631414
        ],
        [
          0.18177428572393217,
          0.5770361317411496,
          1.3393113261689058,
          1.3450495606687227,
          1.6640208555382219,
          1.1632399744226751,
          0.2609454520680172,
          0.7712207637857381,
          1.0797824569161567,
          0.8225870425312501,
          0.6246731478663909,
          0.7278979593987933,
          1.391663468421821,
          0.8027622951591268,
          0.258501756866662,
          0.7425421419003635
        ],
        [
          0.8949845862115169,
          1.4885721714452949,
          1.5263565151582177,
          0.6603943344778337,
          1.1261552915558268,
          0.2609454520680172,
          0.9382562904782179,
          0.1272982595552622,
          1.4118097174287079,
          0.9116677610560633,
          0.9288264120866644,
          0.778491484158462,
          0.4582343729801036,
          1.069469117283402,
          0.9897654331433765,
          0.16915660516977182
        ],
        [
          1.0805254584154242,
          0.5788143343137608,
          0.35387775288859447,
          1.168970480607022,
          0.21221375385619956,
          0.7712207637857381,
          0.1272982595552622,
          0.27585109906364624,
          0.9709780727814582,
          0.4123183486876736,
          1.2033005305337476,
          1.151073067138984,
          1.1383346879088339,
          1.482066536196311,
          0.45493468946164584,
          1.3518275430062223
        ],
        [
          0.8779518194612869,
          1.2880634286654387,
          0.5444567679235548,
          0.959855587591622,
          0.8994888877400699,
          1.0797824569161567,
          1.4118097174287079,
          0.9709780727814582,
          0.3279782006437626,
          1.568630518918562,
          1.724732947122864,
          1.5524275310673807,
          1.5912490854879122,
          1.2593655481404924,
          1.4798197359171095,
          0.91555382592954
        ],
        [
          0.9346856313915745,
          1.3916560060659546,
          0.4111889144298938,
          0.9686496975081733,
          0.25076910032330724,
          0.8225870425312501,
          0.9116677610560633,
          0.4123183486876736,
          1.568630518918562,
          1.1748460630271784,
          1.7911165486295615,
          0.7144280369308901,
          1.4922556927647541,
          0.9351512623604628,
          0.6641690060488766,
          1.1445687786849839
        ],
        [
          0.8951011564577639,
          0.3956222458952655,
          0.9286926968325302,
          0.37031525814370225,
          0.5188092953598896,
          0.6246731478663909,
          0.9288264120866644,
          1.2033005305337476,
          1.724732947122864,
          1.7911165486295615,
          0.8892185384381228,
          1.2646942492673459,
          1.167212822748509,
          1.090040113485721,
          1.1444407115582382,
          1.2289894645759285
        ],
        [
          0.6133345490907206,
          1.039945056459221,
          0.6630234123611446,
          1.1328329368560413,
          0.8786193207230545,
          0.7278979593987933,
          0.778491484158462,
          1.151073067138984,
          1.5524275310673807,
          0.7144280369308901,
          1.2646942492673459,
          1.7442189507649537,
          1.2542680122758463,
          1.0780560879882972,
          0.16306253891365474,
          1.5724792869446023
        ],
        [
          1.4062012127429422,
          1.28743526627396,
          0.2405996742369857,
          0.6935386577230911,
          0.48805671291733876,
          1.391663468421821,
          0.4582343729801036,
          1.1383346879088339,
          1.5912490854879122,
          1.4922556927647541,
          1.167212822748509,
          1.2542680122758463,
          1.8813603407277486,
          1.3130347613678852,
          1.117656961446026,
          1.417102526102835
        ],
        [
          1.6804466783819976,
          1.7289033917941996,
          0.4229188507628189,
          0.7577465240270289,
          1.151049782274328,
          0.8027622951591268,
          1.069469117283402,
          1.482066536196311,
          1.2593655481404924,
          0.9351512623604628,
          1.090040113485721,
          1.0780560879882972,
          1.3130347613678852,
          0.09598373089079693,
          1.372377901516876,
          0.9113704040872576
        ],
        [
          1.2784105374935586,
          1.8377093963359168,
          1.2864805317431998,
          0.91145943781877,
          0.7333056276518721,
          0.258501756866662,
          0.9897654331433765,
          0.45493468946164584,
          1.4798197359171095,
          0.6641690060488766,
          1.1444407115582382,
          0.16306253891365474,
          1.117656961446026,
          1.372377901516876,
          1.511569025752772,
          0.17985276052769084
        ],
        [
          0.5298085878784302,
          1.1068188890139325,
          0.24055582416670485,
          1.1275094331951592,
          1.0808580242631414,
          0.7425421419003635,
          0.16915660516977182,
          1.3518275430062223,
          0.91555382592954,
          1.1445687786849839,
          1.2289894645759285,
          1.5724792869446023,
          1.417102526102835,
          0.9113704040872576,
          0.17985276052769084,
          0.10680480410404103
        ]
      ],
      "b_vector": [
        0.2840053202975011,
        0.3591611051707939,
        0.22890422239837807,
        0.3588358762845537,
        0.22819281126370616,
        0.04625882939265376,
        0.15407005585503172,
        0.43239947763044934,
        0.007975046287395312,
        0.27708235735724956,
        0.18341599835646252,
        0.020253109609856525,
        0.004003911185304185,
        0.41914605293310686,
        0.23404265539210076,
        0.05385127758889438
      ]
    }
  ],
  "shots": 3000,
  "backend": "sv1",
  "device_arn": "SV1",
  "aws_region": "eu-west-2",
  "ideal_preprocessing_list": [
    [
      [
        -2.3643854351380615,
        -2.0267084491209406,
        -1.9851146630371883,
        -1.7374532705695163,
        -0.940653803356568,
        -0.5907914960961984,
        -0.40653214344896915,
        -0.060572028872859646,
        0.2848964367152496,
        0.48066948570769996,
        1.1709654310279634,
        1.4149665054481773,
        1.4948277932649994,
        2.850482731998248,
        3.4357614651008417,
        15.748562126965524
      ],
      [
        0.1042488049995173,
        0.02244519771761596,
        0.18455678320166913,
        0.10463955378908157,
        0.0778336622784811,
        0.09521002734357585,
        0.27322342840061065,
        0.19448844285080205,
        0.10683406017364691,
        0.14884686714336198,
        0.1582890587619758,
        0.21465058186741606,
        0.12271062068021807,
        0.09167337186947981,
        0.19210122663217555,
        0.8068171684403618
      ]
    ]
  ],
  "probability_threshold": 0,
  "k_qubits": 7,
  "preprocessing_mode": "ideal",
  "projection_mode": "all_components",
  "projection_subset": null,
  "num_solution_qubits": 4,
  "num_projections": 16,
  "projector_basis_states": [
    0,
    1,
    2,
    3,
    4,
    5,
    6,
    7,
    8,
    9,
    10,
    11,
    12,
    13,
    14,
    15
  ],
  "enhanced_projection_results": [
    {
      "problem_index": 0,
      "projection_tasks": [
        {
          "basis_state": 0,
          "task_id": "arn:aws:braket:eu-west-2:380012739362:quantum-task/61f72c43-1db1-4f35-a415-1d1711eca8a5",
          "shots": 3000,
          "projector_index": 0
        },
        {
          "basis_state": 1,
          "task_id": "arn:aws:braket:eu-west-2:380012739362:quantum-task/46373bf9-96b1-4331-bc6b-9e1b1234322d",
          "shots": 3000,
          "projector_index": 1
        },
        {
          "basis_state": 2,
          "task_id": "arn:aws:braket:eu-west-2:380012739362:quantum-task/bbdd5280-e5f8-45f4-9fdf-c7126a0770b1",
          "shots": 3000,
          "projector_index": 2
        },
        {
          "basis_state": 3,
          "task_id": "arn:aws:braket:eu-west-2:380012739362:quantum-task/34e35809-ee1a-4453-a33e-4e0d47a7ed6e",
          "shots": 3000,
          "projector_index": 3
        },
        {
          "basis_state": 4,
          "task_id": "arn:aws:braket:eu-west-2:380012739362:quantum-task/37e86cc8-0c07-4f73-92bd-beec56e7648a",
          "shots": 3000,
          "projector_index": 4
        },
        {
          "basis_state": 5,
          "task_id": "arn:aws:braket:eu-west-2:380012739362:quantum-task/b126ec36-3bd3-4a48-a77f-f132753f67c4",
          "shots": 3000,
          "projector_index": 5
        },
        {
          "basis_state": 6,
          "task_id": "arn:aws:braket:eu-west-2:380012739362:quantum-task/ef688731-4a50-43aa-b6c8-9da4a1515458",
          "shots": 3000,
          "projector_index": 6
        },
        {
          "basis_state": 7,
          "task_id": "arn:aws:braket:eu-west-2:380012739362:quantum-task/c0ab3935-1b25-4712-8bf0-5093481769a3",
          "shots": 3000,
          "projector_index": 7
        },
        {
          "basis_state": 8,
          "task_id": "arn:aws:braket:eu-west-2:380012739362:quantum-task/99aa5615-b0d8-471f-a446-26d863ea93c7",
          "shots": 3000,
          "projector_index": 8
        },
        {
          "basis_state": 9,
          "task_id": "arn:aws:braket:eu-west-2:380012739362:quantum-task/e46c3791-b03a-46c9-a508-36c87bc53f2b",
          "shots": 3000,
          "projector_index": 9
        },
        {
          "basis_state": 10,
          "task_id": "arn:aws:braket:eu-west-2:380012739362:quantum-task/c80a931d-263e-421f-989a-e93fc648da20",
          "shots": 3000,
          "projector_index": 10
        },
        {
          "basis_state": 11,
          "task_id": "arn:aws:braket:eu-west-2:380012739362:quantum-task/10e8d799-a576-4ce4-8bc0-cff1be7324db",
          "shots": 3000,
          "projector_index": 11
        },
        {
          "basis_state": 12,
          "task_id": "arn:aws:braket:eu-west-2:380012739362:quantum-task/6cf852cf-46f5-4a1e-b356-f332c0ed1a39",
          "shots": 3000,
          "projector_index": 12
        },
        {
          "basis_state": 13,
          "task_id": "arn:aws:braket:eu-west-2:380012739362:quantum-task/233010dd-210f-47fd-bb40-79c5a67c0e1b",
          "shots": 3000,
          "projector_index": 13
        },
        {
          "basis_state": 14,
          "task_id": "arn:aws:braket:eu-west-2:380012739362:quantum-task/f3a7bcfb-3126-418f-9f13-a7ac52968160",
          "shots": 3000,
          "projector_index": 14
        },
        {
          "basis_state": 15,
          "task_id": "arn:aws:braket:eu-west-2:380012739362:quantum-task/8e8d7f24-4f69-4ed9-b7b4-5cf60f518498",
          "shots": 3000,
          "projector_index": 15
        }
      ],
      "depth": 12967,
      "num_projections": 16,
      "ideal_solution": [
        {
          "real": 0.4742650288104135,
          "imag": 0.0
        },
        {
          "real": -0.23431284351135706,
          "imag": 0.0
        },
        {
          "real": 0.2814039017627075,
          "imag": 0.0
        },
        {
          "real": -0.09605915980131774,
          "imag": 0.0
        },
        {
          "real": -0.15248865638306303,
          "imag": 0.0
        },
        {
          "real": -0.08294458379551954,
          "imag": 0.0
        },
        {
          "real": 0.2606836622599314,
          "imag": 0.0
        },
        {
          "real": -0.1852581645946303,
          "imag": 0.0
        },
        {
          "real": -0.0632226676406084,
          "imag": 0.0
        },
        {
          "real": -0.10930600610516165,
          "imag": 0.0
        },
        {
          "real": -0.07010239796897716,
          "imag": 0.0
        },
        {
          "real": 0.1843469780801797,
          "imag": 0.0
        },
        {
          "real": 0.5045323323046681,
          "imag": 0.0
        },
        {
          "real": -0.1694437750796995,
          "imag": 0.0
        },
        {
          "real": -0.3263892948791369,
          "imag": 0.0
        },
        {
          "real": -0.23389826808043004,
          "imag": 0.0
        }
      ]
    }
  ]
}