{
  "problem_list": [
    {
      "A_matrix": [
        [
          0.9819732650931776,
          1.049629396752787,
          0.5857749804508764,
          1.0487335459228255,
          0.4483700057528174,
          0.5389435643227558,
          1.1655715998199576,
          0.2684863696774905
        ],
        [
          1.049629396752787,
          0.3929330455780182,
          0.8667856173319689,
          0.7749722215628467,
          0.5243336680869581,
          1.0536403372255099,
          0.6135222856966432,
          0.5355745745264203
        ],
        [
          0.5857749804508764,
          0.8667856173319689,
          0.13781379366855018,
          0.9015819406629878,
          0.8205945662067632,
          1.434481045969186,
          0.7424383939031225,
          1.285797910745941
        ],
        [
          1.0487335459228255,
          0.7749722215628467,
          0.9015819406629878,
          0.5286520842949007,
          1.6099035417081031,
          1.2307559105159633,
          1.146312099890536,
          0.8428285685690631
        ],
        [
          0.4483700057528174,
          0.5243336680869581,
          0.8205945662067632,
          1.6099035417081031,
          1.2256036475547647,
          0.3019524325604731,
          0.9770712296887303,
          0.9095522195728586
        ],
        [
          0.5389435643227558,
          1.0536403372255099,
          1.434481045969186,
          1.2307559105159633,
          0.3019524325604731,
          0.5728523538195565,
          1.27942413496375,
          1.5173008840218276
        ],
        [
          1.1655715998199576,
          0.6135222856966432,
          0.7424383939031225,
          1.146312099890536,
          0.9770712296887303,
          1.27942413496375,
          0.039860209394639856,
          0.7850414749229319
        ],
        [
          0.2684863696774905,
          0.5355745745264203,
          1.285797910745941,
          0.8428285685690631,
          0.9095522195728586,
          1.5173008840218276,
          0.7850414749229319,
          0.9009967025390468
        ]
      ],
      "b_vector": [
        0.5040237127238333,
        0.3549780658435091,
        0.47486531153120304,
        0.1860238306893549,
        0.008867491012628527,
        0.5305874848049377,
        0.05680382175595595,
        0.2738984383079692
      ]
    }
  ],
  "shots": 3000,
  "backend": "sv1",
  "device_arn": "SV1",
  "aws_region": "eu-west-2",
  "ideal_preprocessing_list": [
    [
      [
        -1.6471366411628663,
        -1.002713017520069,
        -0.9672570900351875,
        -0.5380925049664568,
        -0.29103187553280574,
        1.0440044520839795,
        1.1921019992712447,
        6.9908097798048185
      ],
      [
        0.17593892030832328,
        0.060885428718451096,
        0.21401627073698148,
        0.10810337159210526,
        0.09545996409701722,
        0.4475745971909385,
        0.06435500109002357,
        0.8332298403438478
      ]
    ]
  ],
  "probability_threshold": 0,
  "k_qubits": 7,
  "preprocessing_mode": "ideal",
  "projection_mode": "all_components",
  "projection_subset": null,
  "num_solution_qubits": 3,
  "num_projections": 8,
  "projector_basis_states": [
    0,
    1,
    2,
    3,
    4,
    5,
    6,
    7
  ],
  "enhanced_projection_results": [
    {
      "problem_index": 0,
      "projection_tasks": [
        {
          "basis_state": 0,
          "task_id": "arn:aws:braket:eu-west-2:380012739362:quantum-task/bea8fec3-1e68-402b-a34f-3f0cbbc8ed20",
          "status": "DONE",
          "shots": 3000,
          "created_at": "2025-12-21 12:47:29.722000+00:00",
          "ended_at": "2025-12-21 12:47:32.771000+00:00",
          "execution_time_seconds": 3.049,
          "counts": {
            "00000000000": 741,
            "11100000000": 250,
            "00100000000": 247,
            "01100000000": 115,
            "01000000000": 619,
            "10100000000": 889,
            "11000000001": 45,
            "10000000001": 35,
            "11000000000": 33,
            "10010100001": 1,
            "10100000001": 10,
            "01000000001": 2,
            "10110010000": 1,
            "11011111001": 1,
            "10011000001": 2,
            "00111000000": 1,
            "10110010100": 1,
            "10011100001": 2,
            "10001100001": 1,
            "10101100001": 1,
            "11111110001": 1,
            "10001010001": 1,
            "10111011001": 1
          },
          "component_probability": 0.0,
          "success_rate": 0.034333333333333334
        },
        {
          "basis_state": 1,
          "task_id": "arn:aws:braket:eu-west-2:380012739362:quantum-task/ef5fc47b-24b6-45ea-8e86-bf93b32f3b44",
          "status": "DONE",
          "shots": 3000,
          "created_at": "2025-12-21 12:47:31.735000+00:00",
          "ended_at": "2025-12-21 12:47:35.720000+00:00",
          "execution_time_seconds": 3.985,
          "counts": {
            "11000000001": 48,
            "11100000000": 254,
            "01100000000": 126,
            "10100000000": 906,
            "01000000000": 576,
            "00000000000": 766,
            "00100000000": 238,
            "10000000001": 23,
            "10011000001": 1,
            "11000000000": 30,
            "10100000001": 14,
            "01000000001": 5,
            "11111000000": 1,
            "01111000001": 1,
            "00000000001": 3,
            "11101010001": 1,
            "00101000001": 1,
            "10010011001": 1,
            "10010010000": 1,
            "00111000000": 1,
            "00011001000": 1,
            "10010100001": 1,
            "10101000001": 1
          },
          "component_probability": 0.01,
          "success_rate": 0.03333333333333333
        },
        {
          "basis_state": 2,
          "task_id": "arn:aws:braket:eu-west-2:380012739362:quantum-task/e2039458-0b18-4b0a-a850-fbf1ed23665b",
          "status": "DONE",
          "shots": 3000,
          "created_at": "2025-12-21 12:47:34.085000+00:00",
          "ended_at": "2025-12-21 12:47:37.151000+00:00",
          "execution_time_seconds": 3.066,
          "counts": {
            "10100000000": 879,
            "01000000000": 607,
            "11100000000": 246,
            "00000000000": 773,
            "01100000000": 125,
            "10000000001": 26,
            "00100000000": 232,
            "01000000001": 3,
            "10100000001": 9,
            "11000000000": 37,
            "11000000001": 38,
            "10110010001": 3,
            "01010011001": 1,
            "10001010101": 1,
            "11100000001": 2,
            "10010011000": 2,
            "00101101000": 1,
            "11100100001": 1,
            "10010100001": 1,
            "00011100000": 1,
            "00000000001": 2,
            "00111100001": 2,
            "00011000000": 1,
            "01100000001": 1,
            "00010010000": 2,
            "10001010001": 1,
            "01100100000": 1,
            "00101100001": 1,
            "00110011001": 1
          },
          "component_probability": 0.043010752688172046,
          "success_rate": 0.031
        },
        {
          "basis_state": 3,
          "task_id": "arn:aws:braket:eu-west-2:380012739362:quantum-task/4ea3c484-01bb-4217-a875-5ac3fbd55a0f",
          "status": "DONE",
          "shots": 3000,
          "created_at": "2025-12-21 12:47:36.262000+00:00",
          "ended_at": "2025-12-21 12:47:39.424000+00:00",
          "execution_time_seconds": 3.162,
          "counts": {
            "11100000000": 253,
            "01000000000": 608,
            "01100000000": 129,
            "10100000000": 850,
            "00000000000": 789,
            "11000000000": 22,
            "10000000001": 28,
            "00100000000": 253,
            "11000000001": 33,
            "10100000001": 17,
            "00010100001": 1,
            "01000000001": 2,
            "10011100001": 1,
            "00000000001": 4,
            "10111100001": 1,
            "10001000001": 1,
            "11011000000": 1,
            "01100000001": 1,
            "00100100001": 1,
            "11100001001": 1,
            "11111100001": 1,
            "11111000001": 1,
            "10011000001": 1,
            "00100001000": 1
          },
          "component_probability": 0.010638297872340425,
          "success_rate": 0.03133333333333333
        },
        {
          "basis_state": 4,
          "task_id": "arn:aws:braket:eu-west-2:380012739362:quantum-task/22840fe7-6758-44e4-b5e0-03d0e0823d86",
          "status": "DONE",
          "shots": 3000,
          "created_at": "2025-12-21 12:47:38.322000+00:00",
          "ended_at": "2025-12-21 12:47:42.257000+00:00",
          "execution_time_seconds": 3.935,
          "counts": {
            "11100000000": 225,
            "01000000000": 566,
            "00100000000": 258,
            "10100000000": 867,
            "00000000000": 814,
            "01100000000": 124,
            "11000000000": 45,
            "10100000001": 13,
            "11101000001": 2,
            "10000000001": 33,
            "10011000001": 1,
            "10010100001": 1,
            "01000000001": 3,
            "11000000001": 35,
            "01101010000": 1,
            "00010010000": 2,
            "11111100000": 1,
            "00101000001": 1,
            "10100010001": 1,
            "00101000000": 2,
            "00000000001": 3,
            "10010011001": 1,
            "11011000001": 1
          },
          "component_probability": 0.37894736842105264,
          "success_rate": 0.03166666666666667
        },
        {
          "basis_state": 5,
          "task_id": "arn:aws:braket:eu-west-2:380012739362:quantum-task/3d1a5a23-3be0-4217-839c-a0f93067c6d7",
          "status": "DONE",
          "shots": 3000,
          "created_at": "2025-12-21 12:47:40.354000+00:00",
          "ended_at": "2025-12-21 12:47:43.534000+00:00",
          "execution_time_seconds": 3.18,
          "counts": {
            "00100000000": 261,
            "00000000000": 746,
            "01000000000": 612,
            "11100000000": 260,
            "10100000000": 856,
            "11000000001": 44,
            "01111110001": 1,
            "01100000000": 116,
            "10100000001": 23,
            "11000000000": 28,
            "10000000001": 24,
            "00101000000": 1,
            "10110010001": 1,
            "01100000001": 1,
            "00001110001": 1,
            "10011100001": 2,
            "11100010001": 1,
            "10001011000": 1,
            "11111110000": 1,
            "01000000001": 3,
            "00011000000": 1,
            "11011000001": 2,
            "00100010001": 1,
            "10010010000": 1,
            "00111000000": 1,
            "00011000001": 1,
            "00111010001": 1,
            "10010010001": 1,
            "10010100001": 3,
            "00001010001": 1,
            "11011101011": 1,
            "10001011001": 1,
            "00000000001": 1,
            "11111100001": 1
          },
          "component_probability": 0.20869565217391303,
          "success_rate": 0.03833333333333333
        },
        {
          "basis_state": 6,
          "task_id": "arn:aws:braket:eu-west-2:380012739362:quantum-task/20762650-e36d-4120-a8f6-dde2a8d4df85",
          "status": "DONE",
          "shots": 3000,
          "created_at": "2025-12-21 12:47:42.339000+00:00",
          "ended_at": "2025-12-21 12:47:45.850000+00:00",
          "execution_time_seconds": 3.511,
          "counts": {
            "10100000000": 906,
            "00100000000": 224,
            "01000000000": 581,
            "00000000000": 765,
            "11100000000": 230,
            "01100000000": 155,
            "10000000001": 32,
            "11000000001": 32,
            "00011100000": 1,
            "11000000000": 38,
            "10100000001": 17,
            "01100110001": 1,
            "11100000001": 1,
            "01000000001": 2,
            "00111100001": 1,
            "10010011000": 1,
            "00000000001": 2,
            "10110010001": 1,
            "10011000001": 1,
            "10010010001": 1,
            "10111000001": 1,
            "01111000001": 1,
            "00011000001": 1,
            "00101011000": 1,
            "10001010000": 1,
            "00101000001": 1,
            "10001010001": 1,
            "00101011101": 1
          },
          "component_probability": 0.32989690721649484,
          "success_rate": 0.03233333333333333
        },
        {
          "basis_state": 7,
          "task_id": "arn:aws:braket:eu-west-2:380012739362:quantum-task/3eafe81a-797b-4495-9814-841a04ad20b2",
          "status": "DONE",
          "shots": 3000,
          "created_at": "2025-12-21 12:47:44.798000+00:00",
          "ended_at": "2025-12-21 12:47:48.377000+00:00",
          "execution_time_seconds": 3.579,
          "counts": {
            "01000000000": 563,
            "00000000000": 830,
            "10100000000": 867,
            "11100000000": 241,
            "00100000000": 246,
            "10000000001": 28,
            "01100000000": 130,
            "10100000001": 14,
            "11000000000": 36,
            "11000000001": 30,
            "10011000001": 2,
            "10010010001": 1,
            "10001100001": 1,
            "01000000001": 3,
            "00111000000": 2,
            "11111000000": 1,
            "10010011001": 1,
            "00000000001": 1,
            "10101000001": 1,
            "11011000001": 1,
            "10111011001": 1
          },
          "component_probability": 0.0,
          "success_rate": 0.028
        }
      ],
      "depth": 4366,
      "num_projections": 8,
      "ideal_solution": [
        {
          "real": 0.16402074891653948,
          "imag": 0.0
        },
        {
          "real": 0.02436954031226786,
          "imag": 0.0
        },
        {
          "real": -0.19503914196560118,
          "imag": 0.0
        },
        {
          "real": 0.037854196319648176,
          "imag": 0.0
        },
        {
          "real": -0.6247754771068401,
          "imag": 0.0
        },
        {
          "real": 0.39728057862776883,
          "imag": 0.0
        },
        {
          "real": 0.615430356782487,
          "imag": 0.0
        },
        {
          "real": 0.07809822887766535,
          "imag": 0.0
        }
      ],
      "reconstructed_solution_probabilities": [
        0.0,
        0.010191716601415959,
        0.04383534022114391,
        0.010842251703633997,
        0.3862124185799732,
        0.21269669429041999,
        0.33622157860341306,
        0.0
      ],
      "fidelity": 0.9517696593495588,
      "metadata": {
        "measured_components": [
          0,
          1,
          2,
          3,
          4,
          5,
          6,
          7
        ],
        "success_rates": [
          0.034333333333333334,
          0.03333333333333333,
          0.031,
          0.03133333333333333,
          0.03166666666666667,
          0.03833333333333333,
          0.03233333333333333,
          0.028
        ],
        "raw_probabilities": [
          0.0,
          0.01,
          0.043010752688172046,
          0.010638297872340425,
          0.37894736842105264,
          0.20869565217391303,
          0.32989690721649484,
          0.0
        ],
        "average_success_rate": 0.03254166666666667,
        "total_probability": 0.9811889783719729
      },
      "total_problem_time_seconds": 18.655,
      "first_created_at": "2025-12-21 12:47:29.722000+00:00",
      "last_ended_at": "2025-12-21 12:47:48.377000+00:00"
    }
  ]
}