{
  "problem_list": [
    {
      "A_matrix": [
        [
          1.374830041009995,
          0.9160421314208194,
          0.26447722998979606,
          0.27941580599185945,
          1.1361518954597156,
          1.2306030352853519,
          0.9741158741632232,
          0.8266776304195615
        ],
        [
          0.9160421314208194,
          1.8835707647641484,
          0.902634998636119,
          0.6318584050873534,
          1.156575718350501,
          1.7308329267691374,
          1.289429556279949,
          1.5391718111015116
        ],
        [
          0.26447722998979606,
          0.902634998636119,
          0.5209511473326156,
          0.7650585635808624,
          0.9322766478865874,
          0.8878935230627569,
          0.35193508162700404,
          0.8023727524915291
        ],
        [
          0.27941580599185945,
          0.6318584050873534,
          0.7650585635808624,
          0.35105986247718435,
          1.3283343847483766,
          0.8553808310658875,
          1.2530013438096834,
          1.6774906247056007
        ],
        [
          1.1361518954597156,
          1.156575718350501,
          0.9322766478865874,
          1.3283343847483766,
          1.211597135257862,
          1.1738948647681857,
          1.813702772179106,
          1.2361404345642435
        ],
        [
          1.2306030352853519,
          1.7308329267691374,
          0.8878935230627569,
          0.8553808310658875,
          1.1738948647681857,
          1.9648013050662774,
          1.0656170448733804,
          0.3985014863944484
        ],
        [
          0.9741158741632232,
          1.289429556279949,
          0.35193508162700404,
          1.2530013438096834,
          1.813702772179106,
          1.0656170448733804,
          0.64986086514445,
          1.2302757169777148
        ],
        [
          0.8266776304195615,
          1.5391718111015116,
          0.8023727524915291,
          1.6774906247056007,
          1.2361404345642435,
          0.3985014863944484,
          1.2302757169777148,
          0.01348667944087878
        ]
      ],
      "b_vector": [
        0.24789246377694887,
        0.47442184662450715,
        0.32408495259926084,
        0.4736694490583314,
        0.348281056679049,
        0.4220266023656574,
        0.19671888417339267,
        0.214417740495739
      ]
    }
  ],
  "shots": 3000,
  "backend": "sv1",
  "device_arn": "SV1",
  "aws_region": "eu-west-2",
  "ideal_preprocessing_list": [
    [
      [
        -1.8598498112949686,
        -1.1023249269234463,
        -0.41522884957413714,
        0.03508925441003034,
        0.4392123135984316,
        0.9448250653874012,
        1.4886555921201412,
        8.43977916276996
      ],
      [
        0.18250799224846115,
        0.08812362738354335,
        0.09586457364723666,
        0.07870600562550181,
        0.08239389771067787,
        0.15792954530069592,
        0.018314463146876375,
        0.9547117324307444
      ]
    ]
  ],
  "probability_threshold": 0,
  "k_qubits": 7,
  "preprocessing_mode": "ideal",
  "projection_mode": "all_components",
  "projection_subset": null,
  "num_solution_qubits": 3,
  "num_projections": 8,
  "projector_basis_states": [
    0,
    1,
    2,
    3,
    4,
    5,
    6,
    7
  ],
  "enhanced_projection_results": [
    {
      "problem_index": 0,
      "projection_tasks": [
        {
          "basis_state": 0,
          "task_id": "arn:aws:braket:eu-west-2:380012739362:quantum-task/b2ad901c-9d51-4a28-b0b4-645b0260bf3b",
          "shots": 3000,
          "projector_index": 0
        },
        {
          "basis_state": 1,
          "task_id": "arn:aws:braket:eu-west-2:380012739362:quantum-task/e0f8c1e4-5c5f-43ad-975d-f3d22763abe5",
          "shots": 3000,
          "projector_index": 1
        },
        {
          "basis_state": 2,
          "task_id": "arn:aws:braket:eu-west-2:380012739362:quantum-task/80fd037f-2e94-42c6-bf86-e04d3e32718a",
          "shots": 3000,
          "projector_index": 2
        },
        {
          "basis_state": 3,
          "task_id": "arn:aws:braket:eu-west-2:380012739362:quantum-task/af7d13a5-d0af-4dd1-8e4e-aa3aa8b0a4ab",
          "shots": 3000,
          "projector_index": 3
        },
        {
          "basis_state": 4,
          "task_id": "arn:aws:braket:eu-west-2:380012739362:quantum-task/862844cb-06eb-4289-a3ee-f6f64cd1fba9",
          "shots": 3000,
          "projector_index": 4
        },
        {
          "basis_state": 5,
          "task_id": "arn:aws:braket:eu-west-2:380012739362:quantum-task/4116aacf-ccd8-493e-8965-ab8db27f6e6b",
          "shots": 3000,
          "projector_index": 5
        },
        {
          "basis_state": 6,
          "task_id": "arn:aws:braket:eu-west-2:380012739362:quantum-task/5f420041-278c-467e-b9e2-e19d2c6e08ec",
          "shots": 3000,
          "projector_index": 6
        },
        {
          "basis_state": 7,
          "task_id": "arn:aws:braket:eu-west-2:380012739362:quantum-task/e7442fb8-70fa-4968-a05b-d5be50bbf0e0",
          "shots": 3000,
          "projector_index": 7
        }
      ],
      "depth": 4832,
      "num_projections": 8,
      "ideal_solution": [
        {
          "real": 0.36123267079478016,
          "imag": 0.0
        },
        {
          "real": -0.06668141794653659,
          "imag": 0.0
        },
        {
          "real": 0.8071690061190376,
          "imag": 0.0
        },
        {
          "real": -0.13999071081004932,
          "imag": 0.0
        },
        {
          "real": 0.01576693091794848,
          "imag": 0.0
        },
        {
          "real": -0.21164631005657272,
          "imag": 0.0
        },
        {
          "real": -0.3668509845581563,
          "imag": 0.0
        },
        {
          "real": 0.11967848994864647,
          "imag": 0.0
        }
      ]
    }
  ]
}