{
  "problem_list": [
    {
      "A_matrix": [
        [
          0.12148785727092681,
          1.8292667142626629,
          0.6671212875371072,
          1.0562120530817953,
          1.4039012402558317,
          0.8290623428223641,
          1.4272340557683125,
          0.904030456803681,
          0.9912773086613884,
          0.3854297671304382,
          0.30019648895035644,
          0.7331433406022252,
          0.7305123426946761,
          1.2971231163417134,
          1.3878309261823865,
          0.10207548970799674
        ],
        [
          1.8292667142626629,
          0.8191167428037811,
          0.9013596399544105,
          0.12511130320510722,
          1.546176529037033,
          0.9630496581696456,
          0.971287540606377,
          1.5631590118719032,
          1.0101028748856038,
          0.8506535498285923,
          1.2749267910896944,
          1.4307229537899953,
          1.1663408434187401,
          1.7391816396421076,
          0.39020445090188416,
          1.1688249991105866
        ],
        [
          0.6671212875371072,
          0.9013596399544105,
          1.217458576062637,
          0.9449300024973006,
          0.5777553216003484,
          1.6052308945600022,
          0.4887457258059098,
          1.0279438529300138,
          0.8370900973788261,
          1.3790369799323365,
          1.399121924376462,
          1.0394791720459842,
          0.9427661584805235,
          1.4833373902372378,
          1.4486899143076304,
          0.5804561955263933
        ],
        [
          1.0562120530817953,
          0.12511130320510722,
          0.9449300024973006,
          0.04984238064794844,
          1.0979937435200957,
          0.8876496431532039,
          1.167630028935858,
          1.465528801945879,
          0.9968462442306798,
          1.717231564864518,
          1.9395089584485175,
          0.7992838791229319,
          0.6527547573940146,
          1.3976022897299287,
          0.9731979482135571,
          0.6312496096362296
        ],
        [
          1.4039012402558317,
          1.546176529037033,
          0.5777553216003484,
          1.0979937435200957,
          0.5126840073886756,
          0.5215446080418977,
          0.5921738012454449,
          1.0973256479312268,
          1.079039890568356,
          1.4157514225659982,
          1.2127793652087315,
          1.002914389490263,
          0.9148790495936965,
          0.7132215484413608,
          0.7512906813098318,
          1.291425922843938
        ],
        [
          0.8290623428223641,
          0.9630496581696456,
          1.6052308945600022,
          0.8876496431532039,
          0.5215446080418977,
          0.4660427765319346,
          1.01705911039291,
          0.33903669151672955,
          1.2052023805763454,
          1.227737867288903,
          0.9440341614166068,
          0.9493675236525103,
          0.5362089095641889,
          1.5624321156386018,
          0.6979044844681143,
          0.2874027113496741
        ],
        [
          1.4272340557683125,
          0.971287540606377,
          0.4887457258059098,
          1.167630028935858,
          0.5921738012454449,
          1.01705911039291,
          1.5469218606084865,
          0.7782449813770337,
          1.615550678189365,
          0.743012527682025,
          1.4111456863606646,
          0.8821079121971643,
          1.2916155669230105,
          1.175049731032784,
          1.1528970738113493,
          0.9559499788392627
        ],
        [
          0.904030456803681,
          1.5631590118719032,
          1.0279438529300138,
          1.465528801945879,
          1.0973256479312268,
          0.33903669151672955,
          0.7782449813770337,
          0.2197358845151689,
          1.8639090213538858,
          0.1818714276034048,
          0.7381646888710799,
          1.559090194468594,
          0.7210399379073984,
          1.3767508597764029,
          0.7509926936711374,
          1.5037396017837272
        ],
        [
          0.9912773086613884,
          1.0101028748856038,
          0.8370900973788261,
          0.9968462442306798,
          1.079039890568356,
          1.2052023805763454,
          1.615550678189365,
          1.8639090213538858,
          0.9509990963788486,
          0.5666033709544287,
          1.0855721781632184,
          1.6296148081166764,
          0.6828529094138679,
          1.5759327070412945,
          1.4123020249905904,
          0.5328370283383534
        ],
        [
          0.3854297671304382,
          0.8506535498285923,
          1.3790369799323365,
          1.717231564864518,
          1.4157514225659982,
          1.227737867288903,
          0.743012527682025,
          0.1818714276034048,
          0.5666033709544287,
          0.4030700158702065,
          1.3063721049613277,
          1.5269042116417626,
          1.66637490813036,
          0.7320547312459238,
          1.2784690982052522,
          1.2282812872531486
        ],
        [
          0.30019648895035644,
          1.2749267910896944,
          1.399121924376462,
          1.9395089584485175,
          1.2127793652087315,
          0.9440341614166068,
          1.4111456863606646,
          0.7381646888710799,
          1.0855721781632184,
          1.3063721049613277,
          0.3746136675738787,
          1.4824272517838917,
          0.8946624858044478,
          0.5626502301802906,
          1.2211594070580918,
          0.5911073331703428
        ],
        [
          0.7331433406022252,
          1.4307229537899953,
          1.0394791720459842,
          0.7992838791229319,
          1.002914389490263,
          0.9493675236525103,
          0.8821079121971643,
          1.559090194468594,
          1.6296148081166764,
          1.5269042116417626,
          1.4824272517838917,
          0.5464218348762884,
          0.7449986116923166,
          1.5268405058366548,
          1.0863061898818986,
          0.526540415063689
        ],
        [
          0.7305123426946761,
          1.1663408434187401,
          0.9427661584805235,
          0.6527547573940146,
          0.9148790495936965,
          0.5362089095641889,
          1.2916155669230105,
          0.7210399379073984,
          0.6828529094138679,
          1.66637490813036,
          0.8946624858044478,
          0.7449986116923166,
          1.4964684105399022,
          1.7064606809433676,
          1.259724321354868,
          0.43188947835506186
        ],
        [
          1.2971231163417134,
          1.7391816396421076,
          1.4833373902372378,
          1.3976022897299287,
          0.7132215484413608,
          1.5624321156386018,
          1.175049731032784,
          1.3767508597764029,
          1.5759327070412945,
          0.7320547312459238,
          0.5626502301802906,
          1.5268405058366548,
          1.7064606809433676,
          1.0041479054349076,
          1.1331933300026724,
          1.078345351093269
        ],
        [
          1.3878309261823865,
          0.39020445090188416,
          1.4486899143076304,
          0.9731979482135571,
          0.7512906813098318,
          0.6979044844681143,
          1.1528970738113493,
          0.7509926936711374,
          1.4123020249905904,
          1.2784690982052522,
          1.2211594070580918,
          1.0863061898818986,
          1.259724321354868,
          1.1331933300026724,
          1.463854681176119,
          0.8303337916190818
        ],
        [
          0.10207548970799674,
          1.1688249991105866,
          0.5804561955263933,
          0.6312496096362296,
          1.291425922843938,
          0.2874027113496741,
          0.9559499788392627,
          1.5037396017837272,
          0.5328370283383534,
          1.2282812872531486,
          0.5911073331703428,
          0.526540415063689,
          0.43188947835506186,
          1.078345351093269,
          0.8303337916190818,
          0.8170274106687854
        ]
      ],
      "b_vector": [
        0.024723249470332855,
        0.08274257661082626,
        0.4147082523765382,
        0.05939164120245913,
        0.02154664246795164,
        0.16129326509446654,
        0.22223863369394584,
        0.34214698108420083,
        0.007870949072789598,
        0.10168019218164433,
        0.44637863483511664,
        0.17689606718307926,
        0.46450010976136796,
        0.11762692751123029,
        0.1278480589254351,
        0.3704177282761763
      ]
    }
  ],
  "shots": 3000,
  "backend": "sv1",
  "device_arn": "SV1",
  "aws_region": "eu-west-2",
  "ideal_preprocessing_list": [
    [
      [
        -3.3435505549282665,
        -2.575517176201786,
        -1.9669776560238807,
        -1.664939231636845,
        -1.3075143727867933,
        -0.8499744811582891,
        -0.41911786307508253,
        -0.23621173642287951,
        0.23081484218135787,
        0.43693786231929455,
        0.6428516874736253,
        1.302806833659654,
        1.3491344521343087,
        1.6312675196868975,
        2.234387479063333,
        16.545495504063847
      ],
      [
        0.10804040852493829,
        0.17679657860837422,
        0.21541332940282287,
        0.0857466730697813,
        0.011138302953870256,
        0.08112540232557522,
        0.35915717883070697,
        0.14673417809514117,
        0.01974612361190957,
        0.2837047196054247,
        0.09671843913236688,
        0.0723875355125437,
        0.047097335537071905,
        0.15773649431893327,
        0.18033914393928466,
        0.7687592588631251
      ]
    ]
  ],
  "probability_threshold": 0,
  "k_qubits": 7,
  "preprocessing_mode": "ideal",
  "projection_mode": "all_components",
  "projection_subset": null,
  "num_solution_qubits": 4,
  "num_projections": 16,
  "projector_basis_states": [
    0,
    1,
    2,
    3,
    4,
    5,
    6,
    7,
    8,
    9,
    10,
    11,
    12,
    13,
    14,
    15
  ],
  "enhanced_projection_results": [
    {
      "problem_index": 0,
      "projection_tasks": [
        {
          "basis_state": 0,
          "task_id": "arn:aws:braket:eu-west-2:380012739362:quantum-task/1ea5191f-a84e-4df0-a57e-9bedb32ab1a5",
          "status": "DONE",
          "shots": 3000,
          "created_at": "2025-12-21 13:23:54.042000+00:00",
          "ended_at": "2025-12-21 13:24:01.647000+00:00",
          "execution_time_seconds": 7.605,
          "counts": {
            "110100000000": 52,
            "110000000000": 630,
            "111100000000": 335,
            "010100000000": 110,
            "011000000000": 114,
            "101000000000": 485,
            "011100000000": 346,
            "000000000000": 18,
            "001000000000": 457,
            "101100000000": 71,
            "111000000000": 50,
            "000100000001": 18,
            "101000000001": 35,
            "010000000000": 10,
            "000101001000": 1,
            "100100000001": 13,
            "001100000000": 34,
            "100111101100": 1,
            "001101000001": 2,
            "001100000001": 14,
            "000000000001": 4,
            "001000010000": 1,
            "100100000000": 49,
            "001000000001": 20,
            "111001100001": 2,
            "110100000001": 27,
            "000001100001": 1,
            "110111000001": 1,
            "010100000001": 5,
            "100000000001": 4,
            "000100000000": 12,
            "000111100001": 1,
            "001010000000": 2,
            "010101100000": 1,
            "001111000001": 1,
            "001101000000": 2,
            "010011001001": 1,
            "101001110001": 1,
            "111100000001": 11,
            "000110000000": 2,
            "001011100000": 3,
            "101001100000": 1,
            "111000000001": 4,
            "101010100001": 2,
            "001010101001": 1,
            "100010111000": 1,
            "100010000101": 1,
            "011000011001": 1,
            "010101000001": 1,
            "000000100001": 1,
            "010111100001": 1,
            "001001000001": 1,
            "110011000001": 1,
            "110101000000": 1,
            "000110100001": 1,
            "000101100001": 1,
            "010010000001": 1,
            "010110000001": 3,
            "001001000000": 1,
            "110101100001": 2,
            "100000000000": 1,
            "100101000000": 1,
            "001010000001": 3,
            "010010100000": 1,
            "111111100001": 1,
            "000001011001": 1,
            "101010000001": 1,
            "100101100001": 1,
            "011011110000": 1,
            "000011110000": 1,
            "101010000000": 2,
            "111111100000": 1,
            "110000000001": 2,
            "101001000001": 2,
            "001101100000": 1,
            "000101000000": 1,
            "101011100001": 1,
            "000111000001": 1,
            "100110110001": 1,
            "100110000101": 1,
            "101010110001": 1,
            "101001100001": 1
          },
          "component_probability": 0.035,
          "success_rate": 0.06666666666666667
        },
        {
          "basis_state": 1,
          "task_id": "arn:aws:braket:eu-west-2:380012739362:quantum-task/8c4cfda8-d5a5-4d71-98f8-1a5e70d8db0f",
          "status": "DONE",
          "shots": 3000,
          "created_at": "2025-12-21 13:23:59.875000+00:00",
          "ended_at": "2025-12-21 13:24:09.710000+00:00",
          "execution_time_seconds": 9.835,
          "counts": {
            "110100000001": 32,
            "010100000000": 103,
            "101000000000": 505,
            "011100000000": 337,
            "011000000000": 133,
            "110000000000": 624,
            "111000000000": 43,
            "001000000000": 420,
            "111100000000": 370,
            "101100000000": 79,
            "001100000000": 38,
            "100100000000": 36,
            "000000000000": 16,
            "101001000001": 1,
            "001010100000": 1,
            "000100000000": 10,
            "111100000001": 8,
            "110101000000": 3,
            "111011110001": 1,
            "000100000001": 17,
            "110100000000": 64,
            "001100000001": 10,
            "001001010000": 1,
            "001000000001": 20,
            "100101000001": 1,
            "100110110011": 1,
            "010000000000": 13,
            "010100000001": 6,
            "011101111101": 1,
            "101000000001": 15,
            "101010000001": 3,
            "100001111001": 1,
            "100111100000": 2,
            "001101000001": 1,
            "100101100001": 1,
            "010001110001": 1,
            "100100000001": 12,
            "010010000000": 2,
            "010101000000": 2,
            "100000000001": 4,
            "111000000001": 6,
            "011111101001": 1,
            "011111100101": 1,
            "100010100001": 1,
            "101001100000": 1,
            "001010000000": 2,
            "001111000001": 1,
            "010000100001": 1,
            "101010110001": 1,
            "000000000001": 7,
            "001010000001": 2,
            "101111100001": 1,
            "101001100001": 1,
            "000001000001": 2,
            "001110000000": 1,
            "010001000001": 2,
            "101001010000": 1,
            "101011100000": 1,
            "000110101001": 1,
            "101001000000": 1,
            "000101100001": 1,
            "000101000000": 1,
            "000110000000": 1,
            "110111100001": 1,
            "010101100001": 1,
            "010110101001": 1,
            "100010111001": 2,
            "010000000001": 2,
            "001101000000": 1,
            "100011110000": 1,
            "101010010001": 1,
            "010101001000": 1,
            "000111000001": 1,
            "001000110011": 1,
            "100010000001": 1,
            "110101100001": 1,
            "010010110001": 1,
            "110100010111": 1,
            "110110000000": 1,
            "100111110000": 1,
            "001101100001": 1,
            "111011000001": 1,
            "001010100001": 1,
            "110110000001": 1,
            "000100100000": 1
          },
          "component_probability": 0.1092896174863388,
          "success_rate": 0.061
        },
        {
          "basis_state": 2,
          "task_id": "arn:aws:braket:eu-west-2:380012739362:quantum-task/a0076cac-cd9d-4f54-80f3-ae87e0a3e07b",
          "status": "DONE",
          "shots": 3000,
          "created_at": "2025-12-21 13:24:06.419000+00:00",
          "ended_at": "2025-12-21 13:24:13.124000+00:00",
          "execution_time_seconds": 6.705,
          "counts": {
            "011100000000": 335,
            "101000000000": 496,
            "010110101001": 1,
            "001000000000": 473,
            "110000000000": 635,
            "010100000000": 98,
            "101100000000": 78,
            "010011110000": 1,
            "011000000000": 84,
            "111100000000": 359,
            "100100000000": 51,
            "111000000000": 40,
            "001100000000": 31,
            "110100000001": 28,
            "110000000001": 1,
            "111000000001": 10,
            "000100000000": 10,
            "001100000001": 12,
            "000000000001": 8,
            "010110100001": 1,
            "110100000000": 61,
            "000000000000": 14,
            "000100000001": 18,
            "110101100000": 1,
            "001101000000": 1,
            "010000000000": 13,
            "010111011000": 1,
            "100100000001": 9,
            "001000000001": 28,
            "010111110001": 1,
            "100101000001": 1,
            "101000000001": 18,
            "110110000001": 1,
            "111100000001": 9,
            "000101100001": 1,
            "100110000001": 1,
            "010100000001": 10,
            "110101100001": 2,
            "101010001001": 1,
            "001001000001": 3,
            "010101000000": 1,
            "110101000001": 1,
            "111101110001": 1,
            "010010000001": 1,
            "010111000000": 1,
            "010101000001": 1,
            "101001000001": 4,
            "101001000000": 2,
            "000010100000": 1,
            "100010100001": 1,
            "101100000001": 1,
            "011111000000": 1,
            "011011110000": 1,
            "001011010000": 1,
            "001010100001": 1,
            "001010000001": 1,
            "100110100001": 2,
            "001011110001": 2,
            "100110010001": 1,
            "100111101001": 1,
            "001111000001": 1,
            "000110000101": 1,
            "101010010001": 1,
            "001001100001": 2,
            "111010100001": 1,
            "101001100000": 2,
            "001001100000": 2,
            "010000001001": 1,
            "100000000001": 1,
            "000110000000": 1,
            "110110010001": 1,
            "001010110001": 1,
            "010000000001": 1,
            "010111100000": 1,
            "100111100001": 1,
            "011111110000": 1,
            "110001000001": 1,
            "100000000000": 1,
            "100110110001": 1,
            "001110000000": 1,
            "101010000001": 1,
            "000011000001": 1,
            "010000110000": 1,
            "101010110001": 1,
            "001001000000": 1
          },
          "component_probability": 0.19095477386934673,
          "success_rate": 0.06633333333333333
        },
        {
          "basis_state": 3,
          "task_id": "arn:aws:braket:eu-west-2:380012739362:quantum-task/0e08ab31-51ac-4090-af62-0025861c7d73",
          "status": "DONE",
          "shots": 3000,
          "created_at": "2025-12-21 13:24:12.632000+00:00",
          "ended_at": "2025-12-21 13:24:19.706000+00:00",
          "execution_time_seconds": 7.074,
          "counts": {
            "011100000000": 325,
            "101100000000": 74,
            "001000000000": 446,
            "011000000000": 110,
            "110100000001": 28,
            "111100000000": 357,
            "001100000000": 27,
            "101000000000": 535,
            "110000000000": 579,
            "111000000000": 58,
            "110100000000": 70,
            "101000000001": 23,
            "101000100000": 1,
            "010000000000": 7,
            "111100000001": 9,
            "100100000001": 11,
            "111000000001": 6,
            "100100000000": 51,
            "001001000000": 1,
            "010001110001": 1,
            "010100000000": 105,
            "010000000001": 4,
            "000101100001": 2,
            "000000000000": 16,
            "101010000000": 1,
            "000100000001": 27,
            "000100000000": 12,
            "001000000001": 18,
            "111000111001": 1,
            "010100000001": 6,
            "001011000001": 1,
            "001111000001": 2,
            "001101100001": 2,
            "101001000000": 1,
            "001001010001": 1,
            "100000000001": 5,
            "110000010001": 1,
            "000000000001": 3,
            "100110001001": 1,
            "011101000001": 1,
            "001100100000": 1,
            "010110000001": 1,
            "101011100000": 2,
            "000001110001": 1,
            "001100000001": 12,
            "010010000001": 1,
            "000100100000": 1,
            "010010100000": 1,
            "101001110001": 1,
            "001110000000": 4,
            "000001000001": 1,
            "100110110001": 2,
            "011001000001": 2,
            "101010100001": 1,
            "000011100001": 2,
            "010101001000": 1,
            "001101000000": 2,
            "101001000001": 1,
            "010101100001": 2,
            "010110101001": 1,
            "100111100000": 1,
            "100101010000": 1,
            "100001010001": 1,
            "101001010001": 1,
            "110101100001": 2,
            "011001110001": 1,
            "110110000001": 1,
            "101001100101": 1,
            "111001100001": 1,
            "111011000001": 1,
            "111000001001": 1,
            "110110000000": 1,
            "010100100000": 1,
            "010101000000": 1,
            "100010000001": 1,
            "100101100000": 1,
            "011010100001": 1,
            "000110000000": 1,
            "001011100000": 1,
            "110100100000": 1,
            "001001000001": 1,
            "100101110001": 1,
            "010110100001": 1,
            "101011000001": 1,
            "000110010001": 1,
            "001001100000": 1,
            "001111000000": 1,
            "001001100001": 1,
            "011000000001": 1,
            "110000000001": 1
          },
          "component_probability": 0.07960199004975124,
          "success_rate": 0.067
        },
        {
          "basis_state": 4,
          "task_id": "arn:aws:braket:eu-west-2:380012739362:quantum-task/b4a4d8e0-96f9-44dc-8131-ae220f03eb4f",
          "status": "DONE",
          "shots": 3000,
          "created_at": "2025-12-21 13:24:18.495000+00:00",
          "ended_at": "2025-12-21 13:24:27.796000+00:00",
          "execution_time_seconds": 9.301,
          "counts": {
            "001000000000": 415,
            "110000000000": 594,
            "101000000000": 528,
            "010100000000": 91,
            "011100000000": 330,
            "100100000000": 49,
            "111100000000": 369,
            "111000000000": 56,
            "110100000001": 44,
            "001100000000": 40,
            "111000000001": 6,
            "011000000000": 105,
            "000000000000": 15,
            "010100000001": 5,
            "111100000001": 14,
            "001001010000": 1,
            "000100000000": 10,
            "001100000001": 15,
            "101100000000": 66,
            "010011100001": 1,
            "110100000000": 63,
            "100011010000": 1,
            "000100000001": 24,
            "100100000001": 15,
            "010000000000": 9,
            "001011000001": 1,
            "001010000000": 1,
            "111001101001": 1,
            "001000000001": 11,
            "010010000000": 1,
            "000000000001": 7,
            "010001000001": 1,
            "001001000000": 2,
            "100110100001": 1,
            "110110000000": 3,
            "110101010001": 3,
            "001110100000": 1,
            "101001000000": 2,
            "111011000001": 2,
            "110101100001": 1,
            "101000000001": 26,
            "101010110001": 1,
            "000010110001": 1,
            "000110000001": 1,
            "000101100000": 1,
            "101001010001": 1,
            "101011110000": 1,
            "101010000001": 2,
            "001110000001": 1,
            "001001100000": 2,
            "110111100000": 1,
            "010111110001": 1,
            "101000100000": 1,
            "101100011100": 1,
            "111001100001": 1,
            "100001100001": 1,
            "001101000001": 3,
            "010101100001": 1,
            "000111010000": 1,
            "100011110000": 2,
            "000100100000": 1,
            "000101000001": 1,
            "010101000000": 2,
            "110111000001": 1,
            "100000000001": 3,
            "000101000000": 1,
            "100011100001": 1,
            "001001110001": 1,
            "101001100001": 1,
            "011011100001": 1,
            "010110100001": 1,
            "001101010001": 1,
            "100000000000": 1,
            "000011100001": 2,
            "001001000001": 1,
            "000101100001": 1,
            "011000000001": 2,
            "100100110000": 1,
            "010010000001": 1,
            "100101100001": 1,
            "010111010000": 1,
            "011100000001": 1,
            "101001000001": 2,
            "101011110101": 1,
            "110110000001": 3,
            "000110000000": 1,
            "000110100001": 1,
            "100101110001": 1,
            "100101000001": 1,
            "100001010000": 1,
            "111111000000": 1,
            "011100110001": 1,
            "000110110001": 1,
            "010011000001": 1,
            "100110000001": 1,
            "001101100001": 1,
            "010101010000": 1,
            "110000000001": 1
          },
          "component_probability": 0.01762114537444934,
          "success_rate": 0.07566666666666666
        },
        {
          "basis_state": 5,
          "task_id": "arn:aws:braket:eu-west-2:380012739362:quantum-task/a5c3e1a9-4320-4fa0-94fe-95daa99c3e6e",
          "status": "DONE",
          "shots": 3000,
          "created_at": "2025-12-21 13:24:24.172000+00:00",
          "ended_at": "2025-12-21 13:24:31.828000+00:00",
          "execution_time_seconds": 7.656,
          "counts": {
            "101000000000": 508,
            "011100000000": 353,
            "110000000000": 652,
            "001000000000": 424,
            "110100000001": 35,
            "010100000000": 88,
            "110111000001": 2,
            "111000000000": 51,
            "110100000000": 61,
            "100100000001": 20,
            "111100000000": 342,
            "101100000000": 85,
            "000000000001": 5,
            "001100000000": 52,
            "000000000000": 6,
            "101000000001": 25,
            "010100000001": 12,
            "001000000001": 19,
            "000100000001": 22,
            "100100000000": 37,
            "011000000000": 104,
            "000100000000": 12,
            "111000000001": 9,
            "001100000001": 12,
            "110110000000": 1,
            "110101100001": 1,
            "111100000001": 12,
            "101001000000": 2,
            "110111100000": 1,
            "100010110001": 2,
            "101000010101": 1,
            "100000000001": 4,
            "010101000000": 1,
            "101001100001": 1,
            "011110101000": 1,
            "110000000001": 1,
            "010101101001": 1,
            "010000000000": 6,
            "001001000000": 2,
            "110100100000": 1,
            "000111000001": 1,
            "001001000001": 1,
            "010010100001": 1,
            "101010010000": 1,
            "111001100001": 1,
            "001001100001": 1,
            "001010100001": 1,
            "001101000000": 1,
            "000110000001": 1,
            "001001010001": 1,
            "011001010101": 1,
            "010110100001": 1,
            "100111110000": 1,
            "001010000001": 2,
            "100110000001": 2,
            "001111000001": 1,
            "000110100001": 1,
            "000100100000": 1,
            "010001101001": 1,
            "100101000000": 1,
            "001010010001": 1,
            "011001100000": 1,
            "101010000001": 1,
            "010111110000": 1
          },
          "component_probability": 0.06896551724137931,
          "success_rate": 0.06766666666666667
        },
        {
          "basis_state": 6,
          "task_id": "arn:aws:braket:eu-west-2:380012739362:quantum-task/6a44aa6e-d8c2-4e99-9962-727ad10d9287",
          "status": "DONE",
          "shots": 3000,
          "created_at": "2025-12-21 13:24:30.141000+00:00",
          "ended_at": "2025-12-21 13:24:37.021000+00:00",
          "execution_time_seconds": 6.88,
          "counts": {
            "111100000000": 357,
            "011000000000": 96,
            "011100000000": 336,
            "001000000000": 475,
            "110000000000": 594,
            "100100000000": 40,
            "101000000000": 518,
            "000100000001": 29,
            "010100000001": 9,
            "110100000000": 55,
            "010101000000": 1,
            "001100000000": 35,
            "100110000001": 1,
            "101000000001": 33,
            "001101100001": 1,
            "010100000000": 98,
            "101100000000": 70,
            "000000000000": 10,
            "001100000001": 7,
            "110100000001": 37,
            "101010000001": 3,
            "111100000001": 10,
            "000110000000": 2,
            "001101000000": 2,
            "111000000000": 46,
            "001000000001": 21,
            "000000000001": 3,
            "100000100000": 1,
            "000100000000": 11,
            "101010110001": 1,
            "110101100001": 4,
            "011001000000": 1,
            "101010011001": 1,
            "100100000001": 9,
            "100001100001": 1,
            "001011110000": 1,
            "010101100001": 2,
            "011110000001": 1,
            "101010100001": 3,
            "011110100001": 1,
            "010101010000": 1,
            "101110000000": 1,
            "111000000001": 6,
            "010000000000": 10,
            "011000000001": 3,
            "000010001100": 1,
            "100000000001": 4,
            "111001100001": 1,
            "100110000000": 1,
            "100000001000": 1,
            "101011000001": 1,
            "001011100000": 1,
            "101000100000": 3,
            "001000100000": 1,
            "001111000000": 1,
            "110110000001": 1,
            "001010000001": 1,
            "100101100001": 1,
            "110000000001": 1,
            "101011100000": 1,
            "111011000001": 2,
            "110100110000": 1,
            "100110100001": 1,
            "100101000001": 1,
            "001010000000": 2,
            "101111000001": 1,
            "000111100001": 1,
            "100010000001": 1,
            "001001000000": 3,
            "110101010001": 1,
            "111111100000": 1,
            "111101100001": 1,
            "001001100001": 1,
            "010111110001": 1,
            "011010100001": 1,
            "101001010001": 1,
            "001001000001": 1,
            "101001000000": 1,
            "001011010000": 1,
            "010001000000": 1,
            "111010110001": 1,
            "011100000001": 1,
            "000111000001": 1,
            "000101000000": 1,
            "000110101001": 1,
            "010000000001": 1,
            "101001000001": 1,
            "010110000001": 1,
            "011010000000": 1
          },
          "component_probability": 0.018433179723502304,
          "success_rate": 0.07233333333333333
        },
        {
          "basis_state": 7,
          "task_id": "arn:aws:braket:eu-west-2:380012739362:quantum-task/1c57f12c-f938-49ca-8377-043dd9dbe23d",
          "status": "DONE",
          "shots": 3000,
          "created_at": "2025-12-21 13:24:36.591000+00:00",
          "ended_at": "2025-12-21 13:24:44.218000+00:00",
          "execution_time_seconds": 7.627,
          "counts": {
            "010100000000": 83,
            "001000000000": 429,
            "011100000000": 339,
            "101000000000": 512,
            "000100000001": 27,
            "110000000000": 606,
            "001000100000": 2,
            "101001010001": 1,
            "011000000000": 94,
            "111100000000": 368,
            "001100000000": 35,
            "111000000000": 56,
            "111000100001": 1,
            "101100000000": 82,
            "010100000001": 9,
            "100001110001": 1,
            "110100000001": 32,
            "000000000000": 16,
            "001110000000": 1,
            "110100000000": 56,
            "001000000001": 23,
            "000000000001": 7,
            "101000000001": 34,
            "000110000000": 2,
            "010110000001": 2,
            "100100000000": 35,
            "001111000001": 1,
            "111100000001": 11,
            "111000000001": 9,
            "100100000001": 13,
            "010001000000": 1,
            "001001000000": 2,
            "000100000000": 8,
            "010000000000": 13,
            "100111010000": 1,
            "110110100001": 2,
            "000011000001": 1,
            "110100100000": 1,
            "100110000001": 2,
            "100000100000": 1,
            "001100000001": 14,
            "000001110001": 1,
            "101001100000": 2,
            "101001000000": 1,
            "001010100001": 4,
            "100110001001": 1,
            "110011000001": 1,
            "011010000000": 1,
            "101010000000": 1,
            "010110000000": 3,
            "101010100001": 2,
            "111111000000": 1,
            "010001110001": 1,
            "101010110001": 1,
            "101001100001": 2,
            "001100100000": 1,
            "100010100001": 1,
            "011100000001": 1,
            "010010000000": 1,
            "000111100001": 1,
            "011110000001": 1,
            "001101000001": 1,
            "001001010000": 1,
            "001101000000": 1,
            "001010000001": 3,
            "101001010101": 1,
            "111100100001": 1,
            "000111100000": 1,
            "011000000001": 1,
            "010000000001": 3,
            "001001100001": 1,
            "000110100001": 1,
            "111011000001": 1,
            "101000100000": 1,
            "000101100001": 1,
            "111011100001": 1,
            "011111110000": 1,
            "101001000001": 1,
            "010101100001": 1,
            "010110010001": 1,
            "100000000001": 2,
            "110101100001": 1,
            "111100100000": 1,
            "111010000000": 1,
            "110101000000": 1,
            "010110100001": 1,
            "000000100001": 1,
            "010100110001": 1,
            "110000000001": 1,
            "100111000001": 1,
            "110110000000": 1,
            "000110000001": 1,
            "101111000001": 1,
            "000100100000": 1,
            "001101100001": 1
          },
          "component_probability": 0.00847457627118644,
          "success_rate": 0.07866666666666666
        },
        {
          "basis_state": 8,
          "task_id": "arn:aws:braket:eu-west-2:380012739362:quantum-task/0fe10e06-cb5d-4c90-903c-db195f9f5a01",
          "status": "DONE",
          "shots": 3000,
          "created_at": "2025-12-21 13:24:43.069000+00:00",
          "ended_at": "2025-12-21 13:24:50.710000+00:00",
          "execution_time_seconds": 7.641,
          "counts": {
            "101000000000": 497,
            "011100000000": 381,
            "001000000000": 407,
            "111100000000": 365,
            "110000000000": 577,
            "001001000000": 3,
            "101000000001": 29,
            "110100000000": 77,
            "010100000000": 101,
            "110100000001": 40,
            "100100000000": 39,
            "010100000001": 11,
            "111100000001": 17,
            "001100000000": 53,
            "001000000001": 18,
            "100000000001": 2,
            "010101000000": 3,
            "101100000000": 79,
            "011000000000": 102,
            "100100000001": 11,
            "000100000001": 24,
            "001100000001": 15,
            "111000000001": 4,
            "010000000000": 6,
            "111000000000": 43,
            "110110000000": 4,
            "110011000001": 1,
            "110000000001": 1,
            "100111100001": 1,
            "010111000000": 1,
            "000000000000": 11,
            "111001100001": 2,
            "000100000000": 8,
            "010101100001": 1,
            "010000110000": 1,
            "100110111001": 1,
            "001001000001": 2,
            "001011000000": 2,
            "110110000101": 1,
            "001101000001": 1,
            "000110000001": 1,
            "000011101001": 1,
            "110101100001": 1,
            "100110110001": 1,
            "010110100001": 1,
            "010001000001": 2,
            "010010101001": 1,
            "010110000000": 1,
            "110111100001": 1,
            "001001100000": 1,
            "001110100000": 2,
            "110111000001": 2,
            "101110111001": 1,
            "001010100001": 1,
            "110110000001": 1,
            "110101000001": 1,
            "001010000000": 1,
            "000001100001": 1,
            "001001100001": 2,
            "101001000000": 2,
            "101110000000": 1,
            "000110000000": 1,
            "101100000001": 1,
            "001001010001": 1,
            "011000000001": 1,
            "001110000000": 1,
            "001010000001": 1,
            "000000000001": 3,
            "001010110001": 1,
            "010011110001": 1,
            "010100100000": 1,
            "110101000000": 2,
            "100101100001": 1,
            "001111000001": 1,
            "101010000000": 1,
            "001000010000": 1,
            "000101000000": 2,
            "000101100000": 1,
            "010110010001": 1,
            "011001110001": 1,
            "000101100001": 1,
            "101011100000": 1,
            "111011000001": 1,
            "100101000000": 1,
            "000011100001": 1,
            "101000110001": 1,
            "111010000000": 1,
            "100011000001": 1,
            "010101000001": 1
          },
          "component_probability": 0.0136986301369863,
          "success_rate": 0.073
        },
        {
          "basis_state": 9,
          "task_id": "arn:aws:braket:eu-west-2:380012739362:quantum-task/3382423d-bd1e-4ce6-ada0-e0930ce8c1b0",
          "status": "DONE",
          "shots": 3000,
          "created_at": "2025-12-21 13:24:49.114000+00:00",
          "ended_at": "2025-12-21 13:24:58.343000+00:00",
          "execution_time_seconds": 9.229,
          "counts": {
            "001000000000": 402,
            "101000000000": 484,
            "110000000000": 649,
            "011100000000": 332,
            "000100000001": 21,
            "111100000000": 350,
            "110100000000": 78,
            "101000000001": 22,
            "101100000000": 99,
            "011000000000": 100,
            "001100000000": 38,
            "111000000000": 59,
            "010100000000": 99,
            "111100100000": 1,
            "001000000001": 22,
            "110100000001": 25,
            "100100000000": 37,
            "111000000001": 7,
            "101001001000": 1,
            "000000000000": 11,
            "111100000001": 8,
