{
  "problem_list": [
    {
      "A_matrix": [
        [
          1.1789939920860544,
          1.1704438279004987,
          0.7336484155002084,
          1.0288490610677306,
          0.45270304912351056,
          0.6742792535072977,
          1.5390673543590503,
          0.6080372532196876
        ],
        [
          1.1704438279004987,
          1.1303598295354707,
          1.4370626328153024,
          1.6322579771592274,
          1.108197369287198,
          0.7360594322078015,
          0.510700131163523,
          0.5533350709134812
        ],
        [
          0.7336484155002084,
          1.4370626328153024,
          0.8815039027289646,
          1.448874603013253,
          1.6757043929766664,
          0.3645855502551292,
          1.0087605376665665,
          0.8177677399028612
        ],
        [
          1.0288490610677306,
          1.6322579771592274,
          1.448874603013253,
          0.594981122367819,
          1.6231492569420016,
          0.8726554373202474,
          0.787472602041046,
          1.097263396575061
        ],
        [
          0.45270304912351056,
          1.108197369287198,
          1.6757043929766664,
          1.6231492569420016,
          1.6579184796515036,
          1.4371743278247766,
          0.8714998854363942,
          0.9281304860951
        ],
        [
          0.6742792535072977,
          0.7360594322078015,
          0.3645855502551292,
          0.8726554373202474,
          1.4371743278247766,
          0.9195259147887276,
          0.6332516766019785,
          0.9038696920939175
        ],
        [
          1.5390673543590503,
          0.510700131163523,
          1.0087605376665665,
          0.787472602041046,
          0.8714998854363942,
          0.6332516766019785,
          0.8649606765512798,
          1.355984343018561
        ],
        [
          0.6080372532196876,
          0.5533350709134812,
          0.8177677399028612,
          1.097263396575061,
          0.9281304860951,
          0.9038696920939175,
          1.355984343018561,
          0.7261291548977695
        ]
      ],
      "b_vector": [
        0.06625683866977766,
        0.22734949549927233,
        0.28076850354163013,
        0.4900303262169936,
        0.40990604315302714,
        0.40898940744165846,
        0.5107073435061199,
        0.1698360229999678
      ]
    }
  ],
  "shots": 3000,
  "backend": "sv1",
  "device_arn": "SV1",
  "aws_region": "eu-west-2",
  "ideal_preprocessing_list": [
    [
      [
        -1.1956508674889752,
        -1.032486586267115,
        -0.8080245027823293,
        -0.13366589802643974,
        0.43665531173420413,
        1.0464560178772087,
        1.5052230988487671,
        8.135866498712264
      ],
      [
        0.33273993969797844,
        0.06625836688241661,
        0.05619650819973984,
        0.044853818946924695,
        0.013086577031945157,
        0.191933867183331,
        0.06088026468364563,
        0.9159736755177965
      ]
    ]
  ],
  "probability_threshold": 0,
  "k_qubits": 7,
  "preprocessing_mode": "ideal",
  "projection_mode": "all_components",
  "projection_subset": null,
  "num_solution_qubits": 3,
  "num_projections": 8,
  "projector_basis_states": [
    0,
    1,
    2,
    3,
    4,
    5,
    6,
    7
  ],
  "enhanced_projection_results": [
    {
      "problem_index": 0,
      "projection_tasks": [
        {
          "basis_state": 0,
          "task_id": "arn:aws:braket:eu-west-2:380012739362:quantum-task/5289a4d9-bab7-4c2e-b93a-a3125a85b3fe",
          "status": "DONE",
          "shots": 3000,
          "created_at": "2025-12-21 12:51:19.103000+00:00",
          "ended_at": "2025-12-21 12:51:22.120000+00:00",
          "execution_time_seconds": 3.017,
          "counts": {
            "10100000000": 514,
            "00100000000": 165,
            "11000000000": 779,
            "10000000000": 443,
            "01100000000": 765,
            "01000000000": 205,
            "11100000000": 106,
            "00000000000": 11,
            "11100000001": 6,
            "01111011101": 1,
            "11000000001": 4,
            "10000110000": 1
          },
          "component_probability": 0.0,
          "success_rate": 0.0036666666666666666
        },
        {
          "basis_state": 1,
          "task_id": "arn:aws:braket:eu-west-2:380012739362:quantum-task/9fa0efbc-4f41-4417-be44-7442fca5fd82",
          "status": "DONE",
          "shots": 3000,
          "created_at": "2025-12-21 12:51:21.255000+00:00",
          "ended_at": "2025-12-21 12:51:24.852000+00:00",
          "execution_time_seconds": 3.597,
          "counts": {
            "11000000000": 797,
            "01100000000": 759,
            "10100000000": 504,
            "01000000000": 210,
            "00100000000": 177,
            "10000000000": 423,
            "11100000000": 103,
            "11100000001": 13,
            "11110000001": 1,
            "00000000000": 7,
            "00100000001": 1,
            "10100011001": 1,
            "01100010001": 1,
            "11101000001": 1,
            "01101011000": 1,
            "11111000001": 1
          },
          "component_probability": 0.05263157894736842,
          "success_rate": 0.006333333333333333
        },
        {
          "basis_state": 2,
          "task_id": "arn:aws:braket:eu-west-2:380012739362:quantum-task/1ee10c5b-b017-43d4-bb75-0090450cd578",
          "status": "DONE",
          "shots": 3000,
          "created_at": "2025-12-21 12:51:23.165000+00:00",
          "ended_at": "2025-12-21 12:51:27.050000+00:00",
          "execution_time_seconds": 3.885,
          "counts": {
            "10000000000": 449,
            "01100000000": 752,
            "00100000000": 194,
            "11000000000": 711,
            "01000000000": 231,
            "10100000000": 522,
            "11100000000": 114,
            "11111000001": 1,
            "00000000000": 11,
            "11000000001": 1,
            "11100000001": 12,
            "11001011101": 1,
            "00111111001": 1
          },
          "component_probability": 0.0,
          "success_rate": 0.005333333333333333
        },
        {
          "basis_state": 3,
          "task_id": "arn:aws:braket:eu-west-2:380012739362:quantum-task/43e4f0e3-1725-458e-b76e-1169c12a012e",
          "status": "DONE",
          "shots": 3000,
          "created_at": "2025-12-21 12:51:25.285000+00:00",
          "ended_at": "2025-12-21 12:51:28.428000+00:00",
          "execution_time_seconds": 3.143,
          "counts": {
            "01000000000": 209,
            "10100000000": 528,
            "11000000000": 747,
            "01100000000": 773,
            "10000000000": 431,
            "00100000000": 179,
            "11100000000": 109,
            "00001100001": 1,
            "00000000000": 14,
            "11100010000": 1,
            "11000000001": 3,
            "11100000001": 5
          },
          "component_probability": 0.0,
          "success_rate": 0.003
        },
        {
          "basis_state": 4,
          "task_id": "arn:aws:braket:eu-west-2:380012739362:quantum-task/0de43ec5-e44a-4878-a385-23cc4f226999",
          "status": "DONE",
          "shots": 3000,
          "created_at": "2025-12-21 12:51:27.598000+00:00",
          "ended_at": "2025-12-21 12:51:31.171000+00:00",
          "execution_time_seconds": 3.573,
          "counts": {
            "10100000000": 490,
            "01100000000": 763,
            "10000000000": 502,
            "11100000000": 124,
            "11000000000": 658,
            "00100000000": 202,
            "01000000000": 234,
            "11100000001": 11,
            "00000000000": 14,
            "11000000001": 1,
            "00101111001": 1
          },
          "component_probability": 0.0,
          "success_rate": 0.004333333333333333
        },
        {
          "basis_state": 5,
          "task_id": "arn:aws:braket:eu-west-2:380012739362:quantum-task/432a0e88-5fad-4fba-a556-ac002139de70",
          "status": "DONE",
          "shots": 3000,
          "created_at": "2025-12-21 12:51:29.569000+00:00",
          "ended_at": "2025-12-21 12:51:33.289000+00:00",
          "execution_time_seconds": 3.72,
          "counts": {
            "11000000000": 709,
            "01100000000": 754,
            "10000000000": 453,
            "10100000000": 509,
            "11100000000": 126,
            "01000000000": 227,
            "00100000000": 199,
            "00000000000": 11,
            "11100000001": 10,
            "10100000001": 1,
            "00100011000": 1
          },
          "component_probability": 0.09090909090909091,
          "success_rate": 0.0036666666666666666
        },
        {
          "basis_state": 6,
          "task_id": "arn:aws:braket:eu-west-2:380012739362:quantum-task/2ac368d2-a7dc-4334-af62-99ddb634284a",
          "status": "DONE",
          "shots": 3000,
          "created_at": "2025-12-21 12:51:31.724000+00:00",
          "ended_at": "2025-12-21 12:51:35.491000+00:00",
          "execution_time_seconds": 3.767,
          "counts": {
            "11100000000": 125,
            "10100000000": 490,
            "01100000000": 715,
            "10000000000": 476,
            "01000000000": 221,
            "00100000000": 177,
            "11000000000": 779,
            "11100000001": 5,
            "01101000001": 1,
            "11110100001": 1,
            "01101011000": 1,
            "10100110001": 1,
            "11000110001": 1,
            "11101100000": 1,
            "11000010101": 1,
            "00000000000": 3,
            "11000000001": 2
          },
          "component_probability": 0.3333333333333333,
          "success_rate": 0.004
        },
        {
          "basis_state": 7,
          "task_id": "arn:aws:braket:eu-west-2:380012739362:quantum-task/b2111ed0-e65c-4948-9b6b-88be3dfb4b2c",
          "status": "DONE",
          "shots": 3000,
          "created_at": "2025-12-21 12:51:33.839000+00:00",
          "ended_at": "2025-12-21 12:51:37.131000+00:00",
          "execution_time_seconds": 3.292,
          "counts": {
            "10000000000": 446,
            "01100000000": 750,
            "11000000000": 770,
            "11100000000": 118,
            "10100000000": 528,
            "00100000000": 145,
            "01000000000": 212,
            "00000000000": 13,
            "11000000001": 1,
            "11100000001": 7,
            "10100000001": 1,
            "00010101011": 1,
            "10001010011": 1,
            "10100110001": 1,
            "11110010001": 1,
            "00011110000": 1,
            "00100011000": 1,
            "11001010000": 1,
            "11111000001": 1,
            "10000110001": 1
          },
          "component_probability": 0.6,
          "success_rate": 0.005
        }
      ],
      "depth": 4564,
      "num_projections": 8,
      "ideal_solution": [
        {
          "real": -0.03121023806678119,
          "imag": 0.0
        },
        {
          "real": 0.06682995772135208,
          "imag": 0.0
        },
        {
          "real": -0.022782984433583217,
          "imag": 0.0
        },
        {
          "real": -0.03281190570146094,
          "imag": 0.0
        },
        {
          "real": 0.0654099341905431,
          "imag": 0.0
        },
        {
          "real": 0.1378695876193265,
          "imag": 0.0
        },
        {
          "real": -0.3508001845351898,
          "imag": 0.0
        },
        {
          "real": 0.9201177859949548,
          "imag": 0.0
        }
      ],
      "reconstructed_solution_probabilities": [
        0.0,
        0.048874407582938394,
        0.0,
        0.0,
        0.0,
        0.08441943127962087,
        0.30953791469194314,
        0.5571682464454977
      ],
      "fidelity": 0.877620759756878,
      "metadata": {
        "measured_components": [
          0,
          1,
          2,
          3,
          4,
          5,
          6,
          7
        ],
        "success_rates": [
          0.0036666666666666666,
          0.006333333333333333,
          0.005333333333333333,
          0.003,
          0.004333333333333333,
          0.0036666666666666666,
          0.004,
          0.005
        ],
        "raw_probabilities": [
          0.0,
          0.05263157894736842,
          0.0,
          0.0,
          0.0,
          0.09090909090909091,
          0.3333333333333333,
          0.6
        ],
        "average_success_rate": 0.004416666666666667,
        "total_probability": 1.0768740031897925
      },
      "total_problem_time_seconds": 18.028,
      "first_created_at": "2025-12-21 12:51:19.103000+00:00",
      "last_ended_at": "2025-12-21 12:51:37.131000+00:00"
    }
  ]
}