{
  "problem_list": [
    {
      "A_matrix": [
        [
          0.12148785727092681,
          1.8292667142626629,
          0.6671212875371072,
          1.0562120530817953,
          1.4039012402558317,
          0.8290623428223641,
          1.4272340557683125,
          0.904030456803681,
          0.9912773086613884,
          0.3854297671304382,
          0.30019648895035644,
          0.7331433406022252,
          0.7305123426946761,
          1.2971231163417134,
          1.3878309261823865,
          0.10207548970799674
        ],
        [
          1.8292667142626629,
          0.8191167428037811,
          0.9013596399544105,
          0.12511130320510722,
          1.546176529037033,
          0.9630496581696456,
          0.971287540606377,
          1.5631590118719032,
          1.0101028748856038,
          0.8506535498285923,
          1.2749267910896944,
          1.4307229537899953,
          1.1663408434187401,
          1.7391816396421076,
          0.39020445090188416,
          1.1688249991105866
        ],
        [
          0.6671212875371072,
          0.9013596399544105,
          1.217458576062637,
          0.9449300024973006,
          0.5777553216003484,
          1.6052308945600022,
          0.4887457258059098,
          1.0279438529300138,
          0.8370900973788261,
          1.3790369799323365,
          1.399121924376462,
          1.0394791720459842,
          0.9427661584805235,
          1.4833373902372378,
          1.4486899143076304,
          0.5804561955263933
        ],
        [
          1.0562120530817953,
          0.12511130320510722,
          0.9449300024973006,
          0.04984238064794844,
          1.0979937435200957,
          0.8876496431532039,
          1.167630028935858,
          1.465528801945879,
          0.9968462442306798,
          1.717231564864518,
          1.9395089584485175,
          0.7992838791229319,
          0.6527547573940146,
          1.3976022897299287,
          0.9731979482135571,
          0.6312496096362296
        ],
        [
          1.4039012402558317,
          1.546176529037033,
          0.5777553216003484,
          1.0979937435200957,
          0.5126840073886756,
          0.5215446080418977,
          0.5921738012454449,
          1.0973256479312268,
          1.079039890568356,
          1.4157514225659982,
          1.2127793652087315,
          1.002914389490263,
          0.9148790495936965,
          0.7132215484413608,
          0.7512906813098318,
          1.291425922843938
        ],
        [
          0.8290623428223641,
          0.9630496581696456,
          1.6052308945600022,
          0.8876496431532039,
          0.5215446080418977,
          0.4660427765319346,
          1.01705911039291,
          0.33903669151672955,
          1.2052023805763454,
          1.227737867288903,
          0.9440341614166068,
          0.9493675236525103,
          0.5362089095641889,
          1.5624321156386018,
          0.6979044844681143,
          0.2874027113496741
        ],
        [
          1.4272340557683125,
          0.971287540606377,
          0.4887457258059098,
          1.167630028935858,
          0.5921738012454449,
          1.01705911039291,
          1.5469218606084865,
          0.7782449813770337,
          1.615550678189365,
          0.743012527682025,
          1.4111456863606646,
          0.8821079121971643,
          1.2916155669230105,
          1.175049731032784,
          1.1528970738113493,
          0.9559499788392627
        ],
        [
          0.904030456803681,
          1.5631590118719032,
          1.0279438529300138,
          1.465528801945879,
          1.0973256479312268,
          0.33903669151672955,
          0.7782449813770337,
          0.2197358845151689,
          1.8639090213538858,
          0.1818714276034048,
          0.7381646888710799,
          1.559090194468594,
          0.7210399379073984,
          1.3767508597764029,
          0.7509926936711374,
          1.5037396017837272
        ],
        [
          0.9912773086613884,
          1.0101028748856038,
          0.8370900973788261,
          0.9968462442306798,
          1.079039890568356,
          1.2052023805763454,
          1.615550678189365,
          1.8639090213538858,
          0.9509990963788486,
          0.5666033709544287,
          1.0855721781632184,
          1.6296148081166764,
          0.6828529094138679,
          1.5759327070412945,
          1.4123020249905904,
          0.5328370283383534
        ],
        [
          0.3854297671304382,
          0.8506535498285923,
          1.3790369799323365,
          1.717231564864518,
          1.4157514225659982,
          1.227737867288903,
          0.743012527682025,
          0.1818714276034048,
          0.5666033709544287,
          0.4030700158702065,
          1.3063721049613277,
          1.5269042116417626,
          1.66637490813036,
          0.7320547312459238,
          1.2784690982052522,
          1.2282812872531486
        ],
        [
          0.30019648895035644,
          1.2749267910896944,
          1.399121924376462,
          1.9395089584485175,
          1.2127793652087315,
          0.9440341614166068,
          1.4111456863606646,
          0.7381646888710799,
          1.0855721781632184,
          1.3063721049613277,
          0.3746136675738787,
          1.4824272517838917,
          0.8946624858044478,
          0.5626502301802906,
          1.2211594070580918,
          0.5911073331703428
        ],
        [
          0.7331433406022252,
          1.4307229537899953,
          1.0394791720459842,
          0.7992838791229319,
          1.002914389490263,
          0.9493675236525103,
          0.8821079121971643,
          1.559090194468594,
          1.6296148081166764,
          1.5269042116417626,
          1.4824272517838917,
          0.5464218348762884,
          0.7449986116923166,
          1.5268405058366548,
          1.0863061898818986,
          0.526540415063689
        ],
        [
          0.7305123426946761,
          1.1663408434187401,
          0.9427661584805235,
          0.6527547573940146,
          0.9148790495936965,
          0.5362089095641889,
          1.2916155669230105,
          0.7210399379073984,
          0.6828529094138679,
          1.66637490813036,
          0.8946624858044478,
          0.7449986116923166,
          1.4964684105399022,
          1.7064606809433676,
          1.259724321354868,
          0.43188947835506186
        ],
        [
          1.2971231163417134,
          1.7391816396421076,
          1.4833373902372378,
          1.3976022897299287,
          0.7132215484413608,
          1.5624321156386018,
          1.175049731032784,
          1.3767508597764029,
          1.5759327070412945,
          0.7320547312459238,
          0.5626502301802906,
          1.5268405058366548,
          1.7064606809433676,
          1.0041479054349076,
          1.1331933300026724,
          1.078345351093269
        ],
        [
          1.3878309261823865,
          0.39020445090188416,
          1.4486899143076304,
          0.9731979482135571,
          0.7512906813098318,
          0.6979044844681143,
          1.1528970738113493,
          0.7509926936711374,
          1.4123020249905904,
          1.2784690982052522,
          1.2211594070580918,
          1.0863061898818986,
          1.259724321354868,
          1.1331933300026724,
          1.463854681176119,
          0.8303337916190818
        ],
        [
          0.10207548970799674,
          1.1688249991105866,
          0.5804561955263933,
          0.6312496096362296,
          1.291425922843938,
          0.2874027113496741,
          0.9559499788392627,
          1.5037396017837272,
          0.5328370283383534,
          1.2282812872531486,
          0.5911073331703428,
          0.526540415063689,
          0.43188947835506186,
          1.078345351093269,
          0.8303337916190818,
          0.8170274106687854
        ]
      ],
      "b_vector": [
        0.024723249470332855,
        0.08274257661082626,
        0.4147082523765382,
        0.05939164120245913,
        0.02154664246795164,
        0.16129326509446654,
        0.22223863369394584,
        0.34214698108420083,
        0.007870949072789598,
        0.10168019218164433,
        0.44637863483511664,
        0.17689606718307926,
        0.46450010976136796,
        0.11762692751123029,
        0.1278480589254351,
        0.3704177282761763
      ]
    }
  ],
  "shots": 3000,
  "backend": "sv1",
  "device_arn": "SV1",
  "aws_region": "eu-west-2",
  "ideal_preprocessing_list": [
    [
      [
        -3.3435505549282665,
        -2.575517176201786,
        -1.9669776560238807,
        -1.664939231636845,
        -1.3075143727867933,
        -0.8499744811582891,
        -0.41911786307508253,
        -0.23621173642287951,
        0.23081484218135787,
        0.43693786231929455,
        0.6428516874736253,
        1.302806833659654,
        1.3491344521343087,
        1.6312675196868975,
        2.234387479063333,
        16.545495504063847
      ],
      [
        0.10804040852493829,
        0.17679657860837422,
        0.21541332940282287,
        0.0857466730697813,
        0.011138302953870256,
        0.08112540232557522,
        0.35915717883070697,
        0.14673417809514117,
        0.01974612361190957,
        0.2837047196054247,
        0.09671843913236688,
        0.0723875355125437,
        0.047097335537071905,
        0.15773649431893327,
        0.18033914393928466,
        0.7687592588631251
      ]
    ]
  ],
  "probability_threshold": 0,
  "k_qubits": 7,
  "preprocessing_mode": "ideal",
  "projection_mode": "all_components",
  "projection_subset": null,
  "num_solution_qubits": 4,
  "num_projections": 16,
  "projector_basis_states": [
    0,
    1,
    2,
    3,
    4,
    5,
    6,
    7,
    8,
    9,
    10,
    11,
    12,
    13,
    14,
    15
  ],
  "enhanced_projection_results": [
    {
      "problem_index": 0,
      "projection_tasks": [
        {
          "basis_state": 0,
          "task_id": "arn:aws:braket:eu-west-2:380012739362:quantum-task/1ea5191f-a84e-4df0-a57e-9bedb32ab1a5",
          "shots": 3000,
          "projector_index": 0
        },
        {
          "basis_state": 1,
          "task_id": "arn:aws:braket:eu-west-2:380012739362:quantum-task/8c4cfda8-d5a5-4d71-98f8-1a5e70d8db0f",
          "shots": 3000,
          "projector_index": 1
        },
        {
          "basis_state": 2,
          "task_id": "arn:aws:braket:eu-west-2:380012739362:quantum-task/a0076cac-cd9d-4f54-80f3-ae87e0a3e07b",
          "shots": 3000,
          "projector_index": 2
        },
        {
          "basis_state": 3,
          "task_id": "arn:aws:braket:eu-west-2:380012739362:quantum-task/0e08ab31-51ac-4090-af62-0025861c7d73",
          "shots": 3000,
          "projector_index": 3
        },
        {
          "basis_state": 4,
          "task_id": "arn:aws:braket:eu-west-2:380012739362:quantum-task/b4a4d8e0-96f9-44dc-8131-ae220f03eb4f",
          "shots": 3000,
          "projector_index": 4
        },
        {
          "basis_state": 5,
          "task_id": "arn:aws:braket:eu-west-2:380012739362:quantum-task/a5c3e1a9-4320-4fa0-94fe-95daa99c3e6e",
          "shots": 3000,
          "projector_index": 5
        },
        {
          "basis_state": 6,
          "task_id": "arn:aws:braket:eu-west-2:380012739362:quantum-task/6a44aa6e-d8c2-4e99-9962-727ad10d9287",
          "shots": 3000,
          "projector_index": 6
        },
        {
          "basis_state": 7,
          "task_id": "arn:aws:braket:eu-west-2:380012739362:quantum-task/1c57f12c-f938-49ca-8377-043dd9dbe23d",
          "shots": 3000,
          "projector_index": 7
        },
        {
          "basis_state": 8,
          "task_id": "arn:aws:braket:eu-west-2:380012739362:quantum-task/0fe10e06-cb5d-4c90-903c-db195f9f5a01",
          "shots": 3000,
          "projector_index": 8
        },
        {
          "basis_state": 9,
          "task_id": "arn:aws:braket:eu-west-2:380012739362:quantum-task/3382423d-bd1e-4ce6-ada0-e0930ce8c1b0",
          "shots": 3000,
          "projector_index": 9
        },
        {
          "basis_state": 10,
          "task_id": "arn:aws:braket:eu-west-2:380012739362:quantum-task/582adddf-2f0c-4e3b-88fc-214bf352435c",
          "shots": 3000,
          "projector_index": 10
        },
        {
          "basis_state": 11,
          "task_id": "arn:aws:braket:eu-west-2:380012739362:quantum-task/47746fcc-7dcb-4a9c-8c8a-b1b07e09e66c",
          "shots": 3000,
          "projector_index": 11
        },
        {
          "basis_state": 12,
          "task_id": "arn:aws:braket:eu-west-2:380012739362:quantum-task/6f1ea54b-8720-4b51-b2d3-ce7238708116",
          "shots": 3000,
          "projector_index": 12
        },
        {
          "basis_state": 13,
          "task_id": "arn:aws:braket:eu-west-2:380012739362:quantum-task/bc2e968f-a8d7-4e20-a249-f67885f355be",
          "shots": 3000,
          "projector_index": 13
        },
        {
          "basis_state": 14,
          "task_id": "arn:aws:braket:eu-west-2:380012739362:quantum-task/3d91b276-43ab-47c2-8e75-3b0f7393609b",
          "shots": 3000,
          "projector_index": 14
        },
        {
          "basis_state": 15,
          "task_id": "arn:aws:braket:eu-west-2:380012739362:quantum-task/4c405e71-08c4-42f1-979f-870cf826a77e",
          "shots": 3000,
          "projector_index": 15
        }
      ],
      "depth": 13480,
      "num_projections": 16,
      "ideal_solution": [
        {
          "real": -0.2115079028756214,
          "imag": 0.0
        },
        {
          "real": -0.35136867178511005,
          "imag": 0.0
        },
        {
          "real": -0.32034333671457205,
          "imag": 0.0
        },
        {
          "real": 0.32187692449230587,
          "imag": 0.0
        },
        {
          "real": -0.014354509755157167,
          "imag": 0.0
        },
        {
          "real": 0.20200417542184,
          "imag": 0.0
        },
        {
          "real": -0.08132458941027194,
          "imag": 0.0
        },
        {
          "real": -0.04310265223165981,
          "imag": 0.0
        },
        {
          "real": 0.14363986456260153,
          "imag": 0.0
        },
        {
          "real": 0.3342036085299882,
          "imag": 0.0
        },
        {
          "real": -0.39358458002384,
          "imag": 0.0
        },
        {
          "real": -0.03239859853726898,
          "imag": 0.0
        },
        {
          "real": 0.08172557706667483,
          "imag": 0.0
        },
        {
          "real": 0.44982427638175426,
          "imag": 0.0
        },
        {
          "real": -0.1631962271946099,
          "imag": 0.0
        },
        {
          "real": 0.228384933161532,
          "imag": 0.0
        }
      ]
    }
  ]
}