{
  "problem_list": [
    {
      "A_matrix": [
        [
          1.2055022474700665,
          0.6134648278585823,
          1.2227508111356213,
          1.199740387545032,
          0.8225466788965049,
          1.4233447131452697,
          1.1808630697036389,
          0.6875931174438699
        ],
        [
          0.6134648278585823,
          0.475687590648882,
          0.7067884038183613,
          1.2694644763202327,
          1.2396478971623384,
          1.1343064926942903,
          1.016301201778825,
          0.6542225940915791
        ],
        [
          1.2227508111356213,
          0.7067884038183613,
          1.7898894972887769,
          0.6419229541994521,
          1.6924158479542744,
          1.0125078420881755,
          0.8974001719883146,
          0.5247048103088868
        ],
        [
          1.199740387545032,
          1.2694644763202327,
          0.6419229541994521,
          0.803290216239344,
          1.6544243701026433,
          0.14070075934480686,
          1.0928439229601594,
          1.2068086074707545
        ],
        [
          0.8225466788965049,
          1.2396478971623384,
          1.6924158479542744,
          1.6544243701026433,
          1.7025803980929284,
          1.4757702532559747,
          0.8542747613334112,
          1.4758709487590937
        ],
        [
          1.4233447131452697,
          1.1343064926942903,
          1.0125078420881755,
          0.14070075934480686,
          1.4757702532559747,
          1.2830639431660615,
          0.9800174945362421,
          0.8195174215407649
        ],
        [
          1.1808630697036389,
          1.016301201778825,
          0.8974001719883146,
          1.0928439229601594,
          0.8542747613334112,
          0.9800174945362421,
          0.2569221767738872,
          0.8225305042469235
        ],
        [
          0.6875931174438699,
          0.6542225940915791,
          0.5247048103088868,
          1.2068086074707545,
          1.4758709487590937,
          0.8195174215407649,
          0.8225305042469235,
          1.1056382611699154
        ]
      ],
      "b_vector": [
        0.36459498492955883,
        0.2870690077050609,
        0.30683671259280954,
        0.5063273299072163,
        0.2680589740224672,
        0.24147185222962814,
        0.48636377760689165,
        0.2596762511907508
      ]
    }
  ],
  "shots": 3000,
  "backend": "sv1",
  "device_arn": "SV1",
  "aws_region": "eu-west-2",
  "ideal_preprocessing_list": [
    [
      [
        -1.4901858829328332,
        -0.9174558467268363,
        -0.4057844200145252,
        0.16338035806162982,
        0.6169592950218971,
        0.8739567988266722,
        1.4236340308563749,
        8.358069997757486
      ],
      [
        0.09434310384517058,
        0.08849033704391032,
        0.11252074504959789,
        0.05741737091157675,
        0.23156824324262407,
        0.15227178675744074,
        0.09150540445895142,
        0.9392163643654349
      ]
    ]
  ],
  "probability_threshold": 0,
  "k_qubits": 7,
  "preprocessing_mode": "ideal",
  "projection_mode": "all_components",
  "projection_subset": null,
  "num_solution_qubits": 3,
  "num_projections": 8,
  "projector_basis_states": [
    0,
    1,
    2,
    3,
    4,
    5,
    6,
    7
  ],
  "enhanced_projection_results": [
    {
      "problem_index": 0,
      "projection_tasks": [
        {
          "basis_state": 0,
          "task_id": "arn:aws:braket:eu-west-2:380012739362:quantum-task/288e424f-42ed-411b-833a-e7f3a88f2163",
          "shots": 3000,
          "projector_index": 0
        },
        {
          "basis_state": 1,
          "task_id": "arn:aws:braket:eu-west-2:380012739362:quantum-task/8023a9c5-060c-4da5-b173-266ef1df69b1",
          "shots": 3000,
          "projector_index": 1
        },
        {
          "basis_state": 2,
          "task_id": "arn:aws:braket:eu-west-2:380012739362:quantum-task/a1fad7f8-5e1e-4110-b44e-5589415f3bc3",
          "shots": 3000,
          "projector_index": 2
        },
        {
          "basis_state": 3,
          "task_id": "arn:aws:braket:eu-west-2:380012739362:quantum-task/2e938e80-122a-4447-a01f-98761ad43581",
          "shots": 3000,
          "projector_index": 3
        },
        {
          "basis_state": 4,
          "task_id": "arn:aws:braket:eu-west-2:380012739362:quantum-task/3e2a8ba7-b9ff-4c08-bf3c-d2b0901e8111",
          "shots": 3000,
          "projector_index": 4
        },
        {
          "basis_state": 5,
          "task_id": "arn:aws:braket:eu-west-2:380012739362:quantum-task/1d312226-9bcd-439d-9562-5bc4a8986e8c",
          "shots": 3000,
          "projector_index": 5
        },
        {
          "basis_state": 6,
          "task_id": "arn:aws:braket:eu-west-2:380012739362:quantum-task/2d5c9df8-ce36-4f1e-8278-f91caa21c0df",
          "shots": 3000,
          "projector_index": 6
        },
        {
          "basis_state": 7,
          "task_id": "arn:aws:braket:eu-west-2:380012739362:quantum-task/bab98b37-de84-482f-b472-d8788745572b",
          "shots": 3000,
          "projector_index": 7
        }
      ],
      "depth": 4861,
      "num_projections": 8,
      "ideal_solution": [
        {
          "real": 0.4830893389122348,
          "imag": 0.0
        },
        {
          "real": 0.3985390085926371,
          "imag": 0.0
        },
        {
          "real": -0.14497852016285245,
          "imag": 0.0
        },
        {
          "real": 0.5053295491887025,
          "imag": 0.0
        },
        {
          "real": 0.04531742904761454,
          "imag": 0.0
        },
        {
          "real": -0.24334769707571988,
          "imag": 0.0
        },
        {
          "real": -0.012041661101219943,
          "imag": 0.0
        },
        {
          "real": -0.519613175369766,
          "imag": 0.0
        }
      ]
    }
  ]
}