{
  "problem_list": [
    {
      "A_matrix": [
        [
          1.875650446924992,
          1.878949658296281,
          1.1169841295315353,
          0.4156923329418586,
          0.9385284084314894,
          0.36821242065585214,
          0.5915223496444955,
          1.6089088665759137,
          0.5468311066530748,
          0.9230313238140301,
          0.5825738315036671,
          0.15404215806719823,
          0.7526195777521506,
          1.113204928075768,
          1.3544671385897178,
          1.4531564590510162
        ],
        [
          1.878949658296281,
          0.7072834368607208,
          0.2882737428451311,
          0.5499902575842416,
          0.8941694341566443,
          0.9875560156513246,
          0.6807846014224468,
          0.15729582651750162,
          1.11494176350798,
          1.5851109894874296,
          1.0623891126717129,
          0.9633377047286841,
          1.5754132995780437,
          0.8957731570457338,
          1.218869817972109,
          0.9956904387936761
        ],
        [
          1.1169841295315353,
          0.2882737428451311,
          0.6335105175138724,
          0.5695969783228254,
          0.6533185487217678,
          0.6783244071847296,
          0.9220454648315927,
          1.479485131003842,
          0.6002343226594069,
          0.9113211692287962,
          0.35617274365929275,
          0.27768926522240067,
          0.9664478059280555,
          0.9020089931001666,
          1.0038060711406445,
          1.0882992117917893
        ],
        [
          0.4156923329418586,
          0.5499902575842416,
          0.5695969783228254,
          1.5949039307063462,
          0.42647191444384924,
          0.6777364641398599,
          1.032654062433404,
          1.6271045544035267,
          0.8783321810475697,
          1.0313020732220481,
          0.7387608466900308,
          1.0352674152410266,
          0.35379232048427156,
          0.8083422700623425,
          1.433245591463586,
          1.4697855805631495
        ],
        [
          0.9385284084314894,
          0.8941694341566443,
          0.6533185487217678,
          0.42647191444384924,
          1.3787386014840206,
          0.8419681329067055,
          1.0312866335422528,
          1.8008577711281275,
          0.30973988790506934,
          0.9650673947952255,
          0.8099222789424813,
          0.9583852339128919,
          1.3131387081588106,
          1.159198099264885,
          0.8910864268616336,
          0.5646173673316696
        ],
        [
          0.36821242065585214,
          0.9875560156513246,
          0.6783244071847296,
          0.6777364641398599,
          0.8419681329067055,
          1.876747799649667,
          0.864465941668466,
          0.7355370557495727,
          0.4060255382958271,
          0.8458399656505987,
          0.7843407016335534,
          1.4872032211769177,
          1.380527499616727,
          1.0703721369441386,
          1.8611404081455705,
          1.0553493067902076
        ],
        [
          0.5915223496444955,
          0.6807846014224468,
          0.9220454648315927,
          1.032654062433404,
          1.0312866335422528,
          0.864465941668466,
          0.7146605616605628,
          1.1191951992160176,
          1.2986056993526705,
          1.3078294728059678,
          0.7551910509203873,
          1.1499386925476012,
          1.1455858410919362,
          1.869374581543763,
          0.5367548983945896,
          0.8178305606836441
        ],
        [
          1.6089088665759137,
          0.15729582651750162,
          1.479485131003842,
          1.6271045544035267,
          1.8008577711281275,
          0.7355370557495727,
          1.1191951992160176,
          0.37290574619225936,
          0.2584028294557058,
          1.0842566862485374,
          1.2428942395130087,
          0.7435551231522046,
          0.9478165171421634,
          1.616611539940741,
          0.4598861252686034,
          1.2952172703966331
        ],
        [
          0.5468311066530748,
          1.11494176350798,
          0.6002343226594069,
          0.8783321810475697,
          0.30973988790506934,
          0.4060255382958271,
          1.2986056993526705,
          0.2584028294557058,
          0.7838335293271095,
          1.1005974144896444,
          0.47899607174020364,
          0.4987458007643891,
          0.8166042975983047,
          1.1647468209546084,
          0.7984349424359367,
          1.1625502446171296
        ],
        [
          0.9230313238140301,
          1.5851109894874296,
          0.9113211692287962,
          1.0313020732220481,
          0.9650673947952255,
          0.8458399656505987,
          1.3078294728059678,
          1.0842566862485374,
          1.1005974144896444,
          1.624110305891638,
          1.7790878908154633,
          1.2310388847932998,
          1.3123961078268467,
          0.5553686413861711,
          1.2817533363259614,
          0.3555754703449613
        ],
        [
          0.5825738315036671,
          1.0623891126717129,
          0.35617274365929275,
          0.7387608466900308,
          0.8099222789424813,
          0.7843407016335534,
          0.7551910509203873,
          1.2428942395130087,
          0.47899607174020364,
          1.7790878908154633,
          1.4712154862511304,
          1.0924550125111656,
          1.060231205985378,
          1.044145744355634,
          0.9015766606920806,
          1.226971619177671
        ],
        [
          0.15404215806719823,
          0.9633377047286841,
          0.27768926522240067,
          1.0352674152410266,
          0.9583852339128919,
          1.4872032211769177,
          1.1499386925476012,
          0.7435551231522046,
          0.4987458007643891,
          1.2310388847932998,
          1.0924550125111656,
          0.11246669786488295,
          0.4671717866169631,
          0.33907353373737803,
          1.8584972276128386,
          0.754667525310409
        ],
        [
          0.7526195777521506,
          1.5754132995780437,
          0.9664478059280555,
          0.35379232048427156,
          1.3131387081588106,
          1.380527499616727,
          1.1455858410919362,
          0.9478165171421634,
          0.8166042975983047,
          1.3123961078268467,
          1.060231205985378,
          0.4671717866169631,
          0.5573052848873452,
          0.6336602107796361,
          1.2359641019304761,
          1.7888653685236209
        ],
        [
          1.113204928075768,
          0.8957731570457338,
          0.9020089931001666,
          0.8083422700623425,
          1.159198099264885,
          1.0703721369441386,
          1.869374581543763,
          1.616611539940741,
          1.1647468209546084,
          0.5553686413861711,
          1.044145744355634,
          0.33907353373737803,
          0.6336602107796361,
          0.16535497449888714,
          0.7682076542414932,
          1.4477081145395165
        ],
        [
          1.3544671385897178,
          1.218869817972109,
          1.0038060711406445,
          1.433245591463586,
          0.8910864268616336,
          1.8611404081455705,
          0.5367548983945896,
          0.4598861252686034,
          0.7984349424359367,
          1.2817533363259614,
          0.9015766606920806,
          1.8584972276128386,
          1.2359641019304761,
          0.7682076542414932,
          0.4004107560672938,
          0.6458976535151548
        ],
        [
          1.4531564590510162,
          0.9956904387936761,
          1.0882992117917893,
          1.4697855805631495,
          0.5646173673316696,
          1.0553493067902076,
          0.8178305606836441,
          1.2952172703966331,
          1.1625502446171296,
          0.3555754703449613,
          1.226971619177671,
          0.754667525310409,
          1.7888653685236209,
          1.4477081145395165,
          0.6458976535151548,
          0.6916117066751428
        ]
      ],
      "b_vector": [
        0.23595495846627118,
        0.23597299748634415,
        0.013115968541098783,
        0.06918588019233934,
        0.09891433024944099,
        0.31227020687108653,
        0.2592705584027214,
        0.2502142453443906,
        0.4680283057471981,
        0.3571483450145238,
        0.19550195827325942,
        0.15539629493905632,
        0.47256641370314434,
        0.018664686501682418,
        0.10203011575449886,
        0.05921300218698817
      ]
    }
  ],
  "shots": 3000,
  "backend": "sv1",
  "device_arn": "SV1",
  "aws_region": "eu-west-2",
  "ideal_preprocessing_list": [
    [
      [
        -3.0023877848576825,
        -2.022249365856006,
        -1.8302787540867138,
        -1.464484067602534,
        -1.2788570222113829,
        -0.8585415837645174,
        -0.6396372456944442,
        0.04396014780656005,
        0.3554256104474291,
        0.790918115641147,
        1.2274453317777603,
        1.5932524910586023,
        1.69866474450826,
        2.1319830926788077,
        2.727107560438504,
        15.488388512172083
      ],
      [
        0.05072638620680013,
        0.1793850356618404,
        0.23342158340648,
        0.1805251516221271,
        0.18150519168784035,
        0.10773967623996855,
        0.1056527510106853,
        0.08306204085270069,
        0.04932459821000721,
        0.03710094985587849,
        0.22230511081195706,
        0.040059488546405134,
        0.15205006850061056,
        0.17215433635209698,
        0.142437530549381,
        0.8292650888182633
      ]
    ]
  ],
  "probability_threshold": 0,
  "k_qubits": 7,
  "preprocessing_mode": "ideal",
  "projection_mode": "all_components",
  "projection_subset": null,
  "num_solution_qubits": 4,
  "num_projections": 16,
  "projector_basis_states": [
    0,
    1,
    2,
    3,
    4,
    5,
    6,
    7,
    8,
    9,
    10,
    11,
    12,
    13,
    14,
    15
  ],
  "enhanced_projection_results": [
    {
      "problem_index": 0,
      "projection_tasks": [
        {
          "basis_state": 0,
          "task_id": "arn:aws:braket:eu-west-2:380012739362:quantum-task/d5420fa4-87af-4e45-a46b-bc35460ad8ac",
          "status": "DONE",
          "shots": 3000,
          "created_at": "2025-12-21 13:13:53.030000+00:00",
          "ended_at": "2025-12-21 13:14:02.621000+00:00",
          "execution_time_seconds": 9.591,
          "counts": {
            "100100000000": 391,
            "110000000000": 552,
            "000000000000": 196,
            "010100000000": 345,
            "100000000000": 616,
            "011100000000": 214,
            "001100011001": 1,
            "011000000000": 222,
            "000100000000": 150,
            "101000000000": 148,
            "010000100000": 1,
            "111000000000": 31,
            "101100000000": 82,
            "011010000000": 1,
            "100010000000": 1,
            "010000000000": 12,
            "101010000001": 1,
            "011100100110": 1,
            "110100000000": 3,
            "101000000001": 2,
            "010010000000": 1,
            "001100000000": 7,
            "011010000001": 1,
            "010100000001": 1,
            "111100000000": 7,
            "111100000001": 1,
            "001100000001": 1,
            "110000000001": 3,
            "100101000101": 1,
            "101010000000": 1,
            "110100000001": 2,
            "000000000001": 3,
            "001110000001": 1
          },
          "component_probability": 0.16666666666666666,
          "success_rate": 0.006
        },
        {
          "basis_state": 1,
          "task_id": "arn:aws:braket:eu-west-2:380012739362:quantum-task/228c0d45-103e-4098-9ddb-779a9948e7f8",
          "status": "DONE",
          "shots": 3000,
          "created_at": "2025-12-21 13:13:57.921000+00:00",
          "ended_at": "2025-12-21 13:14:06.185000+00:00",
          "execution_time_seconds": 8.264,
          "counts": {
            "110000000000": 582,
            "100000000000": 644,
            "011100000000": 174,
            "111000000000": 40,
            "011000000000": 238,
            "010100000000": 332,
            "000100000000": 163,
            "100100000000": 388,
            "101100000000": 72,
            "000000000000": 183,
            "101000000000": 135,
            "001100000001": 2,
            "010000000000": 15,
            "001110000000": 1,
            "100010000000": 1,
            "001100000000": 7,
            "000000000001": 4,
            "011000000001": 1,
            "111100000000": 4,
            "010000000001": 1,
            "010001000000": 1,
            "010100000001": 2,
            "110100000000": 2,
            "011100000001": 1,
            "110110000000": 1,
            "110011000000": 1,
            "100011110001": 1,
            "110010000000": 1,
            "101011000001": 1,
            "110001000000": 1,
            "101000000001": 1
          },
          "component_probability": 0.0,
          "success_rate": 0.004666666666666667
        },
        {
          "basis_state": 2,
          "task_id": "arn:aws:braket:eu-west-2:380012739362:quantum-task/d8bd0032-7fc6-428d-a848-a66731c3467d",
          "status": "DONE",
          "shots": 3000,
          "created_at": "2025-12-21 13:14:02.645000+00:00",
          "ended_at": "2025-12-21 13:14:11.773000+00:00",
          "execution_time_seconds": 9.128,
          "counts": {
            "101000000000": 150,
            "110000000000": 571,
            "000100000000": 162,
            "111000000000": 31,
            "010100000000": 330,
            "011100000000": 181,
            "000000000000": 213,
            "100100000000": 402,
            "001100000000": 10,
            "100000000000": 617,
            "011000000000": 212,
            "101100000000": 81,
            "110000000001": 3,
            "010000000000": 15,
            "110100000001": 3,
            "000000000001": 1,
            "111100000000": 5,
            "110101000101": 1,
            "111100000001": 1,
            "110100000000": 7,
            "110011000001": 1,
            "001110000001": 1,
            "010100000001": 1,
            "010010000001": 1
          },
          "component_probability": 0.0,
          "success_rate": 0.004333333333333333
        },
        {
          "basis_state": 3,
          "task_id": "arn:aws:braket:eu-west-2:380012739362:quantum-task/eed9a99e-6328-40b2-8c7f-f29538038d73",
          "status": "DONE",
          "shots": 3000,
          "created_at": "2025-12-21 13:14:07.360000+00:00",
          "ended_at": "2025-12-21 13:14:14.305000+00:00",
          "execution_time_seconds": 6.945,
          "counts": {
            "000000000000": 175,
            "100000000000": 634,
            "110000000000": 566,
            "100100000000": 373,
            "011100000000": 222,
            "000100000000": 172,
            "011000000000": 217,
            "010100000000": 325,
            "101100000000": 100,
            "101000000000": 132,
            "111100000000": 6,
            "111000000000": 30,
            "101000000001": 2,
            "110100000001": 3,
            "010000000000": 12,
            "110100000000": 3,
            "000000000001": 2,
            "110110000000": 1,
            "010100000001": 2,
            "001100000000": 9,
            "010000000001": 1,
            "000011000000": 1,
            "110010100000": 1,
            "110000000001": 2,
            "011000000001": 2,
            "111100000001": 2,
            "110000100000": 1,
            "010011000000": 1,
            "100000000001": 1,
            "000100000001": 1,
            "001001000000": 1
          },
          "component_probability": 0.0,
          "success_rate": 0.006
        },
        {
          "basis_state": 4,
          "task_id": "arn:aws:braket:eu-west-2:380012739362:quantum-task/a78d9fd6-dd9c-4f48-a801-59adab44776a",
          "status": "DONE",
          "shots": 3000,
          "created_at": "2025-12-21 13:14:12.636000+00:00",
          "ended_at": "2025-12-21 13:14:21.998000+00:00",
          "execution_time_seconds": 9.362,
          "counts": {
            "010100000000": 346,
            "000000000000": 180,
            "101000000000": 143,
            "011100000000": 192,
            "100000000000": 648,
            "100100000000": 385,
            "101100000000": 76,
            "001100000000": 9,
            "110000000000": 559,
            "010000000000": 22,
            "011000000000": 208,
            "111000000000": 30,
            "000100000000": 164,
            "110100000000": 8,
            "101000000001": 1,
            "101001000100": 1,
            "111100000000": 5,
            "000010000001": 1,
            "011001000001": 1,
            "110000000001": 3,
            "110101010111": 1,
            "111100000001": 1,
            "110110000001": 1,
            "001100000001": 2,
            "010011000110": 1,
            "110010000001": 1,
            "101010000001": 1,
            "010000000001": 3,
            "010100110000": 1,
            "011000000001": 1,
            "110010000000": 2,
            "011100000001": 1,
            "000000000001": 2
          },
          "component_probability": 0.15,
          "success_rate": 0.006666666666666667
        },
        {
          "basis_state": 5,
          "task_id": "arn:aws:braket:eu-west-2:380012739362:quantum-task/e9c8a6f9-e42f-4c82-ad39-28f371be6e20",
          "status": "DONE",
          "shots": 3000,
          "created_at": "2025-12-21 13:14:17.900000+00:00",
          "ended_at": "2025-12-21 13:14:24.687000+00:00",
          "execution_time_seconds": 6.787,
          "counts": {
            "100100000000": 369,
            "100000000000": 643,
            "000100000000": 165,
            "110100000000": 7,
            "110000000000": 578,
            "010100000000": 328,
            "101010000001": 1,
            "111000000000": 34,
            "111100000000": 10,
            "011000000000": 240,
            "011100000000": 183,
            "000000000000": 187,
            "101000000000": 136,
            "101100000000": 68,
            "010000000000": 23,
            "110000000001": 6,
            "110010000000": 1,
            "001100000000": 9,
            "001000000000": 1,
            "110100000001": 2,
            "101000000001": 1,
            "010000000001": 1,
            "000000011000": 1,
            "101010000000": 2,
            "111100000001": 1,
            "110111000000": 1,
            "011000000001": 1,
            "110010000001": 1
          },
          "component_probability": 0.0,
          "success_rate": 0.004666666666666667
        },
        {
          "basis_state": 6,
          "task_id": "arn:aws:braket:eu-west-2:380012739362:quantum-task/d1ae65a6-6326-4274-bf4d-967c03a67cd6",
          "status": "DONE",
          "shots": 3000,
          "created_at": "2025-12-21 13:14:22.994000+00:00",
          "ended_at": "2025-12-21 13:14:32.968000+00:00",
          "execution_time_seconds": 9.974,
          "counts": {
            "101000000000": 163,
            "110000000000": 617,
            "100100000000": 354,
            "100000000000": 588,
            "001100000000": 8,
            "011100000000": 200,
            "000000000000": 202,
            "010100000000": 323,
            "011000000000": 227,
            "000100000000": 166,
            "101100000000": 71,
            "110100000000": 13,
            "000000000001": 1,
            "111000000000": 34,
            "010100000001": 2,
            "000110000000": 1,
            "010000000000": 15,
            "110000000001": 2,
            "000100000001": 1,
            "000010000000": 1,
            "111100000000": 4,
            "111100000001": 2,
            "110110000000": 1,
            "010000000001": 1,
            "001100000001": 1,
            "011000000001": 1,
            "011100000001": 1
          },
          "component_probability": 0.08333333333333333,
          "success_rate": 0.004
        },
        {
          "basis_state": 7,
          "task_id": "arn:aws:braket:eu-west-2:380012739362:quantum-task/f25fdbc9-0949-4c53-850c-a2adca58a876",
          "status": "DONE",
          "shots": 3000,
          "created_at": "2025-12-21 13:14:27.884000+00:00",
          "ended_at": "2025-12-21 13:14:35.068000+00:00",
          "execution_time_seconds": 7.184,
          "counts": {
            "100100000000": 380,
            "010100000000": 320,
            "011000000000": 229,
            "000000000000": 205,
            "100000000000": 598,
            "000100000000": 174,
            "110000000000": 593,
            "101000000000": 141,
            "011100000000": 205,
            "101100000000": 71,
            "110000000001": 6,
            "111000000000": 23,
            "010000000000": 17,
            "110100000000": 5,
            "001100000000": 11,
            "001110000001": 1,
            "111100000001": 1,
            "010001000000": 1,
            "000010000000": 1,
            "000000000001": 1,
            "010000010000": 1,
            "111100000000": 5,
            "010100000001": 1,
            "010100110001": 1,
            "001000000000": 1,
            "110100000001": 1,
            "100000000111": 1,
            "011100000001": 1,
            "110001000000": 1,
            "011011000000": 1,
            "110110000000": 1,
            "001100100000": 1,
            "110110000001": 1
          },
          "component_probability": 0.06666666666666667,
          "success_rate": 0.005
        },
        {
          "basis_state": 8,
          "task_id": "arn:aws:braket:eu-west-2:380012739362:quantum-task/cc844527-e9b6-4a08-913d-cfd2dc4a358b",
          "status": "DONE",
          "shots": 3000,
          "created_at": "2025-12-21 13:14:32.715000+00:00",
          "ended_at": "2025-12-21 13:14:42.209000+00:00",
          "execution_time_seconds": 9.494,
          "counts": {
            "100100000000": 388,
            "100000000000": 674,
            "011100000000": 196,
            "110000000000": 544,
            "010100000000": 315,
            "101000000000": 138,
            "000100000000": 170,
            "111000000000": 31,
            "101100000000": 88,
            "011000000000": 230,
            "010000000000": 24,
            "110100000000": 7,
            "000000000000": 166,
            "001100000000": 6,
            "001100000001": 2,
            "010000000001": 3,
            "010001000110": 1,
            "111100000000": 7,
            "110100100100": 1,
            "110000000001": 1,
            "000000000001": 3,
            "110100000001": 1,
            "010100000001": 1,
            "110110000000": 1,
            "101110000000": 1,
            "101000000001": 1
          },
          "component_probability": 0.0,
          "success_rate": 0.004
        },
        {
          "basis_state": 9,
          "task_id": "arn:aws:braket:eu-west-2:380012739362:quantum-task/ac3b306f-c7df-4df5-8dc8-f02dd3e74c42",
          "status": "DONE",
          "shots": 3000,
          "created_at": "2025-12-21 13:14:37.261000+00:00",
          "ended_at": "2025-12-21 13:14:45.231000+00:00",
          "execution_time_seconds": 7.97,
          "counts": {
            "100100000000": 397,
            "111000000000": 32,
            "100000000000": 631,
            "101100000000": 94,
            "110000000000": 595,
            "010100000000": 331,
            "000000000000": 208,
            "011100000000": 163,
            "101000000000": 147,
            "011000000000": 215,
            "000100000000": 130,
            "010000000000": 17,
            "000000000001": 3,
            "101100000001": 2,
            "001100000000": 7,
            "111100000000": 3,
            "010000000001": 4,
            "110100000000": 7,
            "111110000000": 1,
            "110000000001": 2,
            "001100000001": 3,
            "110111111000": 1,
            "110001000000": 1,
            "110100000001": 1,
            "111001000111": 1,
            "111100000001": 1,
            "101000000001": 1,
            "110010000000": 1,
            "001000000000": 1
          },
          "component_probability": 0.0,
          "success_rate": 0.006
        },
        {
          "basis_state": 10,
          "task_id": "arn:aws:braket:eu-west-2:380012739362:quantum-task/f4d8a98b-6202-49d4-ba1b-92a744773512",
          "status": "DONE",
          "shots": 3000,
          "created_at": "2025-12-21 13:14:42.184000+00:00",
          "ended_at": "2025-12-21 13:14:52.289000+00:00",
          "execution_time_seconds": 10.105,
          "counts": {
            "100000000000": 640,
            "000000000000": 198,
            "110000000000": 557,
            "100100000000": 396,
            "010100000000": 311,
            "101000000000": 124,
            "101100000000": 94,
            "011100000000": 203,
            "111000000000": 32,
            "000100000000": 165,
            "011000000000": 219,
            "010000000000": 11,
            "111100000000": 8,
            "001100000001": 2,
            "110100000000": 8,
            "001100000000": 12,
            "010100000001": 2,
            "110101000111": 1,
            "000000000001": 2,
            "100101110011": 1,
            "111100000001": 3,
            "110011000001": 1,
            "101000000001": 2,
            "111110101101": 1,
            "110000000001": 4,
            "110100000001": 1,
            "101010000000": 1,
            "110010000000": 1
          },
          "component_probability": 0.1,
          "success_rate": 0.006666666666666667
        },
        {
          "basis_state": 11,
          "task_id": "arn:aws:braket:eu-west-2:380012739362:quantum-task/c0d6f167-bf98-40fc-8fd2-edfa536bf6a6",
          "status": "DONE",
          "shots": 3000,
          "created_at": "2025-12-21 13:14:47.515000+00:00",
          "ended_at": "2025-12-21 13:14:56.318000+00:00",
          "execution_time_seconds": 8.803,
          "counts": {
            "110000000000": 575,
            "011100000000": 184,
            "101000000000": 130,
            "100000000000": 647,
            "000100000000": 148,
            "100100000000": 382,
            "000000000000": 188,
            "011000000000": 228,
            "010100000000": 341,
            "101100000000": 81,
            "110100000001": 4,
            "001100000000": 6,
            "111000000000": 30,
            "011010000001": 1,
            "010000000000": 19,
            "001111000001": 1,
            "111011110001": 1,
            "110000000001": 6,
            "000010000001": 2,
            "111100000000": 4,
            "000000000001": 2,
            "001000000000": 1,
            "010100000001": 1,
            "110010000000": 1,
            "010101000000": 1,
            "101000000001": 1,
            "010000000001": 2,
            "110100000000": 8,
            "110110000000": 1,
            "111101000000": 1,
            "011000000001": 1,
            "010010000000": 1,
            "110001000000": 1
          },
          "component_probability": 0.0,
          "success_rate": 0.007333333333333333
        },
        {
          "basis_state": 12,
          "task_id": "arn:aws:braket:eu-west-2:380012739362:quantum-task/9302316e-0cab-4716-9d22-eab0b1b86ad2",
          "status": "DONE",
          "shots": 3000,
          "created_at": "2025-12-21 13:14:52.444000+00:00",
          "ended_at": "2025-12-21 13:14:59.688000+00:00",
          "execution_time_seconds": 7.244,
          "counts": {
            "100000000000": 633,
            "110000000000": 559,
            "011100000000": 181,
            "100100000000": 380,
            "011000000000": 235,
            "101000000000": 154,
            "010100000000": 320,
            "101100000000": 78,
            "000000000000": 216,
            "000100000000": 160,
            "111100000000": 5,
            "010000000000": 19,
            "110100000000": 4,
            "111000000000": 31,
            "111100000001": 2,
            "001100000001": 2,
            "010010000000": 1,
            "101000000001": 1,
            "010001000101": 1,
            "000011000000": 1,
            "110110000000": 1,
            "001100000000": 5,
            "110000000001": 3,
            "011010000000": 2,
            "010010000001": 1,
            "110011000001": 1,
            "010000000001": 1,
            "110100000001": 1,
            "011000000001": 1,
            "000000000001": 1
          },
          "component_probability": 0.26666666666666666,
          "success_rate": 0.005
        },
        {
          "basis_state": 13,
          "task_id": "arn:aws:braket:eu-west-2:380012739362:quantum-task/44acfb9e-0d66-46dc-a4f7-53e27b85a3fc",
          "status": "DONE",
          "shots": 3000,
          "created_at": "2025-12-21 13:14:57.361000+00:00",
          "ended_at": "2025-12-21 13:15:06.231000+00:00",
          "execution_time_seconds": 8.87,
          "counts": {
            "100000000000": 630,
            "100100000000": 381,
            "000000000000": 188,
            "110000000000": 596,
            "010000000000": 20,
            "010100000000": 342,
            "101000000000": 132,
            "110100000000": 8,
            "101100000000": 59,
            "011000000000": 241,
            "011100000000": 189,
            "110001000000": 1,
            "000100000000": 149,
            "111000000000": 33,
            "001100000000": 8,
            "110010000001": 1,
            "001100000001": 1,
            "111100000000": 4,
            "000000000001": 1,
            "101010000001": 1,
            "110110000000": 1,
            "101000000001": 2,
            "110000000001": 3,
            "010100000001": 1,
            "011000000001": 1,
            "111100000001": 1,
            "010011000001": 1,
            "010000000001": 1,
            "110100111100": 1,
            "110000010001": 1,
            "110100000001": 2
          },
          "component_probability": 0.11764705882352941,
          "success_rate": 0.005666666666666667
        },
        {
          "basis_state": 14,
          "task_id": "arn:aws:braket:eu-west-2:380012739362:quantum-task/4176e6a2-fd37-481d-b1e5-bda02f48ac84",
          "status": "DONE",
          "shots": 3000,
          "created_at": "2025-12-21 13:15:02.104000+00:00",
          "ended_at": "2025-12-21 13:15:12.194000+00:00",
          "execution_time_seconds": 10.09,
          "counts": {
            "110000000000": 535,
            "000000000000": 208,
            "100100000000": 393,
            "010100000000": 344,
            "100000000000": 656,
            "011100000000": 183,
            "101000000000": 140,
            "000100000000": 147,
            "011000000000": 240,
            "010000000000": 19,
            "101100000000": 75,
            "111000000000": 23,
            "001100000000": 7,
            "010010000001": 1,
            "111100000000": 7,
            "010000000001": 1,
            "101000000001": 1,
            "101100000001": 1,
            "110100000000": 2,
            "101111110101": 1,
            "001100000001": 3,
            "110100000001": 1,
            "011000000001": 1,
            "011111000001": 1,
            "110000000001": 3,
            "011100000001": 1,
            "001011000001": 1,
            "111100000001": 2,
            "000000000001": 1,
            "110010000000": 1,
            "110010100001": 1
          },
          "component_probability": 0.0,
          "success_rate": 0.006666666666666667
        },
        {
          "basis_state": 15,
          "task_id": "arn:aws:braket:eu-west-2:380012739362:quantum-task/100dc7e1-8ad1-4f57-a29c-78c3c6abf11c",
          "status": "DONE",
          "shots": 3000,
          "created_at": "2025-12-21 13:15:06.817000+00:00",
          "ended_at": "2025-12-21 13:15:13.787000+00:00",
          "execution_time_seconds": 6.97,
          "counts": {
            "100000000000": 623,
            "100100000000": 371,
            "000100000000": 163,
            "001100000001": 4,
            "111100000000": 11,
            "010100000000": 353,
            "000000000000": 169,
            "011000000000": 236,
            "101000000000": 135,
            "010000000000": 13,
            "110000000000": 565,
            "011100000000": 191,
            "101100000000": 98,
            "001000000000": 1,
            "110100000000": 8,
            "011100000001": 1,
            "111000000000": 30,
            "010111000101": 1,
            "110000000001": 3,
            "000000000001": 2,
            "110100000001": 3,
            "011001000111": 1,
            "011010000001": 1,
            "110010000001": 1,
            "001100000000": 4,
            "011010000000": 1,
            "000010000001": 2,
            "110001000000": 1,
            "110110000001": 1,
            "011101100110": 1,
            "111100000001": 1,
            "010000000001": 2,
            "011000000001": 1,
            "010010000001": 1,
            "010111100100": 1
          },
          "component_probability": 0.04,
          "success_rate": 0.008333333333333333
        }
      ],
      "depth": 13458,
      "num_projections": 16,
      "ideal_solution": [
        {
          "real": -0.3360217024332336,
          "imag": 0.0
        },
        {
          "real": 0.1473074257652374,
          "imag": 0.0
        },
        {
          "real": 0.13097673385367567,
          "imag": 0.0
        },
        {
          "real": 0.199440356461403,
          "imag": 0.0
        },
        {
          "real": 0.3485602354400338,
          "imag": 0.0
        },
        {
          "real": -0.3030864487497519,
          "imag": 0.0
        },
        {
          "real": -0.19901864416081147,
          "imag": 0.0
        },
        {
          "real": -0.12836265171289246,
          "imag": 0.0
        },
        {
          "real": 0.07436426264052702,
          "imag": 0.0
        },
        {
          "real": 0.058281442053287044,
          "imag": 0.0
        },
        {
          "real": -0.2662956467018958,
          "imag": 0.0
        },
        {
          "real": -0.0744200751987802,
          "imag": 0.0
        },
        {
          "real": 0.5343709998409955,
          "imag": 0.0
        },
        {
          "real": -0.33058547820219364,
          "imag": 0.0
        },
        {
          "real": 0.032176025192090604,
          "imag": 0.0
        },
        {
          "real": 0.2403427623842424,
          "imag": 0.0
        }
      ],
      "reconstructed_solution_probabilities": [
        0.16818361693707953,
        0.0,
        0.0,
        0.0,
        0.15136525524337158,
        0.0,
        0.08409180846853977,
        0.06727344677483181,
        0.0,
        0.0,
        0.10091017016224774,
        0.0,
        0.26909378709932724,
        0.1187178472497032,
        0.0,
        0.04036406806489909
      ],
      "fidelity": 0.7892617148869332,
      "metadata": {
        "measured_components": [
          0,
          1,
          2,
          3,
          4,
          5,
          6,
          7,
          8,
          9,
          10,
          11,
          12,
          13,
          14,
          15
        ],
        "success_rates": [
          0.006,
          0.004666666666666667,
          0.004333333333333333,
          0.006,
          0.006666666666666667,
          0.004666666666666667,
          0.004,
          0.005,
          0.004,
          0.006,
          0.006666666666666667,
          0.007333333333333333,
          0.005,
          0.005666666666666667,
          0.006666666666666667,
          0.008333333333333333
        ],
        "raw_probabilities": [
          0.16666666666666666,
          0.0,
          0.0,
          0.0,
          0.15,
          0.0,
          0.08333333333333333,
          0.06666666666666667,
          0.0,
          0.0,
          0.1,
          0.0,
          0.26666666666666666,
          0.11764705882352941,
          0.0,
          0.04
        ],
        "average_success_rate": 0.0056875,
        "total_probability": 0.9909803921568627
      },
      "total_problem_time_seconds": 80.757,
      "first_created_at": "2025-12-21 13:13:53.030000+00:00",
      "last_ended_at": "2025-12-21 13:15:13.787000+00:00"
    }
  ]
}