{
  "problem_list": [
    {
      "A_matrix": [
        [
          1.5384847626232065,
          0.9305126046936242,
          1.4088471814558625,
          0.6819964362475192,
          0.5010270738580332,
          0.5571839119304682,
          1.0606192094627613,
          1.0566951991520468,
          0.7144503302686737,
          1.06316837247569,
          0.74802214868068,
          0.35424582356521317,
          0.4553518727427037,
          1.2571744133938296,
          1.0037063325569993,
          0.4583977070450287
        ],
        [
          0.9305126046936242,
          1.123584798279206,
          1.0674456301688697,
          0.8522887116536177,
          1.1557867141751348,
          0.9172895772162704,
          1.2149673876474494,
          1.8027384408265603,
          0.58941695238283,
          1.1469307309371652,
          1.6414708404484524,
          0.34431729747554496,
          0.7710244977787823,
          1.2662677106035714,
          0.5027816108741674,
          0.8061741591753192
        ],
        [
          1.4088471814558625,
          1.0674456301688697,
          1.111891518622622,
          1.4115787601067527,
          1.0189899995953557,
          1.1156120880955365,
          1.1269498226546864,
          0.5476063850337026,
          0.9949343600784004,
          1.2037089382668098,
          0.5604768740185708,
          0.6440528835681378,
          0.9887641014103822,
          1.031792898934473,
          0.8599137705479486,
          1.1939044801695153
        ],
        [
          0.6819964362475192,
          0.8522887116536177,
          1.4115787601067527,
          0.1746822210423402,
          1.0575675971573908,
          1.0494683826675084,
          0.32930721273604135,
          1.3494863821625325,
          0.7643330806267551,
          1.232973997146959,
          1.4649929444610492,
          1.1107956985749161,
          1.4477065074233426,
          0.8055196233272874,
          1.3281957050607462,
          1.4987721818970399
        ],
        [
          0.5010270738580332,
          1.1557867141751348,
          1.0189899995953557,
          1.0575675971573908,
          0.6217424320136757,
          1.0481071354481957,
          0.7253609774249136,
          0.8996575538871938,
          1.2022850648129229,
          1.6849701694707724,
          0.5153582212717006,
          0.6574718801457262,
          1.4938780549871364,
          1.2026605558227819,
          0.30047977014901783,
          0.5838494001887102
        ],
        [
          0.5571839119304682,
          0.9172895772162704,
          1.1156120880955365,
          1.0494683826675084,
          1.0481071354481957,
          1.2888299602197553,
          0.6561697735432584,
          1.0955157901440962,
          1.1039687532981368,
          1.1475343014663326,
          0.9632141604971765,
          1.3975211855466254,
          1.9245809628226023,
          0.9043200909070432,
          0.9418547745306469,
          1.6013452595206585
        ],
        [
          1.0606192094627613,
          1.2149673876474494,
          1.1269498226546864,
          0.32930721273604135,
          0.7253609774249136,
          0.6561697735432584,
          0.13119843295460454,
          1.0321807211328125,
          0.9439055547987193,
          0.9365298518945369,
          0.48948513877451616,
          0.8140325520272854,
          1.0063053418338237,
          0.7094135521665336,
          1.608614588858756,
          0.9165789930532205
        ],
        [
          1.0566951991520468,
          1.8027384408265603,
          0.5476063850337026,
          1.3494863821625325,
          0.8996575538871938,
          1.0955157901440962,
          1.0321807211328125,
          0.7217714998789226,
          0.6872882096747172,
          0.29466619462345256,
          0.6336362933244931,
          1.1257836869870426,
          0.9704420545234881,
          0.28430748379563453,
          1.061102891655262,
          0.7405606622106703
        ],
        [
          0.7144503302686737,
          0.58941695238283,
          0.9949343600784004,
          0.7643330806267551,
          1.2022850648129229,
          1.1039687532981368,
          0.9439055547987193,
          0.6872882096747172,
          1.8053902093896177,
          0.8889818795947901,
          0.5789662046013476,
          1.024293799467747,
          1.5496239231373072,
          0.8037317172738887,
          0.4450371629366153,
          1.2120238838270292
        ],
        [
          1.06316837247569,
          1.1469307309371652,
          1.2037089382668098,
          1.232973997146959,
          1.6849701694707724,
          1.1475343014663326,
          0.9365298518945369,
          0.29466619462345256,
          0.8889818795947901,
          0.7260700134435569,
          1.2056042857512153,
          1.0120331467708645,
          1.4437417128722965,
          1.0706043725223091,
          1.0210199037287517,
          1.1237706273687404
        ],
        [
          0.74802214868068,
          1.6414708404484524,
          0.5604768740185708,
          1.4649929444610492,
          0.5153582212717006,
          0.9632141604971765,
          0.48948513877451616,
          0.6336362933244931,
          0.5789662046013476,
          1.2056042857512153,
          1.166422922587314,
          0.8222516092192643,
          0.22651137807122335,
          0.8205265176707978,
          0.8667573475614022,
          1.6458689827716522
        ],
        [
          0.35424582356521317,
          0.34431729747554496,
          0.6440528835681378,
          1.1107956985749161,
          0.6574718801457262,
          1.3975211855466254,
          0.8140325520272854,
          1.1257836869870426,
          1.024293799467747,
          1.0120331467708645,
          0.8222516092192643,
          1.1686242349853464,
          1.9165243389630122,
          1.7777083614800193,
          1.0416062294725241,
          0.8060794061217963
        ],
        [
          0.4553518727427037,
          0.7710244977787823,
          0.9887641014103822,
          1.4477065074233426,
          1.4938780549871364,
          1.9245809628226023,
          1.0063053418338237,
          0.9704420545234881,
          1.5496239231373072,
          1.4437417128722965,
          0.22651137807122335,
          1.9165243389630122,
          1.1301587940148148,
          1.6399276680228874,
          1.1524969131906193,
          0.8485319103979835
        ],
        [
          1.2571744133938296,
          1.2662677106035714,
          1.031792898934473,
          0.8055196233272874,
          1.2026605558227819,
          0.9043200909070432,
          0.7094135521665336,
          0.28430748379563453,
          0.8037317172738887,
          1.0706043725223091,
          0.8205265176707978,
          1.7777083614800193,
          1.6399276680228874,
          1.1322303763677082,
          1.9693963830904249,
          0.8420971388591798
        ],
        [
          1.0037063325569993,
          0.5027816108741674,
          0.8599137705479486,
          1.3281957050607462,
          0.30047977014901783,
          0.9418547745306469,
          1.608614588858756,
          1.061102891655262,
          0.4450371629366153,
          1.0210199037287517,
          0.8667573475614022,
          1.0416062294725241,
          1.1524969131906193,
          1.9693963830904249,
          0.175579410632555,
          0.5188901094380776
        ],
        [
          0.4583977070450287,
          0.8061741591753192,
          1.1939044801695153,
          1.4987721818970399,
          0.5838494001887102,
          1.6013452595206585,
          0.9165789930532205,
          0.7405606622106703,
          1.2120238838270292,
          1.1237706273687404,
          1.6458689827716522,
          0.8060794061217963,
          0.8485319103979835,
          0.8420971388591798,
          0.5188901094380776,
          0.5828894081631895
        ]
      ],
      "b_vector": [
        0.21753630601570162,
        0.17921144213151138,
        0.15369069437397065,
        0.3076410206061498,
        0.04273625060573776,
        0.34956544290948466,
        0.4022201379007394,
        0.37676179782936536,
        0.34102925365828773,
        0.34260162826474433,
        0.09342681169125698,
        0.04241355543275762,
        0.07515890258364748,
        0.2431152569137383,
        0.006607338918393889,
        0.25601300312987313
      ]
    }
  ],
  "shots": 3000,
  "backend": "sv1",
  "device_arn": "SV1",
  "aws_region": "eu-west-2",
  "ideal_preprocessing_list": [
    [
      [
        -2.7842035146466317,
        -2.208703503469847,
        -1.510438290274854,
        -1.225835580249338,
        -1.0811536104699104,
        -0.662316965752225,
        -0.3126729995281848,
        -0.14890159319875265,
        -0.07621963163615503,
        0.49426993284099485,
        0.8399490754306167,
        1.154361167095668,
        1.5445405063199544,
        1.9721759372470107,
        2.664769488386016,
        15.939930577124061
      ],
      [
        0.3517144103680572,
        0.06070709543916125,
        0.18201542739237955,
        0.04424991497178289,
        0.09198281659730709,
        0.01781779683108836,
        0.12330512692661319,
        0.06253445074286182,
        0.030900386811353237,
        0.0034935681631352855,
        0.16308634252629794,
        0.11379640037543935,
        0.16665850793861028,
        0.07948507092567868,
        0.11672174165583467,
        0.849352819801991
      ]
    ]
  ],
  "probability_threshold": 0,
  "k_qubits": 7,
  "preprocessing_mode": "ideal",
  "projection_mode": "all_components",
  "projection_subset": null,
  "num_solution_qubits": 4,
  "num_projections": 16,
  "projector_basis_states": [
    0,
    1,
    2,
    3,
    4,
    5,
    6,
    7,
    8,
    9,
    10,
    11,
    12,
    13,
    14,
    15
  ],
  "enhanced_projection_results": [
    {
      "problem_index": 0,
      "projection_tasks": [
        {
          "basis_state": 0,
          "task_id": "arn:aws:braket:eu-west-2:380012739362:quantum-task/2734cabd-2c12-49ea-a2c4-8147aa29a46a",
          "shots": 3000,
          "projector_index": 0
        },
        {
          "basis_state": 1,
          "task_id": "arn:aws:braket:eu-west-2:380012739362:quantum-task/d35d2abc-e60f-470e-aac7-97d1d310361e",
          "shots": 3000,
          "projector_index": 1
        },
        {
          "basis_state": 2,
          "task_id": "arn:aws:braket:eu-west-2:380012739362:quantum-task/15d6f39c-f24c-43f8-91da-2df19f97f02e",
          "shots": 3000,
          "projector_index": 2
        },
        {
          "basis_state": 3,
          "task_id": "arn:aws:braket:eu-west-2:380012739362:quantum-task/1bf56dc1-fcec-46db-a9b4-55a8797548ed",
          "shots": 3000,
          "projector_index": 3
        },
        {
          "basis_state": 4,
          "task_id": "arn:aws:braket:eu-west-2:380012739362:quantum-task/9c3f177a-ce4e-44bb-b744-b4f99e5cb630",
          "shots": 3000,
          "projector_index": 4
        },
        {
          "basis_state": 5,
          "task_id": "arn:aws:braket:eu-west-2:380012739362:quantum-task/2b49747c-4dfe-47fc-81e9-6c54bfbf075b",
          "shots": 3000,
          "projector_index": 5
        },
        {
          "basis_state": 6,
          "task_id": "arn:aws:braket:eu-west-2:380012739362:quantum-task/3d6ed558-7a3d-445d-82ff-04951de76c43",
          "shots": 3000,
          "projector_index": 6
        },
        {
          "basis_state": 7,
          "task_id": "arn:aws:braket:eu-west-2:380012739362:quantum-task/7023336b-7a5d-4a25-a865-86db52f78182",
          "shots": 3000,
          "projector_index": 7
        },
        {
          "basis_state": 8,
          "task_id": "arn:aws:braket:eu-west-2:380012739362:quantum-task/934d3be3-1e41-4929-897b-339a87faf43a",
          "shots": 3000,
          "projector_index": 8
        },
        {
          "basis_state": 9,
          "task_id": "arn:aws:braket:eu-west-2:380012739362:quantum-task/fbee7479-0446-48f5-a359-30008a760911",
          "shots": 3000,
          "projector_index": 9
        },
        {
          "basis_state": 10,
          "task_id": "arn:aws:braket:eu-west-2:380012739362:quantum-task/b878d6c7-8fd3-4932-82d8-19ff00d3d818",
          "shots": 3000,
          "projector_index": 10
        },
        {
          "basis_state": 11,
          "task_id": "arn:aws:braket:eu-west-2:380012739362:quantum-task/d9684f92-9417-4535-99db-dfcbb973c6cd",
          "shots": 3000,
          "projector_index": 11
        },
        {
          "basis_state": 12,
          "task_id": "arn:aws:braket:eu-west-2:380012739362:quantum-task/7c090d9c-1773-45f5-8324-66e61b515c2b",
          "shots": 3000,
          "projector_index": 12
        },
        {
          "basis_state": 13,
          "task_id": "arn:aws:braket:eu-west-2:380012739362:quantum-task/83695077-4a41-4d36-ab3f-4a236932aba3",
          "shots": 3000,
          "projector_index": 13
        },
        {
          "basis_state": 14,
          "task_id": "arn:aws:braket:eu-west-2:380012739362:quantum-task/1c5dc45d-e5a9-480f-ba64-bd48b754b159",
          "shots": 3000,
          "projector_index": 14
        },
        {
          "basis_state": 15,
          "task_id": "arn:aws:braket:eu-west-2:380012739362:quantum-task/5bc4d7a8-2aac-431c-8c77-6eefed104772",
          "shots": 3000,
          "projector_index": 15
        }
      ],
      "depth": 13355,
      "num_projections": 16,
      "ideal_solution": [
        {
          "real": 0.3330450939655104,
          "imag": 0.0
        },
        {
          "real": -0.04651758819008492,
          "imag": 0.0
        },
        {
          "real": 0.2683792249525594,
          "imag": 0.0
        },
        {
          "real": 0.3128229482476362,
          "imag": 0.0
        },
        {
          "real": 0.07949688846524249,
          "imag": 0.0
        },
        {
          "real": -0.24776976335366105,
          "imag": 0.0
        },
        {
          "real": -0.491658406660534,
          "imag": 0.0
        },
        {
          "real": 0.26626859215699833,
          "imag": 0.0
        },
        {
          "real": 0.22913954796392477,
          "imag": 0.0
        },
        {
          "real": -0.37421779047323983,
          "imag": 0.0
        },
        {
          "real": 0.118361090734535,
          "imag": 0.0
        },
        {
          "real": 0.25280814969348286,
          "imag": 0.0
        },
        {
          "real": 0.05692509390587199,
          "imag": 0.0
        },
        {
          "real": -0.1538467008782763,
          "imag": 0.0
        },
        {
          "real": -0.1748231225460747,
          "imag": 0.0
        },
        {
          "real": -0.09358054155428903,
          "imag": 0.0
        }
      ]
    }
  ]
}