{
  "problem_list": [
    {
      "A_matrix": [
        [
          0.10866591741603693,
          0.9915257506547672,
          1.2773932925495148,
          0.7295562330072898,
          1.1850747958876149,
          0.9476371132325473,
          0.17881197000786297,
          0.8470994328093557,
          1.6255027042353891,
          1.5417035219956556,
          0.43679041228009585,
          0.6958606002526582,
          1.2596474044158765,
          0.6831432959426476,
          0.955805609742175,
          1.8261576024371862
        ],
        [
          0.9915257506547672,
          0.737805655208223,
          1.2625440489241924,
          1.2946827375894565,
          1.591307361963878,
          0.7116411545055488,
          0.5439940115601343,
          0.1739615042941487,
          0.7624410161313494,
          0.7704820099202117,
          1.3340499101924919,
          1.1014759504439977,
          1.4935550483076896,
          1.0215013487012612,
          1.0086785100331532,
          1.8435033487752228
        ],
        [
          1.2773932925495148,
          1.2625440489241924,
          1.3728423522624071,
          1.3982802489280022,
          0.563318809870665,
          0.7798688877032551,
          0.38958386055249805,
          0.8655324287240259,
          1.2251250851474818,
          1.0727807577300368,
          1.2668318619048053,
          0.9764880726877643,
          1.0763022469188175,
          1.0709044743251104,
          0.7116229972965633,
          0.5892395450125067
        ],
        [
          0.7295562330072898,
          1.2946827375894565,
          1.3982802489280022,
          0.85850474012626,
          0.1743603576624796,
          0.7560275385108355,
          0.6090281201758927,
          1.0187752372728376,
          1.4589683223160814,
          0.4499967516704223,
          1.3426554473343773,
          1.6008791404730296,
          0.9386410884853245,
          1.0187375711114681,
          0.9762218164307688,
          1.235140937591758
        ],
        [
          1.1850747958876149,
          1.591307361963878,
          0.563318809870665,
          0.1743603576624796,
          0.7008295883232027,
          1.1943999554190374,
          1.2522511299419197,
          1.3280965391929866,
          0.8844645668988939,
          0.25637470875091695,
          0.7038128480627234,
          1.4088025616619944,
          1.6592070469626292,
          0.9525951670454644,
          1.0314741373217968,
          1.5542590228532411
        ],
        [
          0.9476371132325473,
          0.7116411545055488,
          0.7798688877032551,
          0.7560275385108355,
          1.1943999554190374,
          0.7784760325405047,
          0.9568747643902762,
          0.6793983787235169,
          0.7959383247944006,
          1.223563688346124,
          0.7068160079931886,
          1.3515981093978608,
          1.9027044547012717,
          1.2050508760918142,
          1.5053724407483537,
          0.6150898502827876
        ],
        [
          0.17881197000786297,
          0.5439940115601343,
          0.38958386055249805,
          0.6090281201758927,
          1.2522511299419197,
          0.9568747643902762,
          1.2413366788803495,
          0.5439986746389809,
          0.8947994423280308,
          0.8729463386236864,
          1.0573890162258053,
          0.7226582071045122,
          0.6503353244023676,
          1.754318008295994,
          0.6994858237384782,
          1.5076691497159618
        ],
        [
          0.8470994328093557,
          0.1739615042941487,
          0.8655324287240259,
          1.0187752372728376,
          1.3280965391929866,
          0.6793983787235169,
          0.5439986746389809,
          0.5405191932844808,
          0.7505659849672339,
          0.911406469583155,
          0.6187599373191535,
          0.09809648821741324,
          1.1853393537584331,
          1.1382070727847846,
          0.6551350291290199,
          0.5951157705123983
        ],
        [
          1.6255027042353891,
          0.7624410161313494,
          1.2251250851474818,
          1.4589683223160814,
          0.8844645668988939,
          0.7959383247944006,
          0.8947994423280308,
          0.7505659849672339,
          0.5960307885872866,
          0.7386741219696112,
          1.0016426660901159,
          0.7477813469769556,
          1.0042534468461373,
          0.8590020808969379,
          0.8874471233172933,
          1.1127556671971606
        ],
        [
          1.5417035219956556,
          0.7704820099202117,
          1.0727807577300368,
          0.4499967516704223,
          0.25637470875091695,
          1.223563688346124,
          0.8729463386236864,
          0.911406469583155,
          0.7386741219696112,
          1.6828670683521594,
          0.8536486028520934,
          1.3828268770338226,
          1.3879026656720779,
          0.7704869517576532,
          0.6258861576313072,
          0.6115215040391436
        ],
        [
          0.43679041228009585,
          1.3340499101924919,
          1.2668318619048053,
          1.3426554473343773,
          0.7038128480627234,
          0.7068160079931886,
          1.0573890162258053,
          0.6187599373191535,
          1.0016426660901159,
          0.8536486028520934,
          0.5120456482675633,
          1.5835556371576556,
          1.2850589206352265,
          0.9482356740016142,
          0.7103539922327241,
          1.014358092621006
        ],
        [
          0.6958606002526582,
          1.1014759504439977,
          0.9764880726877643,
          1.6008791404730296,
          1.4088025616619944,
          1.3515981093978608,
          0.7226582071045122,
          0.09809648821741324,
          0.7477813469769556,
          1.3828268770338226,
          1.5835556371576556,
          1.4481553869877584,
          0.55884815921895,
          0.6478203886791856,
          1.1432284856795758,
          0.41512809755126845
        ],
        [
          1.2596474044158765,
          1.4935550483076896,
          1.0763022469188175,
          0.9386410884853245,
          1.6592070469626292,
          1.9027044547012717,
          0.6503353244023676,
          1.1853393537584331,
          1.0042534468461373,
          1.3879026656720779,
          1.2850589206352265,
          0.55884815921895,
          0.8513956718582552,
          1.687761970636371,
          0.6810307268813635,
          0.971224990519475
        ],
        [
          0.6831432959426476,
          1.0215013487012612,
          1.0709044743251104,
          1.0187375711114681,
          0.9525951670454644,
          1.2050508760918142,
          1.754318008295994,
          1.1382070727847846,
          0.8590020808969379,
          0.7704869517576532,
          0.9482356740016142,
          0.6478203886791856,
          1.687761970636371,
          0.48734062022857905,
          1.0020682381685657,
          1.820037187430918
        ],
        [
          0.955805609742175,
          1.0086785100331532,
          0.7116229972965633,
          0.9762218164307688,
          1.0314741373217968,
          1.5053724407483537,
          0.6994858237384782,
          0.6551350291290199,
          0.8874471233172933,
          0.6258861576313072,
          0.7103539922327241,
          1.1432284856795758,
          0.6810307268813635,
          1.0020682381685657,
          1.4225330491520685,
          1.0827696749583229
        ],
        [
          1.8261576024371862,
          1.8435033487752228,
          0.5892395450125067,
          1.235140937591758,
          1.5542590228532411,
          0.6150898502827876,
          1.5076691497159618,
          0.5951157705123983,
          1.1127556671971606,
          0.6115215040391436,
          1.014358092621006,
          0.41512809755126845,
          0.971224990519475,
          1.820037187430918,
          1.0827696749583229,
          1.6018290431881557
        ]
      ],
      "b_vector": [
        0.023930311953767585,
        0.0008224459013801081,
        0.2024783583487358,
        0.34758501664869856,
        0.2492834518013728,
        0.37845585042210256,
        0.11897219210483084,
        0.0996056109155901,
        0.3082885148972949,
        0.24175269053936305,
        0.32065707111547676,
        0.044279845030418104,
        0.1516732577258439,
        0.10586916399057433,
        0.4286229740173832,
        0.36327477133958064
      ]
    }
  ],
  "shots": 3000,
  "backend": "sv1",
  "device_arn": "SV1",
  "aws_region": "eu-west-2",
  "ideal_preprocessing_list": [
    [
      [
        -2.5787898601896546,
        -2.2122221753188755,
        -1.8463116810907747,
        -1.376965361286887,
        -1.1333909931684234,
        -0.6977705731947439,
        -0.22692759386565506,
        -0.1797069803697493,
        0.1712878593705514,
        0.7862680476412152,
        0.9013247093780873,
        1.1974070299945079,
        1.70899535479133,
        1.9159074089242605,
        2.5520999109889324,
        15.959972332059166
      ],
      [
        0.1724648852582104,
        0.29272740814155496,
        0.016665797203174473,
        0.20035479762087655,
        0.09356374080651822,
        0.13166193690208355,
        0.06803451394478234,
        0.05501392996588711,
        0.06453550655353418,
        0.22737497426121167,
        0.16670115570824956,
        0.05043531891657384,
        0.06142815841795924,
        0.0404098624281411,
        0.014241582713010442,
        0.8477004552361785
      ]
    ]
  ],
  "probability_threshold": 0,
  "k_qubits": 7,
  "preprocessing_mode": "ideal",
  "projection_mode": "all_components",
  "projection_subset": null,
  "num_solution_qubits": 4,
  "num_projections": 16,
  "projector_basis_states": [
    0,
    1,
    2,
    3,
    4,
    5,
    6,
    7,
    8,
    9,
    10,
    11,
    12,
    13,
    14,
    15
  ],
  "enhanced_projection_results": [
    {
      "problem_index": 0,
      "projection_tasks": [
        {
          "basis_state": 0,
          "task_id": "arn:aws:braket:eu-west-2:380012739362:quantum-task/fe0d429e-82ad-4285-ab33-36aeaad0f015",
          "status": "DONE",
          "shots": 3000,
          "created_at": "2025-12-21 12:59:16.882000+00:00",
          "ended_at": "2025-12-21 12:59:23.564000+00:00",
          "execution_time_seconds": 6.682,
          "counts": {
            "111100000000": 388,
            "100000000000": 339,
            "100100000000": 161,
            "010100000000": 371,
            "101000000000": 300,
            "001000000000": 122,
            "010000000000": 247,
            "110000000000": 54,
            "111000000000": 529,
            "001100000000": 317,
            "011000000000": 55,
            "011100000000": 57,
            "010000000001": 1,
            "110100000000": 21,
            "101100000000": 9,
            "001000000001": 4,
            "010110000001": 1,
            "001000100001": 1,
            "111000000001": 5,
            "010101000001": 1,
            "110100000001": 2,
            "000000000001": 1,
            "000000000000": 8,
            "101000000001": 2,
            "100000000001": 2,
            "001011000001": 1,
            "011000000001": 1
          },
          "component_probability": 0.045454545454545456,
          "success_rate": 0.007333333333333333
        },
        {
          "basis_state": 1,
          "task_id": "arn:aws:braket:eu-west-2:380012739362:quantum-task/6bd9c7ca-f568-447b-a057-0cb86e4440aa",
          "status": "DONE",
          "shots": 3000,
          "created_at": "2025-12-21 12:59:22.194000+00:00",
          "ended_at": "2025-12-21 12:59:31.110000+00:00",
          "execution_time_seconds": 8.916,
          "counts": {
            "100100000000": 170,
            "111000000000": 511,
            "100000000000": 294,
            "101000000000": 318,
            "001000000000": 130,
            "010100000000": 376,
            "010000000000": 239,
            "001100000000": 343,
            "111100000000": 370,
            "001000000001": 10,
            "110100000001": 6,
            "110000000000": 59,
            "000000000000": 5,
            "110100000000": 20,
            "011000000000": 60,
            "111000000001": 14,
            "101000000001": 6,
            "001100000001": 1,
            "011100000000": 43,
            "001010000000": 1,
            "101100000000": 14,
            "000000000001": 1,
            "100000000001": 2,
            "011100100001": 1,
            "111100000001": 1,
            "101100000001": 1,
            "101100100001": 1,
            "010000000001": 2,
            "110000000001": 1
          },
          "component_probability": 0.0,
          "success_rate": 0.015666666666666666
        },
        {
          "basis_state": 2,
          "task_id": "arn:aws:braket:eu-west-2:380012739362:quantum-task/7dae12b5-891e-4d08-a0e3-b8ef98c1686a",
          "status": "DONE",
          "shots": 3000,
          "created_at": "2025-12-21 12:59:27.248000+00:00",
          "ended_at": "2025-12-21 12:59:49.051000+00:00",
          "execution_time_seconds": 21.803,
          "counts": {
            "100100000000": 187,
            "010000000000": 245,
            "101000000000": 290,
            "010110000001": 1,
            "111100000000": 362,
            "110000000000": 53,
            "010100000000": 360,
            "001100000000": 331,
            "111000000000": 541,
            "011000000000": 60,
            "100000000000": 307,
            "001000000000": 133,
            "110100000000": 18,
            "011100000000": 46,
            "000011101011": 1,
            "000100000001": 1,
            "001000000001": 12,
            "101100000000": 17,
            "010000000001": 1,
            "111000000001": 11,
            "100000000001": 1,
            "100001000001": 1,
            "110010000001": 1,
            "100010110101": 1,
            "000000000000": 2,
            "101000000001": 1,
            "110100000001": 4,
            "111011100001": 1,
            "100010000000": 2,
            "011100000001": 2,
            "001011000001": 1,
            "010101100001": 1,
            "010111000001": 1,
            "101100000001": 2,
            "110001100001": 1,
            "001100000001": 1
          },
          "component_probability": 0.2826086956521739,
          "success_rate": 0.015333333333333332
        },
        {
          "basis_state": 3,
          "task_id": "arn:aws:braket:eu-west-2:380012739362:quantum-task/1e90573c-d548-4ab0-bdb9-b4894c333e20",
          "status": "DONE",
          "shots": 3000,
          "created_at": "2025-12-21 12:59:32.131000+00:00",
          "ended_at": "2025-12-21 12:59:41.769000+00:00",
          "execution_time_seconds": 9.638,
          "counts": {
            "111000000000": 510,
            "100100000000": 182,
            "101000000000": 317,
            "011000000000": 49,
            "010000000000": 236,
            "010100000000": 385,
            "011100000000": 51,
            "100000000000": 317,
            "001100000000": 349,
            "111100000000": 350,
            "001000000000": 144,
            "110000000000": 46,
            "011100110100": 1,
            "110100000000": 19,
            "110100000001": 7,
            "001000000001": 8,
            "101100000000": 13,
            "101000000001": 2,
            "110000000001": 3,
            "100000000001": 1,
            "010000000001": 1,
            "111000000001": 2,
            "100001000001": 1,
            "100010000001": 1,
            "101000101001": 1,
            "100000010001": 1,
            "000010100111": 1,
            "000000000001": 2
          },
          "component_probability": 0.0,
          "success_rate": 0.010333333333333333
        },
        {
          "basis_state": 4,
          "task_id": "arn:aws:braket:eu-west-2:380012739362:quantum-task/45db42fa-e7aa-4176-84c9-a072579b4311",
          "status": "DONE",
          "shots": 3000,
          "created_at": "2025-12-21 12:59:37.025000+00:00",
          "ended_at": "2025-12-21 12:59:44.512000+00:00",
          "execution_time_seconds": 7.487,
          "counts": {
            "010100000000": 400,
            "100100000000": 186,
            "001000000000": 120,
            "111000000000": 499,
            "001100000000": 346,
            "100000000000": 314,
            "101000000000": 312,
            "111100000000": 369,
            "010000000000": 229,
            "011100000000": 51,
            "110100000000": 29,
            "110000000000": 52,
            "100000000001": 3,
            "001000000001": 8,
            "011000000000": 45,
            "000000000000": 4,
            "110100000001": 3,
            "010000000001": 4,
            "101100000000": 8,
            "000000000001": 1,
            "101100000001": 2,
            "111000000001": 3,
            "011101110001": 1,
            "101000000001": 3,
            "110111110001": 1,
            "001100000001": 1,
            "010110000001": 2,
            "110011000001": 1,
            "000100110111": 1,
            "000100000001": 1,
            "101111100000": 1
          },
          "component_probability": 0.11428571428571428,
          "success_rate": 0.011666666666666667
        },
        {
          "basis_state": 5,
          "task_id": "arn:aws:braket:eu-west-2:380012739362:quantum-task/bacdba3a-63ed-4244-bcd9-3bdaeb2c7aa4",
          "status": "DONE",
          "shots": 3000,
          "created_at": "2025-12-21 12:59:41.518000+00:00",
          "ended_at": "2025-12-21 12:59:48.344000+00:00",
          "execution_time_seconds": 6.826,
          "counts": {
            "100000000000": 302,
            "111100000000": 382,
            "001100000000": 320,
            "010000000000": 270,
            "011000000000": 55,
            "100100000000": 174,
            "111000000000": 487,
            "101000000000": 280,
            "000000000000": 1,
            "011100000000": 54,
            "010100000000": 414,
            "101100000000": 17,
            "001000000000": 126,
            "110100000000": 26,
            "110011101001": 1,
            "110000000000": 51,
            "100010000000": 2,
            "000100110101": 1,
            "110000000001": 1,
            "001000000001": 9,
            "010000000001": 3,
            "111000000001": 4,
            "100001100000": 1,
            "100000000001": 1,
            "110100000001": 2,
            "111100000001": 1,
            "101000000001": 5,
            "000100100001": 1,
            "101101110100": 1,
            "011010000001": 1,
            "001100000001": 1,
            "011111000001": 1,
            "011110000001": 1,
            "011111100000": 1,
            "100100100000": 1,
            "111100110101": 1,
            "011000000001": 1
          },
          "component_probability": 0.0,
          "success_rate": 0.011666666666666667
        },
        {
          "basis_state": 6,
          "task_id": "arn:aws:braket:eu-west-2:380012739362:quantum-task/b4fac252-82f7-488b-9078-64bade698058",
          "status": "DONE",
          "shots": 3000,
          "created_at": "2025-12-21 12:59:46.702000+00:00",
          "ended_at": "2025-12-21 12:59:56.105000+00:00",
          "execution_time_seconds": 9.403,
          "counts": {
            "101000000000": 291,
            "010100000000": 388,
            "111100000000": 366,
            "011100000000": 40,
            "001100000000": 344,
            "100000000000": 324,
            "111000000000": 520,
            "010000000000": 235,
            "110100000000": 26,
            "100100000000": 172,
            "011000000000": 49,
            "001000000000": 129,
            "110000000000": 57,
            "001100000001": 1,
            "111000000001": 9,
            "001000000001": 10,
            "010010000001": 1,
            "101100000000": 17,
            "010000000001": 3,
            "110100000001": 3,
            "110000000001": 3,
            "000000000000": 4,
            "101000000001": 1,
            "110100100001": 1,
            "111110100100": 1,
            "000100100111": 1,
            "100010100111": 1,
            "100111000001": 1,
            "110011000001": 1,
            "101100000001": 1
          },
          "component_probability": 0.0,
          "success_rate": 0.012333333333333333
        },
        {
          "basis_state": 7,
          "task_id": "arn:aws:braket:eu-west-2:380012739362:quantum-task/386278d9-29ed-4a14-bfb4-c15c9be73899",
          "status": "DONE",
          "shots": 3000,
          "created_at": "2025-12-21 12:59:51.618000+00:00",
          "ended_at": "2025-12-21 12:59:58.915000+00:00",
          "execution_time_seconds": 7.297,
          "counts": {
            "100000000000": 314,
            "001000000000": 119,
            "101000000000": 306,
            "100100000000": 171,
            "010100000000": 356,
            "111000000000": 534,
            "001100000000": 346,
            "111100000000": 402,
            "110000000000": 57,
            "010000000000": 219,
            "110100000000": 23,
            "110000000001": 4,
            "011000000000": 40,
            "011100000000": 40,
            "101100000000": 26,
            "011100000001": 1,
            "000000000000": 5,
            "001000000001": 10,
            "010110000001": 1,
            "010000000001": 5,
            "111000000001": 10,
            "110100000001": 4,
            "101110000001": 1,
            "001010110111": 1,
            "110010000001": 1,
            "101000000001": 2,
            "110011000001": 1,
            "110110111001": 1
          },
          "component_probability": 0.023809523809523808,
          "success_rate": 0.014
        },
        {
          "basis_state": 8,
          "task_id": "arn:aws:braket:eu-west-2:380012739362:quantum-task/5d1f405c-060e-4805-903f-7ec12c97a961",
          "status": "DONE",
          "shots": 3000,
          "created_at": "2025-12-21 12:59:56.621000+00:00",
          "ended_at": "2025-12-21 13:00:05.922000+00:00",
          "execution_time_seconds": 9.301,
          "counts": {
            "010000000000": 239,
            "111100000000": 373,
            "111000000000": 520,
            "001100000000": 338,
            "011000000000": 45,
            "010100000000": 409,
            "100000000000": 292,
            "101000000000": 287,
            "001000000000": 139,
            "011100000000": 49,
            "100100000000": 179,
            "010111000001": 1,
            "100001110001": 1,
            "110000000000": 58,
            "001000000001": 9,
            "010110110000": 1,
            "110100000000": 22,
            "110100000001": 5,
            "110010000001": 1,
            "101000000001": 4,
            "101100000000": 7,
            "010000000001": 1,
            "001100100100": 1,
            "010111101001": 1,
            "111000000001": 7,
            "001100000001": 1,
            "100001110000": 1,
            "000100000001": 1,
            "100000000001": 2,
            "110110111011": 1,
            "011100000001": 1,
            "100100100000": 1,
            "000000000000": 1,
            "100010000000": 1,
            "011110000001": 1
          },
          "component_probability": 0.08108108108108109,
          "success_rate": 0.012333333333333333
        },
        {
          "basis_state": 9,
          "task_id": "arn:aws:braket:eu-west-2:380012739362:quantum-task/796f0cbf-ec8c-4519-bf1c-3bc19ea8b143",
          "status": "DONE",
          "shots": 3000,
          "created_at": "2025-12-21 13:00:01.559000+00:00",
          "ended_at": "2025-12-21 13:00:10.386000+00:00",
          "execution_time_seconds": 8.827,
          "counts": {
            "010100000000": 364,
            "001000000000": 129,
            "111100000000": 386,
            "100000000000": 337,
            "010000000000": 249,
            "111000000000": 527,
            "100100000000": 174,
            "110000000000": 60,
            "001100000000": 337,
            "011100000000": 45,
            "001000000001": 9,
            "101000000000": 275,
            "110100000000": 20,
            "101100000000": 16,
            "011000000000": 38,
            "000000000000": 2,
            "111000000001": 11,
            "110100000001": 6,
            "100010010001": 1,
            "110010110101": 1,
            "000111110001": 1,
            "101000100001": 1,
            "110000000001": 1,
            "001010000001": 1,
            "010010000001": 1,
            "100000000001": 3,
            "101000000001": 1,
            "011111100000": 1,
            "111111100001": 1,
            "001110110111": 1,
            "010000000001": 1
          },
          "component_probability": 0.0,
          "success_rate": 0.013333333333333334
        },
        {
          "basis_state": 10,
          "task_id": "arn:aws:braket:eu-west-2:380012739362:quantum-task/61f44356-d626-47d9-a11b-e3e9cc5d46c5",
          "status": "DONE",
          "shots": 3000,
          "created_at": "2025-12-21 13:00:06.225000+00:00",
          "ended_at": "2025-12-21 13:00:12.677000+00:00",
          "execution_time_seconds": 6.452,
          "counts": {
            "010100000000": 392,
            "111100000000": 398,
            "111000000000": 530,
            "011000000000": 53,
            "001100000000": 351,
            "100000000000": 303,
            "101100000000": 13,
            "101000000000": 295,
            "100100000000": 166,
            "010000000001": 2,
            "001000000000": 119,
            "110000000000": 35,
            "010000000000": 232,
            "011100000000": 55,
            "100010000000": 1,
            "001000000001": 6,
            "000000000000": 7,
            "110100000000": 18,
            "111000000001": 5,
            "101000000001": 6,
            "110010000001": 1,
            "101100000001": 1,
            "110000000001": 1,
            "001100000001": 1,
            "110100010001": 1,
            "001001011001": 1,
            "000100000000": 1,
            "110100000001": 2,
            "001000100001": 1,
            "101010011101": 1,
            "000100000001": 1,
            "011100000001": 1
          },
          "component_probability": 0.22580645161290322,
          "success_rate": 0.010333333333333333
        },
        {
          "basis_state": 11,
          "task_id": "arn:aws:braket:eu-west-2:380012739362:quantum-task/9914095e-d9a5-47ae-9b0f-1bee2baf0237",
          "status": "DONE",
          "shots": 3000,
          "created_at": "2025-12-21 13:00:13.061000+00:00",
          "ended_at": "2025-12-21 13:00:22.391000+00:00",
          "execution_time_seconds": 9.33,
          "counts": {
            "111000000000": 491,
            "011100000000": 40,
            "111100000000": 382,
            "101000000000": 293,
            "001100000000": 349,
            "010100000000": 387,
            "100000000000": 313,
            "010000000000": 258,
            "001000000000": 143,
            "100100000000": 175,
            "101100000000": 16,
            "110100000000": 19,
            "011000000000": 59,
            "110000000000": 47,
            "000000000000": 4,
            "101000000001": 3,
            "111000000001": 5,
            "011100000001": 2,
            "001000000001": 8,
            "001000110001": 1,
            "000100000000": 1,
            "010000000001": 1,
            "110100000001": 1,
            "110101110100": 1,
            "101100000001": 1
          },
          "component_probability": 0.045454545454545456,
          "success_rate": 0.007333333333333333
        },
        {
          "basis_state": 12,
          "task_id": "arn:aws:braket:eu-west-2:380012739362:quantum-task/0cf76e36-97c3-4aec-b9f7-164ee4ec40ea",
          "status": "DONE",
          "shots": 3000,
          "created_at": "2025-12-21 13:00:18.146000+00:00",
          "ended_at": "2025-12-21 13:00:27.190000+00:00",
          "execution_time_seconds": 9.044,
          "counts": {
            "111100000000": 380,
            "001100000000": 335,
            "111000000000": 514,
            "010100000000": 382,
            "100000000000": 326,
            "101000000000": 327,
            "010000000000": 227,
            "100100000000": 167,
            "110000000000": 51,
            "011000000000": 48,
            "110100000000": 24,
            "001000000000": 119,
            "011100000000": 52,
            "000000000000": 5,
            "101000000001": 2,
            "001000000001": 5,
            "101100000000": 12,
            "111000000001": 5,
            "011000000001": 1,
            "010000000001": 1,
            "101100110011": 1,
            "100100100000": 1,
            "010010000001": 1,
            "000100000000": 1,
            "100000000001": 3,
            "011110000001": 1,
            "011101000001": 1,
            "010100110111": 1,
            "110100000001": 3,
            "010110000001": 1,
            "100010010001": 1,
            "011100000001": 1,
            "111011100001": 1
          },
          "component_probability": 0.0,
          "success_rate": 0.009666666666666667
        },
        {
          "basis_state": 13,
          "task_id": "arn:aws:braket:eu-west-2:380012739362:quantum-task/191ee6fd-1e9d-4ea1-bf7f-9d3d8a0f8360",
          "status": "DONE",
          "shots": 3000,
          "created_at": "2025-12-21 13:00:23.003000+00:00",
          "ended_at": "2025-12-21 13:00:30.073000+00:00",
          "execution_time_seconds": 7.07,
          "counts": {
            "111100000000": 387,
            "101000000000": 309,
            "010000000000": 230,
            "100000000000": 305,
            "001000000000": 109,
            "010100000000": 388,
            "001000000001": 7,
            "111000000000": 541,
            "001100000000": 340,
            "101100000000": 15,
            "100100000000": 159,
            "110000000000": 54,
            "011000000000": 51,
            "011100000000": 53,
            "011000000001": 1,
            "110100000000": 24,
            "110010000001": 1,
            "010000000001": 3,
            "010101010000": 1,
            "011100000001": 1,
            "011110000001": 1,
            "111000000001": 8,
            "111110111000": 1,
            "100000000001": 1,
            "000000000000": 2,
            "010110100001": 1,
            "001100000001": 1,
            "111000100101": 1,
            "100010110001": 1,
            "110000000001": 1,
            "011000010000": 1,
            "001001000001": 1,
            "111110110001": 1
          },
          "component_probability": 0.0,
          "success_rate": 0.01
        },
        {
          "basis_state": 14,
          "task_id": "arn:aws:braket:eu-west-2:380012739362:quantum-task/178bafcb-3c5b-4966-b27f-ab219ca2473f",
          "status": "DONE",
          "shots": 3000,
          "created_at": "2025-12-21 13:00:27.589000+00:00",
          "ended_at": "2025-12-21 13:00:34.577000+00:00",
          "execution_time_seconds": 6.988,
          "counts": {
            "001000000000": 143,
            "100000000000": 301,
            "001100000000": 353,
            "010100000000": 392,
            "111000000000": 520,
            "101000000000": 297,
            "011000000000": 45,
            "100100000000": 183,
            "010000000000": 226,
            "110000000000": 44,
            "111100000000": 381,
            "101100000001": 1,
            "011100000000": 42,
            "111000000001": 6,
            "001000000001": 4,
            "101100000000": 16,
            "110100000000": 23,
            "110000000001": 2,
            "101000000001": 4,
            "010000000001": 3,
            "001100000001": 1,
            "110100000001": 2,
            "000000000000": 4,
            "111001111101": 1,
            "000100000000": 1,
            "001110000001": 1,
            "011100000001": 1,
            "100100111000": 1,
            "000100000001": 1,
            "100001100001": 1
          },
          "component_probability": 0.25,
          "success_rate": 0.009333333333333334
        },
        {
          "basis_state": 15,
          "task_id": "arn:aws:braket:eu-west-2:380012739362:quantum-task/9bb91306-af4b-4a8a-97e6-ef8e8422d958",
          "status": "DONE",
          "shots": 3000,
          "created_at": "2025-12-21 13:00:32.597000+00:00",
          "ended_at": "2025-12-21 13:00:40.203000+00:00",
          "execution_time_seconds": 7.606,
          "counts": {
            "111000000000": 488,
            "101000000000": 315,
            "111100000000": 373,
            "001100000000": 336,
            "100100000000": 186,
            "010100000000": 390,
            "100000000000": 321,
            "010000000000": 228,
            "011100000000": 42,
            "011000000000": 38,
            "110000000000": 65,
            "001000000000": 126,
            "101100000000": 15,
            "110100000000": 26,
            "100100100001": 1,
            "011110000001": 2,
            "000000000000": 6,
            "110100000001": 5,
            "111000000001": 9,
            "101000000001": 3,
            "000100000000": 1,
            "010011011101": 1,
            "001000000001": 6,
            "010000000001": 5,
            "100000000001": 1,
            "001100000001": 4,
            "111000100111": 1,
            "000000000001": 2,
            "001010000001": 1,
            "110001000001": 1,
            "000110111100": 1,
            "101101010100": 1
          },
          "component_probability": 0.0,
          "success_rate": 0.014
        }
      ],
      "depth": 13344,
      "num_projections": 16,
      "ideal_solution": [
        {
          "real": 0.047230660008707334,
          "imag": 0.0
        },
        {
          "real": 0.084874425921077,
          "imag": 0.0
        },
        {
          "real": 0.46534994083555953,
          "imag": 0.0
        },
        {
          "real": -0.09722876684616172,
          "imag": 0.0
        },
        {
          "real": -0.2596816969801134,
          "imag": 0.0
        },
        {
          "real": -0.01166935595920116,
          "imag": 0.0
        },
        {
          "real": 0.15283180169989752,
          "imag": 0.0
        },
        {
          "real": -0.027934750121931647,
          "imag": 0.0
        },
        {
          "real": -0.23859707950970413,
          "imag": 0.0
        },
        {
          "real": -0.0480500460156852,
          "imag": 0.0
        },
        {
          "real": -0.3315689105921582,
          "imag": 0.0
        },
        {
          "real": -0.03363858712969037,
          "imag": 0.0
        },
        {
          "real": -0.2066694123408069,
          "imag": 0.0
        },
        {
          "real": 0.37473693601624597,
          "imag": 0.0
        },
        {
          "real": 0.557996913976235,
          "imag": 0.0
        },
        {
          "real": -0.08969662783113751,
          "imag": 0.0
        }
      ],
      "reconstructed_solution_probabilities": [
        0.04254049765519735,
        0.0,
        0.26449092020405307,
        0.0,
        0.10695896553306761,
        0.0,
        0.0,
        0.022283117819389086,
        0.07588304987143311,
        0.0,
        0.21133021415807712,
        0.04254049765519735,
        0.0,
        0.0,
        0.2339727371035854,
        0.0
      ],
      "fidelity": 0.6941528119990545,
      "metadata": {
        "measured_components": [
          0,
          1,
          2,
          3,
          4,
          5,
          6,
          7,
          8,
          9,
          10,
          11,
          12,
          13,
          14,
          15
        ],
        "success_rates": [
          0.007333333333333333,
          0.015666666666666666,
          0.015333333333333332,
          0.010333333333333333,
          0.011666666666666667,
          0.011666666666666667,
          0.012333333333333333,
          0.014,
          0.012333333333333333,
          0.013333333333333334,
          0.010333333333333333,
          0.007333333333333333,
          0.009666666666666667,
          0.01,
          0.009333333333333334,
          0.014
        ],
        "raw_probabilities": [
          0.045454545454545456,
          0.0,
          0.2826086956521739,
          0.0,
          0.11428571428571428,
          0.0,
          0.0,
          0.023809523809523808,
          0.08108108108108109,
          0.0,
          0.22580645161290322,
          0.045454545454545456,
          0.0,
          0.0,
          0.25,
          0.0
        ],
        "average_success_rate": 0.011541666666666667,
        "total_probability": 1.068500557350487
      },
      "total_problem_time_seconds": 83.321,
      "first_created_at": "2025-12-21 12:59:16.882000+00:00",
      "last_ended_at": "2025-12-21 13:00:40.203000+00:00"
    }
  ]
}