{
  "problem_list": [
    {
      "A_matrix": [
        [
          0.8292523385966195,
          1.3381661353846295,
          1.3394887749972986,
          1.5754554816082682,
          1.7090286665511552,
          0.7205335262355391,
          1.6720530789994186,
          0.8825876959969629
        ],
        [
          1.3381661353846295,
          0.5962253624893912,
          1.1135646744684196,
          0.9687754124857676,
          1.6710369639956444,
          1.3701742303205953,
          0.6529433573880972,
          1.2056027078409497
        ],
        [
          1.3394887749972986,
          1.1135646744684196,
          0.03216213264950918,
          0.890578556943202,
          0.42194312321216343,
          0.8787105769116618,
          0.8643734954863115,
          1.6338203142338352
        ],
        [
          1.5754554816082682,
          0.9687754124857676,
          0.890578556943202,
          0.436363362188968,
          0.2421140431888924,
          1.476142471002524,
          0.7538142909169855,
          0.7944211606160537
        ],
        [
          1.7090286665511552,
          1.6710369639956444,
          0.42194312321216343,
          0.2421140431888924,
          0.6524572237816797,
          1.3568905556379092,
          1.2500448242816962,
          0.8419527917538064
        ],
        [
          0.7205335262355391,
          1.3701742303205953,
          0.8787105769116618,
          1.476142471002524,
          1.3568905556379092,
          1.8150145442400325,
          1.4956003944884055,
          1.3195213872668177
        ],
        [
          1.6720530789994186,
          0.6529433573880972,
          0.8643734954863115,
          0.7538142909169855,
          1.2500448242816962,
          1.4956003944884055,
          0.7701162042732499,
          1.5503646184862598
        ],
        [
          0.8825876959969629,
          1.2056027078409497,
          1.6338203142338352,
          0.7944211606160537,
          0.8419527917538064,
          1.3195213872668177,
          1.5503646184862598,
          1.5954979258935063
        ]
      ],
      "b_vector": [
        0.16117683984561396,
        0.043820687072821704,
        0.1074567697998967,
        0.1994326448184907,
        0.675771867539228,
        0.6351938722720287,
        0.2367170080152354,
        0.06787946871953045
      ]
    }
  ],
  "shots": 3000,
  "backend": "sv1",
  "device_arn": "SV1",
  "aws_region": "eu-west-2",
  "ideal_preprocessing_list": [
    [
      [
        -2.030509802128283,
        -1.4367531537603098,
        -1.13877113159431,
        0.11690733575678242,
        0.4616381099200533,
        0.7874564193953068,
        0.990308235933006,
        8.976813080590706
      ],
      [
        0.19443208550858482,
        0.30092958066275755,
        0.033928773474266975,
        0.13974277264577178,
        0.18867010371120074,
        0.4057457499831102,
        0.25742087180821144,
        0.7645042972570345
      ]
    ]
  ],
  "probability_threshold": 0,
  "k_qubits": 7,
  "preprocessing_mode": "ideal",
  "projection_mode": "all_components",
  "projection_subset": null,
  "num_solution_qubits": 3,
  "num_projections": 8,
  "projector_basis_states": [
    0,
    1,
    2,
    3,
    4,
    5,
    6,
    7
  ],
  "enhanced_projection_results": [
    {
      "problem_index": 0,
      "projection_tasks": [
        {
          "basis_state": 0,
          "task_id": "arn:aws:braket:eu-west-2:380012739362:quantum-task/4b506056-cb26-4bc7-b71c-48bf1d9fc597",
          "status": "DONE",
          "shots": 3000,
          "created_at": "2025-12-21 12:46:32.763000+00:00",
          "ended_at": "2025-12-21 12:46:36.788000+00:00",
          "execution_time_seconds": 4.025,
          "counts": {
            "10000000000": 1411,
            "00000000000": 63,
            "10100000000": 1140,
            "00100000000": 39,
            "11000000000": 66,
            "01100000000": 124,
            "00100000001": 5,
            "11000000001": 30,
            "01000000000": 46,
            "11010000001": 1,
            "01000000001": 18,
            "11111110000": 1,
            "11100000000": 24,
            "01001011010": 1,
            "00011100001": 1,
            "00111000000": 1,
            "10100000001": 11,
            "00111000001": 1,
            "11100000001": 7,
            "11001000000": 1,
            "01100000001": 4,
            "10011000000": 1,
            "11010010000": 1,
            "11011000001": 2,
            "10000000001": 1
          },
          "component_probability": 0.012345679012345678,
          "success_rate": 0.027
        },
        {
          "basis_state": 1,
          "task_id": "arn:aws:braket:eu-west-2:380012739362:quantum-task/f3447b84-cd76-4c16-a305-15e58e9a4aa5",
          "status": "DONE",
          "shots": 3000,
          "created_at": "2025-12-21 12:46:34.885000+00:00",
          "ended_at": "2025-12-21 12:46:38.611000+00:00",
          "execution_time_seconds": 3.726,
          "counts": {
            "11000000000": 70,
            "10000000000": 1371,
            "01000000001": 18,
            "10100000000": 1161,
            "00000000000": 65,
            "01000000000": 68,
            "00100000000": 44,
            "11100000001": 3,
            "01100000000": 117,
            "11000000001": 31,
            "10100000001": 9,
            "00100000001": 10,
            "11100000000": 20,
            "00000100000": 1,
            "00110010001": 1,
            "10000000001": 2,
            "00100100001": 1,
            "00111000000": 2,
            "00111000001": 1,
            "01100000001": 1,
            "00011000000": 1,
            "11011000000": 1,
            "11000010001": 1,
            "00111100001": 1
          },
          "component_probability": 0.17721518987341772,
          "success_rate": 0.026333333333333334
        },
        {
          "basis_state": 2,
          "task_id": "arn:aws:braket:eu-west-2:380012739362:quantum-task/223364ae-ad75-42cd-93cb-7fc0b013d27b",
          "status": "DONE",
          "shots": 3000,
          "created_at": "2025-12-21 12:46:36.928000+00:00",
          "ended_at": "2025-12-21 12:46:40.770000+00:00",
          "execution_time_seconds": 3.842,
          "counts": {
            "10000000000": 1391,
            "01100000000": 125,
            "01000000000": 51,
            "10100000000": 1147,
            "11000000000": 73,
            "00100000000": 47,
            "00000000000": 57,
            "11100000000": 28,
            "11011000000": 2,
            "11000000001": 35,
            "01100000001": 4,
            "00100000001": 8,
            "00111000000": 1,
            "10100000001": 10,
            "00111000001": 1,
            "01000000001": 7,
            "01111100000": 1,
            "11010100001": 1,
            "11000010001": 1,
            "00101000001": 1,
            "00111010001": 1,
            "01010000001": 1,
            "00110100000": 1,
            "10000000001": 1,
            "10010110000": 1,
            "10101100001": 1,
            "10011110001": 1,
            "11111010001": 1,
            "00100010000": 1
          },
          "component_probability": 0.10810810810810811,
          "success_rate": 0.024666666666666667
        },
        {
          "basis_state": 3,
          "task_id": "arn:aws:braket:eu-west-2:380012739362:quantum-task/cdb5ad10-ebb4-4fbf-8075-23be62d577d3",
          "status": "DONE",
          "shots": 3000,
          "created_at": "2025-12-21 12:46:38.865000+00:00",
          "ended_at": "2025-12-21 12:46:41.968000+00:00",
          "execution_time_seconds": 3.103,
          "counts": {
            "11000000001": 40,
            "10000000000": 1351,
            "10100000000": 1168,
            "01100000000": 125,
            "11000000000": 77,
            "00100000001": 6,
            "00100000000": 39,
            "10100000001": 14,
            "00000000000": 64,
            "01000000000": 57,
            "01000000001": 13,
            "11100000000": 21,
            "11100000001": 8,
            "00111000000": 2,
            "11001010001": 1,
            "10000000001": 2,
            "11001000001": 1,
            "01100000001": 3,
            "01010000001": 2,
            "11011000000": 2,
            "11010100001": 1,
            "11011000001": 1,
            "11011100001": 1,
            "00000110001": 1
          },
          "component_probability": 0.031914893617021274,
          "success_rate": 0.03133333333333333
        },
        {
          "basis_state": 4,
          "task_id": "arn:aws:braket:eu-west-2:380012739362:quantum-task/292048c8-d0a8-416f-b841-73f20f33ceab",
          "status": "DONE",
          "shots": 3000,
          "created_at": "2025-12-21 12:46:40.979000+00:00",
          "ended_at": "2025-12-21 12:46:44.911000+00:00",
          "execution_time_seconds": 3.932,
          "counts": {
            "10000000000": 1376,
            "10100000000": 1188,
            "01100000000": 139,
            "01000000001": 15,
            "11100000000": 22,
            "11000000000": 56,
            "00100000000": 45,
            "11000000001": 27,
            "00000000000": 52,
            "01000000000": 55,
            "10100000001": 4,
            "00100000001": 10,
            "11010100001": 1,
            "11011000000": 1,
            "01100000001": 4,
            "11010000000": 1,
            "11110011110": 1,
            "00101000000": 1,
            "11110010011": 1,
            "11100000001": 1
          },
          "component_probability": 0.0,
          "success_rate": 0.021
        },
        {
          "basis_state": 5,
          "task_id": "arn:aws:braket:eu-west-2:380012739362:quantum-task/52320002-6c19-4ba6-982b-a4f29258f7fe",
          "status": "DONE",
          "shots": 3000,
          "created_at": "2025-12-21 12:46:43.059000+00:00",
          "ended_at": "2025-12-21 12:46:46.554000+00:00",
          "execution_time_seconds": 3.495,
          "counts": {
            "10000000000": 1382,
            "10100000000": 1142,
            "00000000000": 65,
            "00100000001": 8,
            "01000000000": 46,
            "11100000000": 21,
            "01100000000": 138,
            "00100000000": 44,
            "11000000000": 75,
            "11000000001": 30,
            "01000000001": 19,
            "10100000001": 9,
            "00011110001": 1,
            "00001100001": 1,
            "11000100001": 1,
            "00010111101": 1,
            "11011000000": 3,
            "10110010001": 1,
            "10000000001": 3,
            "10111000000": 1,
            "11100000001": 3,
            "00111000001": 1,
            "11001000000": 1,
            "11111110000": 1,
            "00110100000": 1,
            "10001110000": 1,
            "11000100000": 1
          },
          "component_probability": 0.1282051282051282,
          "success_rate": 0.026
        },
        {
          "basis_state": 6,
          "task_id": "arn:aws:braket:eu-west-2:380012739362:quantum-task/5fc1365d-645f-46fc-b190-8dc5608f2133",
          "status": "DONE",
          "shots": 3000,
          "created_at": "2025-12-21 12:46:45.118000+00:00",
          "ended_at": "2025-12-21 12:46:49.094000+00:00",
          "execution_time_seconds": 3.976,
          "counts": {
            "10100000000": 1161,
            "10000000000": 1375,
            "00100000000": 44,
            "01100000000": 158,
            "11100000000": 26,
            "01000000001": 13,
            "11000000000": 60,
            "00000000000": 50,
            "11000000001": 34,
            "01100000001": 3,
            "01000000000": 45,
            "10000000001": 3,
            "00100000001": 11,
            "10100000001": 7,
            "00011010001": 1,
            "00111000001": 1,
            "01010010011": 1,
            "11100000001": 4,
            "00011000001": 1,
            "00101000000": 1,
            "00000110001": 1
          },
          "component_probability": 0.425,
          "success_rate": 0.02666666666666667
        },
        {
          "basis_state": 7,
          "task_id": "arn:aws:braket:eu-west-2:380012739362:quantum-task/071179c6-9477-4569-8d1c-5c113d61b7b3",
          "status": "DONE",
          "shots": 3000,
          "created_at": "2025-12-21 12:46:47.568000+00:00",
          "ended_at": "2025-12-21 12:46:51.757000+00:00",
          "execution_time_seconds": 4.189,
          "counts": {
            "11000000001": 41,
            "01000000000": 56,
            "10000000000": 1418,
            "10100000000": 1132,
            "11000000000": 64,
            "11100000000": 18,
            "01000000001": 9,
            "00100000000": 44,
            "11011000001": 2,
            "00000000000": 63,
            "01100000000": 119,
            "10100000001": 8,
            "11010100000": 1,
            "00100000001": 8,
            "01100000001": 4,
            "01111110001": 1,
            "11011000000": 2,
            "00101000000": 2,
            "00110000001": 1,
            "01101010000": 1,
            "00110100000": 1,
            "11010000001": 1,
            "00001011001": 1,
            "00111000001": 1,
            "10110111001": 1,
            "00011110001": 1
          },
          "component_probability": 0.0,
          "success_rate": 0.026333333333333334
        }
      ],
      "depth": 4700,
      "num_projections": 8,
      "ideal_solution": [
        {
          "real": 0.020238505785264913,
          "imag": 0.0
        },
        {
          "real": -0.33849693977155415,
          "imag": 0.0
        },
        {
          "real": -0.4317215701269524,
          "imag": 0.0
        },
        {
          "real": -0.17739434095035994,
          "imag": 0.0
        },
        {
          "real": 0.1101081977848664,
          "imag": 0.0
        },
        {
          "real": 0.3561423075520284,
          "imag": 0.0
        },
        {
          "real": 0.6925364561697902,
          "imag": 0.0
        },
        {
          "real": -0.22043152397661422,
          "imag": 0.0
        }
      ],
      "reconstructed_solution_probabilities": [
        0.013984858249143858,
        0.20074467410796373,
        0.12246200196547595,
        0.03615234632491444,
        0.0,
        0.14522737412572467,
        0.4814287452267773,
        0.0
      ],
      "fidelity": 0.9122197055949929,
      "metadata": {
        "measured_components": [
          0,
          1,
          2,
          3,
          4,
          5,
          6,
          7
        ],
        "success_rates": [
          0.027,
          0.026333333333333334,
          0.024666666666666667,
          0.03133333333333333,
          0.021,
          0.026,
          0.02666666666666667,
          0.026333333333333334
        ],
        "raw_probabilities": [
          0.012345679012345678,
          0.17721518987341772,
          0.10810810810810811,
          0.031914893617021274,
          0.0,
          0.1282051282051282,
          0.425,
          0.0
        ],
        "average_success_rate": 0.026166666666666664,
        "total_probability": 0.882788998816021
      },
      "total_problem_time_seconds": 18.994,
      "first_created_at": "2025-12-21 12:46:32.763000+00:00",
      "last_ended_at": "2025-12-21 12:46:51.757000+00:00"
    }
  ]
}