{
  "problem_list": [
    {
      "A_matrix": [
        [
          1.4527458833714417,
          0.9526753850399798,
          0.6375576073518905,
          1.0307007847217622,
          1.1922440149075682,
          0.7464083932317511,
          0.7012544621679875,
          0.6179699038244953,
          1.1111284784142195,
          1.6571750448820404,
          0.21723522994416666,
          1.140782273014461,
          0.6189826198276851,
          1.3038254111871872,
          0.8152569128183278,
          1.4355451373440213
        ],
        [
          0.9526753850399798,
          1.0663992471268395,
          1.0561258026152673,
          1.2502901432563895,
          0.9463699309245727,
          0.8194845602306533,
          1.33332484631475,
          0.730655922289378,
          0.26065919662526216,
          0.7973108620875478,
          0.6126968251349251,
          0.9266454583917697,
          0.7696199209557023,
          0.8510405335869561,
          0.9222489543239226,
          0.9134074599933577
        ],
        [
          0.6375576073518905,
          1.0561258026152673,
          1.954142998069894,
          0.4789311664326149,
          0.2924692397334855,
          1.187250977135033,
          0.6470976834086449,
          1.4520964195938086,
          1.4491083909018636,
          0.9142202184291205,
          0.38867557163881394,
          0.5789337376419532,
          1.6653529336396047,
          1.1255066809023018,
          0.5034060900263093,
          0.5550499318783672
        ],
        [
          1.0307007847217622,
          1.2502901432563895,
          0.4789311664326149,
          0.7912043868942986,
          1.0547743045152371,
          0.567024072823516,
          0.6263585053095331,
          1.688605911207031,
          1.0831006853086707,
          1.216965087681137,
          0.970690885925691,
          1.5347680427795611,
          1.6178551586561145,
          1.1144430317199245,
          1.0121377192801764,
          0.7684469904512162
        ],
        [
          1.1922440149075682,
          0.9463699309245727,
          0.2924692397334855,
          1.0547743045152371,
          0.17978243901410096,
          0.7970600249930693,
          0.578711806064191,
          0.5489053082566014,
          0.7206411163953887,
          0.9318381339381827,
          1.1870472807831054,
          1.299622280445068,
          0.8424260875283685,
          1.9629293296316441,
          0.5568260164241723,
          0.9160771718867945
        ],
        [
          0.7464083932317511,
          0.8194845602306533,
          1.187250977135033,
          0.567024072823516,
          0.7970600249930693,
          1.6840505235721088,
          1.5402839803449089,
          1.03676131386458,
          0.725797742636094,
          1.2527142856705855,
          0.916815493024614,
          0.0870574221232766,
          1.1975471138403218,
          1.8307869703460637,
          1.4899791038629107,
          1.000208711450901
        ],
        [
          0.7012544621679875,
          1.33332484631475,
          0.6470976834086449,
          0.6263585053095331,
          0.578711806064191,
          1.5402839803449089,
          0.8639554988931153,
          0.8228023583877027,
          0.813121313378927,
          0.45568771849530887,
          1.2913988625733146,
          0.9853793416315996,
          1.352563670939468,
          1.0497463400878804,
          1.7733213981399696,
          1.4381205415089604
        ],
        [
          0.6179699038244953,
          0.730655922289378,
          1.4520964195938086,
          1.688605911207031,
          0.5489053082566014,
          1.03676131386458,
          0.8228023583877027,
          0.013701336008716591,
          0.7765663463105693,
          0.7049689474994979,
          1.2706825117004144,
          1.3004126109744294,
          0.7183146198217996,
          0.7066589446471667,
          0.9875662368266716,
          1.10483736225425
        ],
        [
          1.1111284784142195,
          0.26065919662526216,
          1.4491083909018636,
          1.0831006853086707,
          0.7206411163953887,
          0.725797742636094,
          0.813121313378927,
          0.7765663463105693,
          0.4599638457175408,
          1.1933057938770417,
          1.0021630580874543,
          0.3456932011770665,
          1.2959741301760286,
          0.9038134275355271,
          0.5613865260019478,
          1.2931855160751269
        ],
        [
          1.6571750448820404,
          0.7973108620875478,
          0.9142202184291205,
          1.216965087681137,
          0.9318381339381827,
          1.2527142856705855,
          0.45568771849530887,
          0.7049689474994979,
          1.1933057938770417,
          1.8653105355196113,
          0.4897525406886255,
          0.8666057400626999,
          0.5975304232180821,
          0.34617409506876284,
          1.312143445976684,
          0.7240394294331439
        ],
        [
          0.21723522994416666,
          0.6126968251349251,
          0.38867557163881394,
          0.970690885925691,
          1.1870472807831054,
          0.916815493024614,
          1.2913988625733146,
          1.2706825117004144,
          1.0021630580874543,
          0.4897525406886255,
          0.31548454323297603,
          0.5589253528199939,
          1.0621703324049834,
          1.7047352710750034,
          0.7675794259660076,
          1.421488772167391
        ],
        [
          1.140782273014461,
          0.9266454583917697,
          0.5789337376419532,
          1.5347680427795611,
          1.299622280445068,
          0.0870574221232766,
          0.9853793416315996,
          1.3004126109744294,
          0.3456932011770665,
          0.8666057400626999,
          0.5589253528199939,
          0.7721961818609284,
          1.798342121673818,
          1.0017691667144628,
          1.3322859415602644,
          1.3705687650583913
        ],
        [
          0.6189826198276851,
          0.7696199209557023,
          1.6653529336396047,
          1.6178551586561145,
          0.8424260875283685,
          1.1975471138403218,
          1.352563670939468,
          0.7183146198217996,
          1.2959741301760286,
          0.5975304232180821,
          1.0621703324049834,
          1.798342121673818,
          0.690999830842908,
          0.4835230962407413,
          1.5949528097864183,
          1.1732361693002629
        ],
        [
          1.3038254111871872,
          0.8510405335869561,
          1.1255066809023018,
          1.1144430317199245,
          1.9629293296316441,
          1.8307869703460637,
          1.0497463400878804,
          0.7066589446471667,
          0.9038134275355271,
          0.34617409506876284,
          1.7047352710750034,
          1.0017691667144628,
          0.4835230962407413,
          1.776046862768034,
          0.8687303408559722,
          1.3044217071010962
        ],
        [
          0.8152569128183278,
          0.9222489543239226,
          0.5034060900263093,
          1.0121377192801764,
          0.5568260164241723,
          1.4899791038629107,
          1.7733213981399696,
          0.9875662368266716,
          0.5613865260019478,
          1.312143445976684,
          0.7675794259660076,
          1.3322859415602644,
          1.5949528097864183,
          0.8687303408559722,
          1.660372900284182,
          1.7285146149769108
        ],
        [
          1.4355451373440213,
          0.9134074599933577,
          0.5550499318783672,
          0.7684469904512162,
          0.9160771718867945,
          1.000208711450901,
          1.4381205415089604,
          1.10483736225425,
          1.2931855160751269,
          0.7240394294331439,
          1.421488772167391,
          1.3705687650583913,
          1.1732361693002629,
          1.3044217071010962,
          1.7285146149769108,
          1.8529887202038586
        ]
      ],
      "b_vector": [
        0.3412289712759063,
        0.3961487696694864,
        0.23074619868889645,
        0.05215546006994199,
        0.017381002783982802,
        0.13318002277555166,
        0.04473815911349074,
        0.37835492107627705,
        0.26965395775781353,
        0.308224769895521,
        0.21192540421304962,
        0.06503981474875933,
        0.1628308363420777,
        0.2900687771287295,
        0.4094624135855955,
        0.11090721025211914
      ]
    }
  ],
  "shots": 3000,
  "backend": "sv1",
  "device_arn": "SV1",
  "aws_region": "eu-west-2",
  "ideal_preprocessing_list": [
    [
      [
        -2.662691086857821,
        -1.8996863096738439,
        -1.5481000257769677,
        -1.3712341457091135,
        -0.8107054592105944,
        -0.7385301652670451,
        -0.4425649669600067,
        -0.1674096107713751,
        0.2076701410598284,
        0.7126625482634628,
        1.064979399232548,
        1.8277127395335466,
        2.2236397574098645,
        2.3957868649843697,
        2.4931839684883466,
        16.114632084635357
      ],
      [
        0.190191242694397,
        0.24811973954591526,
        0.0008804942811653556,
        0.1644796544011929,
        0.04709080100556583,
        0.2631251380693686,
        0.029982905821662645,
        0.13693238128496416,
        0.11761545863052764,
        0.09690760091849779,
        0.0452547821700266,
        0.1155855996399935,
        0.04605412491291032,
        0.09963537247024504,
        0.15094995083533214,
        0.8429953366743221
      ]
    ]
  ],
  "probability_threshold": 0,
  "k_qubits": 7,
  "preprocessing_mode": "ideal",
  "projection_mode": "all_components",
  "projection_subset": null,
  "num_solution_qubits": 4,
  "num_projections": 16,
  "projector_basis_states": [
    0,
    1,
    2,
    3,
    4,
    5,
    6,
    7,
    8,
    9,
    10,
    11,
    12,
    13,
    14,
    15
  ],
  "enhanced_projection_results": [
    {
      "problem_index": 0,
      "projection_tasks": [
        {
          "basis_state": 0,
          "task_id": "arn:aws:braket:eu-west-2:380012739362:quantum-task/3d1604cb-9047-40ec-bc34-42f3d78465ef",
          "status": "DONE",
          "shots": 3000,
          "created_at": "2025-12-21 12:54:46.458000+00:00",
          "ended_at": "2025-12-21 12:54:55.276000+00:00",
          "execution_time_seconds": 8.818,
          "counts": {
            "000100000000": 487,
            "110000000000": 168,
            "000000000000": 373,
            "101000000000": 132,
            "011110000001": 3,
            "100000000000": 296,
            "011100000000": 267,
            "110100000000": 223,
            "011100000001": 12,
            "111000000000": 463,
            "100100000000": 267,
            "010100111001": 1,
            "001000000000": 143,
            "111100000000": 11,
            "111000000001": 14,
            "010100000000": 38,
            "011000000000": 26,
            "101100000000": 9,
            "101100111101": 1,
            "111110111001": 1,
            "110100000001": 8,
            "111000110000": 1,
            "011101000000": 1,
            "110010001000": 1,
            "110000000001": 6,
            "011000000001": 14,
            "001100000000": 4,
            "111100010000": 1,
            "100001110111": 1,
            "101110000001": 2,
            "111111000001": 1,
            "000100000001": 7,
            "110001001001": 1,
            "010000000000": 4,
            "101100000001": 2,
            "100000000001": 6,
            "001000000001": 1,
            "110110010001": 1,
            "100010000001": 1,
            "100010000000": 1,
            "000110000001": 1
          },
          "component_probability": 0.0,
          "success_rate": 0.028
        },
        {
          "basis_state": 1,
          "task_id": "arn:aws:braket:eu-west-2:380012739362:quantum-task/f2fbaa9a-e893-4175-a34c-4f09d8e87162",
          "status": "DONE",
          "shots": 3000,
          "created_at": "2025-12-21 12:54:50.888000+00:00",
          "ended_at": "2025-12-21 12:54:58.328000+00:00",
          "execution_time_seconds": 7.44,
          "counts": {
            "100000000000": 318,
            "100100000000": 261,
            "110100000000": 212,
            "111000000000": 483,
            "001000000000": 124,
            "101000000000": 115,
            "110000000000": 163,
            "000000000000": 403,
            "011100000000": 249,
            "000100000000": 445,
            "011000000000": 19,
            "111100000000": 7,
            "010100000000": 62,
            "110100000001": 8,
            "101100000000": 19,
            "011011000001": 1,
            "011000000001": 13,
            "100000000001": 7,
            "110001000001": 1,
            "000100000001": 11,
            "110011010001": 1,
            "111100000001": 2,
            "001000000001": 4,
            "010000000000": 11,
            "011100000001": 11,
            "111011000001": 1,
            "111000000001": 18,
            "010100110000": 1,
            "001100000000": 9,
            "010100100001": 1,
            "010001000000": 1,
            "110000000001": 7,
            "010001110111": 1,
            "110000100001": 1,
            "101110100001": 1,
            "000110000000": 1,
            "111011100001": 1,
            "001101010101": 1,
            "101110110000": 1,
            "000101000001": 1,
            "111000100001": 1,
            "101100000001": 2,
            "111000110001": 1
          },
          "component_probability": 0.125,
          "success_rate": 0.032
        },
        {
          "basis_state": 2,
          "task_id": "arn:aws:braket:eu-west-2:380012739362:quantum-task/15956f2f-7c53-4316-ac9b-edf6f3404c1d",
          "status": "DONE",
          "shots": 3000,
          "created_at": "2025-12-21 12:54:55.206000+00:00",
          "ended_at": "2025-12-21 12:55:03.164000+00:00",
          "execution_time_seconds": 7.958,
          "counts": {
            "011100000000": 264,
            "110100000000": 251,
            "100100000000": 289,
            "000000000000": 379,
            "000100000000": 469,
            "111000000000": 445,
            "100000000000": 307,
            "110000000000": 169,
            "001000000000": 134,
            "101000000000": 119,
            "010100000000": 46,
            "011000000000": 21,
            "100000000001": 8,
            "011000000001": 11,
            "101100110000": 1,
            "000110000001": 2,
            "101100000001": 7,
            "111100000000": 13,
            "111000000001": 11,
            "110100000001": 6,
            "101100000000": 10,
            "011100000001": 10,
            "000100110001": 1,
            "000100000001": 7,
            "010100110001": 1,
            "101011100001": 1,
            "000110000000": 1,
            "011101000001": 1,
            "101011000001": 2,
            "010000000000": 2,
            "111111110001": 1,
            "001100000000": 3,
            "110000000001": 1,
            "101110000001": 1,
            "101010000001": 1,
            "001000000001": 1,
            "111000110000": 1,
            "110111000001": 1,
            "110010000001": 1,
            "100010000000": 1
          },
          "component_probability": 0.013333333333333334,
          "success_rate": 0.025
        },
        {
          "basis_state": 3,
          "task_id": "arn:aws:braket:eu-west-2:380012739362:quantum-task/b1b802a2-14a9-4013-99eb-4ba1911e7a35",
          "status": "DONE",
          "shots": 3000,
          "created_at": "2025-12-21 12:54:59.502000+00:00",
          "ended_at": "2025-12-21 12:55:09.465000+00:00",
          "execution_time_seconds": 9.963,
          "counts": {
            "110000000000": 168,
            "100000000000": 294,
            "111000000000": 469,
            "000100000000": 450,
            "000000000000": 380,
            "100100000000": 268,
            "110100000000": 254,
            "011100000000": 263,
            "101100000000": 12,
            "101000000000": 125,
            "010100000000": 49,
            "001000000000": 137,
            "100100000001": 1,
            "000100000001": 8,
            "001100000000": 5,
            "011111110100": 1,
            "100000000001": 6,
            "111100000000": 10,
            "011000000000": 24,
            "000110000000": 2,
            "111000000001": 10,
            "011100000001": 6,
            "010000000000": 10,
            "001111100000": 1,
            "011000000001": 11,
            "111010010001": 1,
            "101010000001": 2,
            "101001000001": 1,
            "110000110001": 1,
            "001000000001": 5,
            "001110111101": 1,
            "101110000001": 3,
            "110000000001": 3,
            "101110000000": 2,
            "110100000001": 10,
            "011110000001": 1,
            "101100000001": 1,
            "010000000001": 2,
            "101000000001": 1,
            "000111000001": 1,
            "000010100000": 1
          },
          "component_probability": 0.013333333333333334,
          "success_rate": 0.025
        },
        {
          "basis_state": 4,
          "task_id": "arn:aws:braket:eu-west-2:380012739362:quantum-task/fb0fbf19-c2b4-4dab-b415-ffd528249d99",
          "status": "DONE",
          "shots": 3000,
          "created_at": "2025-12-21 12:55:03.720000+00:00",
          "ended_at": "2025-12-21 12:55:12.822000+00:00",
          "execution_time_seconds": 9.102,
          "counts": {
            "101000000000": 107,
            "011000000000": 35,
            "000100000000": 458,
            "111000000000": 425,
            "011100000000": 259,
            "111100000000": 11,
            "110100000000": 247,
            "000000000000": 391,
            "100000000000": 316,
            "001000000000": 118,
            "100100000000": 274,
            "111101000001": 1,
            "110000000000": 178,
            "010000000000": 5,
            "010100000000": 46,
            "110100000001": 10,
            "011000000001": 16,
            "101100000000": 18,
            "011100000001": 13,
            "111000000001": 15,
            "110111100001": 1,
            "100000000001": 10,
            "110000000001": 8,
            "000110000000": 1,
            "111110110111": 1,
            "001110110101": 1,
            "001100000000": 3,
            "000100000001": 7,
            "011101101001": 1,
            "101010000001": 1,
            "010000000001": 3,
            "000111000011": 1,
            "011101000001": 1,
            "101100000001": 5,
            "111011110001": 1,
            "001000000001": 2,
            "110110000001": 1,
            "101000000001": 1,
            "101101100001": 1,
            "110110000000": 1,
            "101010110001": 1,
            "101011100111": 1,
            "111000100000": 1,
            "110101110000": 1,
            "101110000001": 1,
            "000111000001": 1
          },
          "component_probability": 0.02857142857142857,
          "success_rate": 0.035
        },
        {
          "basis_state": 5,
          "task_id": "arn:aws:braket:eu-west-2:380012739362:quantum-task/d3fdb304-c2ea-4ba3-a7a2-031059d1cedc",
          "status": "DONE",
          "shots": 3000,
          "created_at": "2025-12-21 12:55:07.920000+00:00",
          "ended_at": "2025-12-21 12:55:16.893000+00:00",
          "execution_time_seconds": 8.973,
          "counts": {
            "000000000000": 395,
            "100100000000": 255,
            "011100000000": 266,
            "000100000000": 471,
            "110000000000": 150,
            "110100000000": 222,
            "101000000000": 131,
            "001000000000": 132,
            "010100000000": 47,
            "011000000000": 33,
            "100000000000": 292,
            "111000000000": 479,
            "110000000001": 6,
            "100000000001": 10,
            "011000000001": 10,
            "110100000001": 3,
            "101000000001": 2,
            "010000000001": 4,
            "001100000000": 3,
            "111000000001": 16,
            "101100000000": 14,
            "000100000001": 8,
            "001000000001": 4,
            "101110000001": 2,
            "010000000000": 6,
            "011100000001": 10,
            "000110000000": 2,
            "011100110001": 1,
            "111100000000": 9,
            "101010000001": 2,
            "010100100001": 1,
            "111011000001": 1,
            "111100110001": 1,
            "101100000001": 3,
            "110110000000": 1,
            "000110000001": 1,
            "101011010001": 1,
            "101110000000": 1,
            "110011000001": 1,
            "110001100000": 1,
            "000010110101": 1,
            "111101001000": 1,
            "111111110001": 1
          },
          "component_probability": 0.011235955056179775,
          "success_rate": 0.029666666666666668
        },
        {
          "basis_state": 6,
          "task_id": "arn:aws:braket:eu-west-2:380012739362:quantum-task/16b10d20-181b-4b1b-b13c-43248bd7b339",
          "status": "DONE",
          "shots": 3000,
          "created_at": "2025-12-21 12:55:12.346000+00:00",
          "ended_at": "2025-12-21 12:55:22.138000+00:00",
          "execution_time_seconds": 9.792,
          "counts": {
            "000000000000": 344,
            "000100000000": 435,
            "111000000000": 465,
            "100000000000": 298,
            "110100000000": 261,
            "010100000000": 67,
            "011100000000": 257,
            "001000000000": 135,
            "100100000000": 279,
            "101000000000": 146,
            "000110000001": 3,
            "101100000000": 9,
            "110000000000": 177,
            "011000000001": 11,
            "001000000001": 7,
            "111100000000": 14,
            "101100000001": 3,
            "101011100001": 1,
            "001100000000": 6,
            "111000000001": 17,
            "011100101001": 1,
            "110100000001": 8,
            "010000000000": 6,
            "011000000000": 17,
            "011110000001": 1,
            "011100000001": 3,
            "000100000001": 4,
            "101010000001": 3,
            "110010000001": 1,
            "100000000001": 6,
            "110010000000": 1,
            "100110000001": 1,
            "110000000001": 2,
            "000011000001": 1,
            "111100100101": 1,
            "101000000001": 2,
            "110011110001": 1,
            "010100110000": 1,
            "111000100001": 1,
            "001101010001": 1,
            "111110110001": 1,
            "110111110000": 1,
            "010010100001": 1
          },
          "component_probability": 0.13580246913580246,
          "success_rate": 0.027
        },
        {
          "basis_state": 7,
          "task_id": "arn:aws:braket:eu-west-2:380012739362:quantum-task/25a973ec-6b20-4bce-ae61-9172f4297aef",
          "status": "DONE",
          "shots": 3000,
          "created_at": "2025-12-21 12:55:16.594000+00:00",
          "ended_at": "2025-12-21 12:55:23.276000+00:00",
          "execution_time_seconds": 6.682,
          "counts": {
            "000000000000": 385,
            "000100000000": 473,
            "111100000000": 13,
            "110000000000": 163,
            "111000000000": 490,
            "100000000000": 298,
            "011100000000": 254,
            "101000000000": 129,
            "100100000000": 253,
            "110100000000": 225,
            "001000000000": 120,
            "011000000000": 27,
            "010100000000": 54,
            "011100000001": 12,
            "100000000001": 12,
            "000101100000": 1,
            "011000000001": 10,
            "001100000000": 9,
            "110000000001": 5,
            "111000000001": 11,
            "110100000001": 5,
            "101100000000": 18,
            "000011100111": 1,
            "101100000001": 2,
            "010000000000": 4,
            "111000100000": 2,
            "101000000001": 3,
            "000100000001": 6,
            "111011000001": 1,
            "101101100001": 1,
            "000101010001": 1,
            "010000000001": 1,
            "110010000001": 1,
            "111001100000": 1,
            "001000110001": 1,
            "001000000001": 3,
            "000111000001": 2,
            "110000100001": 1,
            "011010000000": 1,
            "111011100001": 1
          },
          "component_probability": 0.15,
          "success_rate": 0.02666666666666667
        },
        {
          "basis_state": 8,
          "task_id": "arn:aws:braket:eu-west-2:380012739362:quantum-task/789b2dc8-8552-4185-90d8-68d57e175ea7",
          "status": "DONE",
          "shots": 3000,
          "created_at": "2025-12-21 12:55:20.955000+00:00",
          "ended_at": "2025-12-21 12:55:30.491000+00:00",
          "execution_time_seconds": 9.536,
          "counts": {
            "101100000000": 12,
            "100000000000": 319,
            "111000000000": 461,
            "000100000000": 434,
            "011100000000": 251,
            "100100000000": 256,
            "000000000000": 395,
            "110100000000": 236,
            "011000000000": 21,
            "101000000000": 148,
            "110000000000": 175,
            "001000000000": 116,
            "011000000001": 15,
            "010100000000": 47,
            "110100000001": 2,
            "111000100000": 1,
            "000100000001": 10,
            "101000000001": 1,
            "011101000001": 1,
            "100000000001": 10,
            "011100000001": 12,
            "001001000000": 1,
            "011110000001": 1,
            "010000000000": 9,
            "011101011001": 1,
            "110000000001": 7,
            "111100000000": 10,
            "001000000001": 6,
            "111000000001": 16,
            "101100000001": 3,
            "101001000001": 1,
            "110111111001": 1,
            "001100000000": 5,
            "000111000001": 2,
            "101010110101": 1,
            "010000000001": 1,
            "010101000001": 1,
            "111000110001": 1,
            "011101101000": 1,
            "111100110001": 1,
            "111001100001": 2,
            "011011001001": 1,
            "000111100001": 1,
            "101110000001": 1,
            "110101000000": 1,
            "111100000001": 1,
            "101110100001": 1
          },
          "component_probability": 0.09900990099009901,
          "success_rate": 0.033666666666666664
        },
        {
          "basis_state": 9,
          "task_id": "arn:aws:braket:eu-west-2:380012739362:quantum-task/693790ae-1f8b-4b01-a2cd-95c2ea466c79",
          "status": "DONE",
          "shots": 3000,
          "created_at": "2025-12-21 12:55:25.194000+00:00",
          "ended_at": "2025-12-21 12:55:32.241000+00:00",
          "execution_time_seconds": 7.047,
          "counts": {
            "000000000000": 412,
            "111000000000": 494,
            "100000000000": 308,
            "110100000000": 231,
            "101000000000": 117,
            "110000000000": 175,
            "001000000000": 124,
            "100100000000": 249,
            "000100000000": 436,
            "011100000000": 249,
            "011000000000": 23,
            "010100000000": 45,
            "111100000000": 15,
            "101000000001": 7,
            "001000000001": 10,
            "011100000001": 12,
            "110000110000": 1,
            "100000000001": 10,
            "101100000000": 9,
            "111000000001": 16,
            "010110111001": 1,
            "010000000000": 8,
            "001100000000": 3,
            "011000000001": 12,
            "101010000001": 1,
            "110100000001": 2,
            "110110000001": 1,
            "000100000001": 13,
            "001111000001": 1,
            "110000000001": 2,
            "110001000001": 1,
            "100011010101": 1,
            "101011100001": 1,
            "010011110101": 1,
            "101100000001": 1,
            "000111000001": 1,
            "101101010001": 1,
            "010000000001": 2,
            "111010000001": 1,
            "110010000001": 1,
            "101111100001": 1,
            "111010100000": 1
          },
          "component_probability": 0.0,
          "success_rate": 0.03333333333333333
        },
        {
          "basis_state": 10,
          "task_id": "arn:aws:braket:eu-west-2:380012739362:quantum-task/0cfa02e3-2643-4f9f-8004-8e1df7872caa",
          "status": "DONE",
          "shots": 3000,
          "created_at": "2025-12-21 12:55:29.526000+00:00",
          "ended_at": "2025-12-21 12:55:39.031000+00:00",
          "execution_time_seconds": 9.505,
          "counts": {
            "110100000000": 248,
            "011100000000": 252,
            "111000000000": 461,
            "110000000000": 160,
            "000100000000": 441,
            "100100000000": 259,
            "101000000000": 132,
            "100000000000": 320,
            "000000000000": 393,
            "001000000000": 137,
            "010100000000": 55,
            "101100000000": 12,
            "111000000001": 17,
            "011100000001": 7,
            "011000000000": 23,
            "100000000001": 5,
            "001100000000": 8,
            "011000000001": 14,
            "100110000001": 1,
            "010001100000": 1,
            "110100000001": 4,
            "110010000001": 2,
            "010000000000": 5,
            "101000100110": 1,
            "011010000000": 1,
            "110000000001": 4,
            "000100000001": 11,
            "011101000001": 1,
            "111100000000": 9,
            "101010000001": 2,
            "101100000001": 2,
            "111100000001": 2,
            "010000000001": 2,
            "001000000001": 2,
            "101000000001": 1,
            "111010101000": 1,
            "110011110001": 1,
            "110100100010": 1,
            "101101000001": 1,
            "010100110001": 1
          },
          "component_probability": 0.0375,
          "success_rate": 0.02666666666666667
        },
        {
          "basis_state": 11,
          "task_id": "arn:aws:braket:eu-west-2:380012739362:quantum-task/a90d1bee-fd0b-4918-bc13-646df86e7627",
          "status": "DONE",
          "shots": 3000,
          "created_at": "2025-12-21 12:55:33.721000+00:00",
          "ended_at": "2025-12-21 12:55:41.430000+00:00",
          "execution_time_seconds": 7.709,
          "counts": {
            "000100000000": 488,
            "101000000000": 144,
            "011100000000": 264,
            "111000000000": 411,
            "110100000000": 254,
            "100000000000": 293,
            "000000000000": 409,
            "011000000000": 22,
            "001000000000": 132,
            "110000000000": 169,
            "100100000000": 245,
            "011000000001": 12,
            "111100000000": 12,
            "000100000001": 8,
            "001000000001": 5,
            "010100000000": 44,
            "110100000001": 7,
            "011110000001": 1,
            "111000000001": 13,
            "100000000001": 8,
            "101100000000": 14,
            "011100000001": 7,
            "110011000001": 1,
            "010000000000": 9,
            "101110000001": 1,
            "111100000001": 2,
            "010000000001": 2,
            "011001100001": 1,
            "111111011111": 1,
            "001100000000": 4,
            "010101111000": 1,
            "101010110101": 1,
            "000110000001": 2,
            "001100110001": 1,
            "110000000001": 4,
            "101001100001": 1,
            "101000000001": 1,
            "000001100100": 1,
            "101010100111": 1,
            "010110111001": 1,
            "011111101001": 1,
            "110000110000": 1,
            "010100101000": 1
          },
          "component_probability": 0.012195121951219513,
          "success_rate": 0.027333333333333334
        },
        {
          "basis_state": 12,
          "task_id": "arn:aws:braket:eu-west-2:380012739362:quantum-task/00697f7a-b0da-4680-9e2a-03d84a72e5ac",
          "status": "DONE",
          "shots": 3000,
          "created_at": "2025-12-21 12:55:37.850000+00:00",
          "ended_at": "2025-12-21 12:55:46.687000+00:00",
          "execution_time_seconds": 8.837,
          "counts": {
            "111000000001": 22,
            "101000000000": 143,
            "100000000000": 320,
            "111000000000": 450,
            "000100000000": 440,
            "011100000000": 248,
            "000000000000": 382,
            "100100000000": 257,
            "110000000000": 178,
            "010100000000": 42,
            "111100000000": 23,
            "111110000001": 1,
            "110100000000": 247,
            "001000000001": 4,
            "001000000000": 125,
            "000100000001": 10,
            "011000000000": 25,
            "100000000001": 10,
            "101100000001": 2,
            "010000000001": 2,
            "001100000000": 5,
            "110000000001": 6,
            "110101000001": 1,
            "101100000000": 10,
            "101000000001": 3,
            "011000000001": 14,
            "111011000001": 2,
            "111000100100": 1,
            "111001000000": 2,
            "111010110001": 1,
            "010110000000": 1,
            "110010000001": 1,
            "010000000000": 3,
            "101110000001": 1,
            "110110000001": 1,
            "011100000001": 8,
            "110100000001": 2,
            "111000100001": 1,
            "110010110000": 1,
            "011110000001": 2,
            "101101100100": 1,
            "111100100000": 1,
            "010010000001": 1
          },
          "component_probability": 0.07368421052631578,
          "success_rate": 0.03166666666666667
        },
        {
          "basis_state": 13,
          "task_id": "arn:aws:braket:eu-west-2:380012739362:quantum-task/0e60c916-e38f-4f48-bc92-7870aa9d7158",
          "status": "DONE",
          "shots": 3000,
          "created_at": "2025-12-21 12:55:42.260000+00:00",
          "ended_at": "2025-12-21 12:55:50.653000+00:00",
          "execution_time_seconds": 8.393,
          "counts": {
            "111000000000": 492,
            "000000000000": 401,
            "110100000000": 244,
            "000100000000": 451,
            "001000000000": 130,
            "100100000000": 257,
            "100000000000": 298,
            "011100000000": 251,
            "101000000000": 106,
            "110000000000": 177,
            "110100000001": 5,
            "010100000000": 52,
            "111100000000": 8,
            "111000000001": 13,
            "011100000001": 5,
            "000100000001": 6,
            "101100000000": 14,
            "110000000001": 10,
            "000111000001": 2,
            "101000000001": 2,
            "011000000000": 15,
            "011001010111": 1,
            "101100000001": 2,
            "010000000000": 10,
            "111100000001": 1,
            "100000000001": 10,
            "011000000001": 12,
            "101010000001": 1,
            "001100000000": 9,
            "100010000000": 1,
            "001000000001": 7,
            "101110000001": 1,
            "101000110001": 1,
            "010000100001": 1,
            "111011000001": 1,
            "000110000001": 2,
            "110010000001": 1
          },
          "component_probability": 0.05952380952380952,
          "success_rate": 0.028
        },
        {
          "basis_state": 14,
          "task_id": "arn:aws:braket:eu-west-2:380012739362:quantum-task/4e527c30-cb59-49b6-a18e-48b2a5b9e632",
          "status": "DONE",
          "shots": 3000,
          "created_at": "2025-12-21 12:55:46.897000+00:00",
          "ended_at": "2025-12-21 12:55:53.806000+00:00",
          "execution_time_seconds": 6.909,
          "counts": {
            "000100000000": 457,
            "100100000000": 280,
            "001000000000": 141,
            "110000000000": 169,
            "000000000000": 406,
            "111000000000": 454,
            "110100000000": 226,
            "011100000000": 279,
            "100000000000": 278,
            "101000000000": 118,
            "011000000001": 13,
            "011000000000": 18,
            "111000000001": 10,
            "010100000000": 48,
            "110000000001": 4,
            "111100000000": 12,
            "001011100001": 1,
            "000100000001": 17,
            "100000000001": 12,
            "011100000001": 14,
            "101100000000": 7,
            "101100000001": 2,
            "110100000001": 3,
            "101000000001": 4,
            "001000000001": 7,
            "100010111000": 1,
            "001100000000": 5,
            "110110001101": 1,
            "110110000001": 1,
            "110011000001": 1,
            "111011110101": 1,
            "000110100001": 1,
            "010001010000": 1,
            "010000000000": 3,
            "000110000001": 1,
            "000101010100": 1,
            "010010011000": 1,
            "000011000001": 1,
            "101010000001": 1
          },
          "component_probability": 0.11578947368421053,
          "success_rate": 0.03166666666666667
        },
        {
          "basis_state": 15,
          "task_id": "arn:aws:braket:eu-west-2:380012739362:quantum-task/4f5763e1-43d6-4c1d-9639-3d8ee98298c7",
          "status": "DONE",
          "shots": 3000,
          "created_at": "2025-12-21 12:55:51.232000+00:00",
          "ended_at": "2025-12-21 12:55:58.146000+00:00",
          "execution_time_seconds": 6.914,
          "counts": {
            "100100000000": 239,
            "000000000000": 407,
            "110100000000": 241,
            "001000000000": 128,
            "011100000000": 248,
            "111000000000": 482,
            "000100000000": 477,
            "011100000001": 10,
            "100000000000": 290,
            "110000000000": 171,
            "101000000000": 105,
            "010100000000": 56,
            "100000000001": 9,
            "000100000001": 14,
            "011000000001": 14,
            "101100000000": 10,
            "010000000000": 9,
            "111100000000": 17,
            "111000000001": 14,
            "011000000000": 23,
            "110110000001": 1,
            "110101100001": 1,
            "001100000000": 9,
            "111100000001": 1,
            "101100000001": 3,
            "110000000001": 5,
            "101000000001": 4,
            "110100000001": 2,
            "110010000001": 1,
            "111000100000": 1,
            "111010110101": 1,
            "001000000001": 3,
            "101010000001": 1,
            "000100100000": 1,
            "011110000001": 1,
            "111010100100": 1
          },
          "component_probability": 0.011764705882352941,
          "success_rate": 0.028333333333333332
        }
      ],
      "depth": 13172,
      "num_projections": 16,
      "ideal_solution": [
        {
          "real": -0.0010250219355276815,
          "imag": 0.0
        },
        {
          "real": 0.3503708325915269,
          "imag": 0.0
        },
        {
          "real": -0.15117967123780407,
          "imag": 0.0
        },
        {
          "real": 0.09656268877518835,
          "imag": 0.0
        },
        {
          "real": 0.12830658426186847,
          "imag": 0.0
        },
        {
          "real": 0.07982789450288301,
          "imag": 0.0
        },
        {
          "real": 0.44272824557302015,
          "imag": 0.0
        },
        {
          "real": -0.3433633565481698,
          "imag": 0.0
        },
        {
          "real": 0.281953900628296,
          "imag": 0.0
        },
        {
          "real": 0.1345483069455728,
          "imag": 0.0
        },
