{
  "problem_list": [
    {
      "A_matrix": [
        [
          0.9568124170683159,
          1.0820079483822127,
          1.1261520615774758,
          0.4820064105171208,
          0.9778177808412298,
          0.7255935814018736,
          1.1351291336396363,
          1.353852924304666,
          1.3642726799574785,
          0.9983216197532654,
          1.4177989668231676,
          0.2928526214505415,
          0.8515701975765473,
          0.6026171111192583,
          0.8799739314137341,
          0.165324504582394
        ],
        [
          1.0820079483822127,
          1.8077231437785732,
          1.783966680334506,
          1.0527159240215043,
          0.20284577818294636,
          0.5613760746230908,
          0.6697128961182702,
          1.562732409356001,
          1.4400878347538368,
          0.7249158118191914,
          0.4083607726657874,
          1.3052066135175715,
          1.1088799918389118,
          0.44356998103364753,
          1.889717245459094,
          0.9048294399081684
        ],
        [
          1.1261520615774758,
          1.783966680334506,
          0.20459386534845914,
          1.854916347511913,
          0.48215156562808403,
          1.5380092736299278,
          0.18109809762035955,
          1.6783506908362371,
          0.921253271983618,
          1.1750020687154819,
          1.1510441600844574,
          0.7176684636613716,
          1.5852028917020262,
          1.0447802325482645,
          0.6309018430191623,
          1.015094916984761
        ],
        [
          0.4820064105171208,
          1.0527159240215043,
          1.854916347511913,
          0.26174253627940725,
          0.31503269544232126,
          0.996585971305676,
          0.8596992495873356,
          0.31725755006442335,
          0.8759893132919194,
          1.455024481676284,
          1.7768955757974996,
          1.0841769976996962,
          0.5600295551799178,
          1.346367356499814,
          0.8315144756420213,
          0.766183722648002
        ],
        [
          0.9778177808412298,
          0.20284577818294636,
          0.48215156562808403,
          0.31503269544232126,
          1.305390737822897,
          0.7614061102192847,
          1.7858269491847543,
          1.2531244543385351,
          1.0155571622108104,
          1.7136747480817118,
          1.6310096552949418,
          0.8572869676469145,
          1.2983125003255052,
          1.0852305262431317,
          0.6813836188644656,
          1.2953535892578811
        ],
        [
          0.7255935814018736,
          0.5613760746230908,
          1.5380092736299278,
          0.996585971305676,
          0.7614061102192847,
          1.177592596263295,
          1.2860680517599534,
          0.9725419366851228,
          1.0359046232984699,
          0.8840360539240191,
          0.9850636928454415,
          0.4069626259590452,
          0.9548927086837781,
          1.0271074798438584,
          0.5037611074508775,
          0.7220574911824224
        ],
        [
          1.1351291336396363,
          0.6697128961182702,
          0.18109809762035955,
          0.8596992495873356,
          1.7858269491847543,
          1.2860680517599534,
          0.33779860887448043,
          1.1284158512289388,
          1.4304390508185236,
          1.5053159071083713,
          0.6407870163659078,
          1.389689154126959,
          1.8128322631468556,
          1.1109915454339423,
          0.7386396779961446,
          0.9626796054783388
        ],
        [
          1.353852924304666,
          1.562732409356001,
          1.6783506908362371,
          0.31725755006442335,
          1.2531244543385351,
          0.9725419366851228,
          1.1284158512289388,
          1.5356623560722615,
          0.45112235389177224,
          1.4888428842827304,
          1.8915180324672112,
          1.6103282832621844,
          0.9228021512259362,
          0.7088260822020646,
          1.8822694560260291,
          0.16671570046162243
        ],
        [
          1.3642726799574785,
          1.4400878347538368,
          0.921253271983618,
          0.8759893132919194,
          1.0155571622108104,
          1.0359046232984699,
          1.4304390508185236,
          0.45112235389177224,
          0.8512669203107317,
          0.8530341543261057,
          1.274028762793993,
          0.1976420606393945,
          0.840055844476449,
          1.1964817408867323,
          0.8029170724815575,
          0.4575437240174042
        ],
        [
          0.9983216197532654,
          0.7249158118191914,
          1.1750020687154819,
          1.455024481676284,
          1.7136747480817118,
          0.8840360539240191,
          1.5053159071083713,
          1.4888428842827304,
          0.8530341543261057,
          1.224030605861141,
          1.015234077051172,
          1.6246404813924684,
          1.8187759979928302,
          1.1415049364839946,
          1.2550715532019243,
          1.1069718157667623
        ],
        [
          1.4177989668231676,
          0.4083607726657874,
          1.1510441600844574,
          1.7768955757974996,
          1.6310096552949418,
          0.9850636928454415,
          0.6407870163659078,
          1.8915180324672112,
          1.274028762793993,
          1.015234077051172,
          1.0909480837126169,
          1.1186866890266378,
          0.9574851250208329,
          1.2085308773979937,
          1.3249747542584294,
          0.8346223697607902
        ],
        [
          0.2928526214505415,
          1.3052066135175715,
          0.7176684636613716,
          1.0841769976996962,
          0.8572869676469145,
          0.4069626259590452,
          1.389689154126959,
          1.6103282832621844,
          0.1976420606393945,
          1.6246404813924684,
          1.1186866890266378,
          1.2241009476736986,
          0.43222454506967223,
          0.9428228123983393,
          1.483408271105065,
          1.137524485566702
        ],
        [
          0.8515701975765473,
          1.1088799918389118,
          1.5852028917020262,
          0.5600295551799178,
          1.2983125003255052,
          0.9548927086837781,
          1.8128322631468556,
          0.9228021512259362,
          0.840055844476449,
          1.8187759979928302,
          0.9574851250208329,
          0.43222454506967223,
          0.41872544747590723,
          1.249548193755679,
          0.7281037564993099,
          0.1487417583449313
        ],
        [
          0.6026171111192583,
          0.44356998103364753,
          1.0447802325482645,
          1.346367356499814,
          1.0852305262431317,
          1.0271074798438584,
          1.1109915454339423,
          0.7088260822020646,
          1.1964817408867323,
          1.1415049364839946,
          1.2085308773979937,
          0.9428228123983393,
          1.249548193755679,
          0.5519385105321704,
          0.8875558962641611,
          1.4396673083305163
        ],
        [
          0.8799739314137341,
          1.889717245459094,
          0.6309018430191623,
          0.8315144756420213,
          0.6813836188644656,
          0.5037611074508775,
          0.7386396779961446,
          1.8822694560260291,
          0.8029170724815575,
          1.2550715532019243,
          1.3249747542584294,
          1.483408271105065,
          0.7281037564993099,
          0.8875558962641611,
          1.411137143074404,
          1.5842764974704817
        ],
        [
          0.165324504582394,
          0.9048294399081684,
          1.015094916984761,
          0.766183722648002,
          1.2953535892578811,
          0.7220574911824224,
          0.9626796054783388,
          0.16671570046162243,
          0.4575437240174042,
          1.1069718157667623,
          0.8346223697607902,
          1.137524485566702,
          0.1487417583449313,
          1.4396673083305163,
          1.5842764974704817,
          0.1104041751722149
        ]
      ],
      "b_vector": [
        0.46190864264910314,
        0.1511323785512621,
        0.2915639414652811,
        0.2548315463368289,
        0.4597061103791281,
        0.13498102153243619,
        0.1055546777052079,
        0.21881186999342064,
        0.14100115437101401,
        0.1542904600165972,
        0.0820985982919366,
        0.032780765279369836,
        0.3773975919716335,
        0.07994168665751598,
        0.3104207503220944,
        0.16911080561849168
      ]
    }
  ],
  "shots": 3000,
  "backend": "sv1",
  "device_arn": "SV1",
  "aws_region": "eu-west-2",
  "ideal_preprocessing_list": [
    [
      [
        -3.333624851399212,
        -2.0541131509159185,
        -1.8204080128990199,
        -1.6590979647069635,
        -1.096571701887122,
        -0.7309784332287025,
        -0.5412003525412115,
        -0.42996001954455315,
        -0.047529251026668086,
        0.2833804275425107,
        0.9738199438617798,
        1.2367430481291768,
        1.7914993551966432,
        2.3258823071806245,
        3.001834459733729,
        16.570192291825485
      ],
      [
        0.16376101648651686,
        0.2647769457759037,
        0.028865248046386505,
        0.04075949628616789,
        0.1505223171038428,
        0.05407498986661955,
        0.18233339680664573,
        0.0073486670574615075,
        0.2527694863621808,
        0.04595418861631139,
        0.04218031612856929,
        0.05238932685535789,
        0.18821433418485617,
        0.11341487294316216,
        0.08090593248827412,
        0.8463681564043171
      ]
    ]
  ],
  "probability_threshold": 0,
  "k_qubits": 7,
  "preprocessing_mode": "ideal",
  "projection_mode": "all_components",
  "projection_subset": null,
  "num_solution_qubits": 4,
  "num_projections": 16,
  "projector_basis_states": [
    0,
    1,
    2,
    3,
    4,
    5,
    6,
    7,
    8,
    9,
    10,
    11,
    12,
    13,
    14,
    15
  ],
  "enhanced_projection_results": [
    {
      "problem_index": 0,
      "projection_tasks": [
        {
          "basis_state": 0,
          "task_id": "arn:aws:braket:eu-west-2:380012739362:quantum-task/2432cec0-a59d-4acf-aaf7-7f84a390c021",
          "shots": 3000,
          "projector_index": 0
        },
        {
          "basis_state": 1,
          "task_id": "arn:aws:braket:eu-west-2:380012739362:quantum-task/b292a337-4ffc-47c0-ab2d-6d02543c592b",
          "shots": 3000,
          "projector_index": 1
        },
        {
          "basis_state": 2,
          "task_id": "arn:aws:braket:eu-west-2:380012739362:quantum-task/8a403d20-d29d-454e-93d8-5fb7a9266e4a",
          "shots": 3000,
          "projector_index": 2
        },
        {
          "basis_state": 3,
          "task_id": "arn:aws:braket:eu-west-2:380012739362:quantum-task/c3a8b54b-06cb-4164-8c71-01cb01165554",
          "shots": 3000,
          "projector_index": 3
        },
        {
          "basis_state": 4,
          "task_id": "arn:aws:braket:eu-west-2:380012739362:quantum-task/cb1a5fb3-331d-4606-b871-15c5cb5c73ee",
          "shots": 3000,
          "projector_index": 4
        },
        {
          "basis_state": 5,
          "task_id": "arn:aws:braket:eu-west-2:380012739362:quantum-task/c13ec3b4-c04c-4f1e-98db-964d695d8980",
          "shots": 3000,
          "projector_index": 5
        },
        {
          "basis_state": 6,
          "task_id": "arn:aws:braket:eu-west-2:380012739362:quantum-task/c2ba6e28-c974-4ac6-b151-3f129a2e3dd0",
          "shots": 3000,
          "projector_index": 6
        },
        {
          "basis_state": 7,
          "task_id": "arn:aws:braket:eu-west-2:380012739362:quantum-task/f9fdcf3c-2d60-48af-a194-7a020afce33c",
          "shots": 3000,
          "projector_index": 7
        },
        {
          "basis_state": 8,
          "task_id": "arn:aws:braket:eu-west-2:380012739362:quantum-task/ecf4017f-d6de-4cd5-b7d3-111acd039fe3",
          "shots": 3000,
          "projector_index": 8
        },
        {
          "basis_state": 9,
          "task_id": "arn:aws:braket:eu-west-2:380012739362:quantum-task/7319b324-d6c9-4950-b6a7-52f2bcf2e3d1",
          "shots": 3000,
          "projector_index": 9
        },
        {
          "basis_state": 10,
          "task_id": "arn:aws:braket:eu-west-2:380012739362:quantum-task/6255d66a-7ecd-4523-981c-a4bd86b15560",
          "shots": 3000,
          "projector_index": 10
        },
        {
          "basis_state": 11,
          "task_id": "arn:aws:braket:eu-west-2:380012739362:quantum-task/c273c653-1f00-49f6-a469-3ce46c3e9e29",
          "shots": 3000,
          "projector_index": 11
        },
        {
          "basis_state": 12,
          "task_id": "arn:aws:braket:eu-west-2:380012739362:quantum-task/96fe4202-495f-4a12-9dc2-9a9e9f2b4caf",
          "shots": 3000,
          "projector_index": 12
        },
        {
          "basis_state": 13,
          "task_id": "arn:aws:braket:eu-west-2:380012739362:quantum-task/a4181a01-79b9-46b9-a3ac-17be7fe290d7",
          "shots": 3000,
          "projector_index": 13
        },
        {
          "basis_state": 14,
          "task_id": "arn:aws:braket:eu-west-2:380012739362:quantum-task/10e03226-2aa8-4287-975a-e86c5a26363d",
          "shots": 3000,
          "projector_index": 14
        },
        {
          "basis_state": 15,
          "task_id": "arn:aws:braket:eu-west-2:380012739362:quantum-task/d01fdee3-0f8a-42b2-9977-6cb5b4d3be5a",
          "shots": 3000,
          "projector_index": 15
        }
      ],
      "depth": 13530,
      "num_projections": 16,
      "ideal_solution": [
        {
          "real": 0.08418579778676273,
          "imag": 0.0
        },
        {
          "real": -0.011851761460477873,
          "imag": 0.0
        },
        {
          "real": -0.2542488384127026,
          "imag": 0.0
        },
        {
          "real": 0.14473380376421027,
          "imag": 0.0
        },
        {
          "real": -0.2546007467449474,
          "imag": 0.0
        },
        {
          "real": 0.13190616488448276,
          "imag": 0.0
        },
        {
          "real": 0.354934673590677,
          "imag": 0.0
        },
        {
          "real": 0.0016495430746716092,
          "imag": 0.0
        },
        {
          "real": 0.31709573667364016,
          "imag": 0.0
        },
        {
          "real": -0.09896577751950872,
          "imag": 0.0
        },
        {
          "real": 0.05577999432151426,
          "imag": 0.0
        },
        {
          "real": 0.5724315449623323,
          "imag": 0.0
        },
        {
          "real": -0.28163075334678533,
          "imag": 0.0
        },
        {
          "real": -0.10169142047104389,
          "imag": 0.0
        },
        {
          "real": -0.27999743747161376,
          "imag": 0.0
        },
        {
          "real": -0.2996514931353674,
          "imag": 0.0
        }
      ]
    }
  ]
}