{
  "problem_list": [
    {
      "A_matrix": [
        [
          0.9549844076830019,
          0.6568463985350775,
          0.7532796225719949,
          1.0182336294942993,
          1.7836827714079937,
          0.7191528491953131,
          1.2031816591488256,
          0.9188147482304576
        ],
        [
          0.6568463985350775,
          1.5274046557805048,
          1.670682989815163,
          1.2506435167533048,
          0.9120402592027149,
          1.4659794836032372,
          1.3608535869903684,
          0.8452456149240126
        ],
        [
          0.7532796225719949,
          1.670682989815163,
          1.1143199246664774,
          0.7335587989588281,
          0.6710530600589705,
          1.0473434847157836,
          0.8616091917194528,
          1.766543795550771
        ],
        [
          1.0182336294942993,
          1.2506435167533048,
          0.7335587989588281,
          1.850320662841126,
          0.8005748132742427,
          1.6073024678942174,
          1.0922091265903915,
          0.9342010814082383
        ],
        [
          1.7836827714079937,
          0.9120402592027149,
          0.6710530600589705,
          0.8005748132742427,
          1.2664885264077776,
          1.0906217739152004,
          1.2811683818919155,
          1.5712093401408451
        ],
        [
          0.7191528491953131,
          1.4659794836032372,
          1.0473434847157836,
          1.6073024678942174,
          1.0906217739152004,
          1.771237703327701,
          0.6186527866936931,
          1.503148208859928
        ],
        [
          1.2031816591488256,
          1.3608535869903684,
          0.8616091917194528,
          1.0922091265903915,
          1.2811683818919155,
          0.6186527866936931,
          1.7998786909394928,
          0.6758403392887722
        ],
        [
          0.9188147482304576,
          0.8452456149240126,
          1.766543795550771,
          0.9342010814082383,
          1.5712093401408451,
          1.503148208859928,
          0.6758403392887722,
          0.002923158247624791
        ]
      ],
      "b_vector": [
        0.2855837744775918,
        0.40092694375117893,
        0.029726220681139646,
        0.5103977764319745,
        0.07626778063899074,
        0.15740702648435959,
        0.5805168942067014,
        0.35877060127209975
      ]
    }
  ],
  "shots": 3000,
  "backend": "sv1",
  "device_arn": "SV1",
  "aws_region": "eu-west-2",
  "ideal_preprocessing_list": [
    [
      [
        -1.7941253069422094,
        -0.6931878438507517,
        -0.2968593919360636,
        0.041638597853318776,
        1.0813322224447202,
        1.1433580973472972,
        1.7710033715810212,
        9.034397983396374
      ],
      [
        0.30234127087332663,
        0.005209852053057462,
        0.04880152220997075,
        0.046680534546684804,
        0.415600109219759,
        0.04877779706412032,
        0.10770205904772989,
        0.846935354498611
      ]
    ]
  ],
  "probability_threshold": 0,
  "k_qubits": 7,
  "preprocessing_mode": "ideal",
  "projection_mode": "all_components",
  "projection_subset": null,
  "num_solution_qubits": 3,
  "num_projections": 8,
  "projector_basis_states": [
    0,
    1,
    2,
    3,
    4,
    5,
    6,
    7
  ],
  "enhanced_projection_results": [
    {
      "problem_index": 0,
      "projection_tasks": [
        {
          "basis_state": 0,
          "task_id": "arn:aws:braket:eu-west-2:380012739362:quantum-task/b47430b9-660a-4678-a94e-069fce579b99",
          "shots": 3000,
          "projector_index": 0
        },
        {
          "basis_state": 1,
          "task_id": "arn:aws:braket:eu-west-2:380012739362:quantum-task/ff3dc3ef-8b03-49a1-b43b-789be16417c0",
          "shots": 3000,
          "projector_index": 1
        },
        {
          "basis_state": 2,
          "task_id": "arn:aws:braket:eu-west-2:380012739362:quantum-task/48b5be77-030e-490b-8a85-8a6c5e86614b",
          "shots": 3000,
          "projector_index": 2
        },
        {
          "basis_state": 3,
          "task_id": "arn:aws:braket:eu-west-2:380012739362:quantum-task/3bf82d2a-a05f-4518-8805-b3121e47b567",
          "shots": 3000,
          "projector_index": 3
        },
        {
          "basis_state": 4,
          "task_id": "arn:aws:braket:eu-west-2:380012739362:quantum-task/7a83b58e-6e65-490a-932e-1a7c7b778cd9",
          "shots": 3000,
          "projector_index": 4
        },
        {
          "basis_state": 5,
          "task_id": "arn:aws:braket:eu-west-2:380012739362:quantum-task/b988c746-326e-4e19-8a8f-8d61a1265c4a",
          "shots": 3000,
          "projector_index": 5
        },
        {
          "basis_state": 6,
          "task_id": "arn:aws:braket:eu-west-2:380012739362:quantum-task/6f185bfb-d5f6-4f84-9ae2-f499ab72c1bd",
          "shots": 3000,
          "projector_index": 6
        },
        {
          "basis_state": 7,
          "task_id": "arn:aws:braket:eu-west-2:380012739362:quantum-task/35a21a62-5280-45c4-ab7d-bf03dbb0d2a1",
          "shots": 3000,
          "projector_index": 7
        }
      ],
      "depth": 4709,
      "num_projections": 8,
      "ideal_solution": [
        {
          "real": 0.2664074441671787,
          "imag": 0.0
        },
        {
          "real": -0.03451499562528567,
          "imag": 0.0
        },
        {
          "real": 0.3755280951670534,
          "imag": 0.0
        },
        {
          "real": 0.6401345000710227,
          "imag": 0.0
        },
        {
          "real": -0.1646695788792329,
          "imag": 0.0
        },
        {
          "real": -0.5708695309514324,
          "imag": 0.0
        },
        {
          "real": -0.09520615304573632,
          "imag": 0.0
        },
        {
          "real": -0.12235177634012517,
          "imag": 0.0
        }
      ]
    }
  ]
}