{
  "problem_list": [
    {
      "A_matrix": [
        [
          0.6725771344525246,
          1.0783811873406028,
          0.7863015658716231,
          0.8969934537738109,
          1.2674404490175113,
          1.6829227310418335,
          0.7759277977003228,
          0.8224810357603985,
          0.740616793898033,
          1.0469724312009792,
          0.4272708274753555,
          0.6452576713739113,
          0.819137307811283,
          0.9129198471497553,
          1.2382232086213696,
          1.2683243303569545
        ],
        [
          1.0783811873406028,
          1.8890315690409396,
          0.6879832015541014,
          1.1772946762231946,
          1.5454486878519833,
          1.3315321237067992,
          0.8826897053321291,
          1.2271877616223337,
          1.0866687544397369,
          0.3530465900934452,
          0.39593754085448496,
          1.4572870935920497,
          0.4668554545209834,
          0.9799201764914253,
          1.4483178122792433,
          0.4645278036833369
        ],
        [
          0.7863015658716231,
          0.6879832015541014,
          0.21629109986447181,
          0.9101775813654884,
          0.7324226552166913,
          1.118777822933251,
          1.2012010961337318,
          0.38301648097704666,
          0.9076426025444021,
          1.4237989457480218,
          1.0574350825265462,
          1.3729543189459852,
          1.2162067941671202,
          0.8421636711637152,
          0.3870483678228056,
          1.28340921893669
        ],
        [
          0.8969934537738109,
          1.1772946762231946,
          0.9101775813654884,
          1.269379304704307,
          0.30071185479646945,
          1.3517839518954864,
          0.9352884493048678,
          1.8282676926091432,
          1.309033798077071,
          0.8984976177525174,
          0.5983657930270181,
          0.9847068978768774,
          1.4043756253070168,
          1.2058446169994226,
          1.3004582766813026,
          1.2063523985636466
        ],
        [
          1.2674404490175113,
          1.5454486878519833,
          0.7324226552166913,
          0.30071185479646945,
          0.8968910131658252,
          1.0627926780426313,
          1.5684278996703858,
          1.1556827952649145,
          1.7969307461305357,
          1.1054122177836225,
          0.4413892493034115,
          0.35233919801137736,
          0.9920733998103872,
          0.5129144571239164,
          0.3110827197319007,
          0.9731581465814487
        ],
        [
          1.6829227310418335,
          1.3315321237067992,
          1.118777822933251,
          1.3517839518954864,
          1.0627926780426313,
          1.862781916187531,
          0.4301225602701638,
          1.03759299337473,
          1.2079868068474284,
          0.8494108825019892,
          0.30020127061635404,
          0.8235392527929486,
          0.8433376316029046,
          0.5451041923050897,
          1.4057865059820336,
          1.2628825207597343
        ],
        [
          0.7759277977003228,
          0.8826897053321291,
          1.2012010961337318,
          0.9352884493048678,
          1.5684278996703858,
          0.4301225602701638,
          0.7876457152240972,
          1.7501538766924634,
          0.310129988328666,
          1.2845655155197844,
          1.6274428335060556,
          1.1748426234590745,
          1.2178462358455102,
          1.1012977244390243,
          1.3399364466484753,
          0.8540547730239988
        ],
        [
          0.8224810357603985,
          1.2271877616223337,
          0.38301648097704666,
          1.8282676926091432,
          1.1556827952649145,
          1.03759299337473,
          1.7501538766924634,
          1.0519997405607406,
          1.4037869662710252,
          0.579767882924827,
          0.660058635051405,
          0.8125568983286583,
          1.4639561455530257,
          0.8731803876160572,
          0.9683274023066006,
          0.934464125647764
        ],
        [
          0.740616793898033,
          1.0866687544397369,
          0.9076426025444021,
          1.309033798077071,
          1.7969307461305357,
          1.2079868068474284,
          0.310129988328666,
          1.4037869662710252,
          0.11748756835913299,
          1.2262131332908255,
          0.6170811796995922,
          1.2629881092483086,
          0.969163901533416,
          0.7931450179050954,
          1.331633700837218,
          0.9297438136806634
        ],
        [
          1.0469724312009792,
          0.3530465900934452,
          1.4237989457480218,
          0.8984976177525174,
          1.1054122177836225,
          0.8494108825019892,
          1.2845655155197844,
          0.579767882924827,
          1.2262131332908255,
          0.1675395250670837,
          0.7549094902860145,
          0.8840046272426669,
          0.8935638323159721,
          1.8763845336783462,
          1.0541899679464497,
          0.5837968073381137
        ],
        [
          0.4272708274753555,
          0.39593754085448496,
          1.0574350825265462,
          0.5983657930270181,
          0.4413892493034115,
          0.30020127061635404,
          1.6274428335060556,
          0.660058635051405,
          0.6170811796995922,
          0.7549094902860145,
          1.8739204799559632,
          1.3671327524352916,
          0.19648223045176827,
          0.21377928020138715,
          0.928162109829747,
          1.1185547055592244
        ],
        [
          0.6452576713739113,
          1.4572870935920497,
          1.3729543189459852,
          0.9847068978768774,
          0.35233919801137736,
          0.8235392527929486,
          1.1748426234590745,
          0.8125568983286583,
          1.2629881092483086,
          0.8840046272426669,
          1.3671327524352916,
          0.6403851368836848,
          0.6343716757899761,
          0.25780511660081673,
          0.5316113804037976,
          0.9841017352936532
        ],
        [
          0.819137307811283,
          0.4668554545209834,
          1.2162067941671202,
          1.4043756253070168,
          0.9920733998103872,
          0.8433376316029046,
          1.2178462358455102,
          1.4639561455530257,
          0.969163901533416,
          0.8935638323159721,
          0.19648223045176827,
          0.6343716757899761,
          0.6445176253391218,
          0.5078364866625367,
          0.8885784907368651,
          0.7130630612070938
        ],
        [
          0.9129198471497553,
          0.9799201764914253,
          0.8421636711637152,
          1.2058446169994226,
          0.5129144571239164,
          0.5451041923050897,
          1.1012977244390243,
          0.8731803876160572,
          0.7931450179050954,
          1.8763845336783462,
          0.21377928020138715,
          0.25780511660081673,
          0.5078364866625367,
          1.180073475045861,
          0.6660579408388034,
          1.2931079547807405
        ],
        [
          1.2382232086213696,
          1.4483178122792433,
          0.3870483678228056,
          1.3004582766813026,
          0.3110827197319007,
          1.4057865059820336,
          1.3399364466484753,
          0.9683274023066006,
          1.331633700837218,
          1.0541899679464497,
          0.928162109829747,
          0.5316113804037976,
          0.8885784907368651,
          0.6660579408388034,
          0.8243622705971163,
          0.8333729926129767
        ],
        [
          1.2683243303569545,
          0.4645278036833369,
          1.28340921893669,
          1.2063523985636466,
          0.9731581465814487,
          1.2628825207597343,
          0.8540547730239988,
          0.934464125647764,
          0.9297438136806634,
          0.5837968073381137,
          1.1185547055592244,
          0.9841017352936532,
          0.7130630612070938,
          1.2931079547807405,
          0.8333729926129767,
          1.8109987718312124
        ]
      ],
      "b_vector": [
        0.30537804576934685,
        0.2350269095963187,
        0.2262200279938808,
        0.07447429233052832,
        0.14741266774239395,
        0.10512469303038174,
        0.21643401495710904,
        0.18722824803511265,
        0.3647708896330526,
        0.08524245988870162,
        0.34974322781665496,
        0.11875805233718557,
        0.3123356672169724,
        0.4385397467892447,
        0.3179369662730079,
        0.11136611653806815
      ]
    }
  ],
  "shots": 3000,
  "backend": "sv1",
  "device_arn": "SV1",
  "aws_region": "eu-west-2",
  "ideal_preprocessing_list": [
    [
      [
        -2.8091974975041487,
        -2.0578481915258227,
        -1.6596399215921067,
        -1.2487322896162538,
        -0.8707679303268435,
        -0.7685317209892407,
        -0.40951368809729927,
        -0.08235912503737378,
        0.6343909496420617,
        0.6536298233663824,
        1.0694189779488332,
        1.3966160940538659,
        1.7213596201795822,
        1.925796663592402,
        2.820056006104506,
        15.591204576081068
      ],
      [
        0.03385756648276542,
        0.25364603130155255,
        0.012822720510834058,
        0.2961141501578898,
        0.09323379471371868,
        0.035329641184302485,
        0.10758893521402951,
        0.0654164983468784,
        0.06579899064907863,
        0.10561903828446428,
        0.1274667496242149,
        0.08140398570796532,
        0.08090523277758738,
        0.010279365525211137,
        0.10372978650677506,
        0.8747019277615703
      ]
    ]
  ],
  "probability_threshold": 0,
  "k_qubits": 7,
  "preprocessing_mode": "ideal",
  "projection_mode": "all_components",
  "projection_subset": null,
  "num_solution_qubits": 4,
  "num_projections": 16,
  "projector_basis_states": [
    0,
    1,
    2,
    3,
    4,
    5,
    6,
    7,
    8,
    9,
    10,
    11,
    12,
    13,
    14,
    15
  ],
  "enhanced_projection_results": [
    {
      "problem_index": 0,
      "projection_tasks": [
        {
          "basis_state": 0,
          "task_id": "arn:aws:braket:eu-west-2:380012739362:quantum-task/679850c3-16bc-46a4-8c99-f1f77eabcf63",
          "shots": 3000,
          "projector_index": 0
        },
        {
          "basis_state": 1,
          "task_id": "arn:aws:braket:eu-west-2:380012739362:quantum-task/3cf6079c-0fcc-438a-af6e-c5e79b4147c8",
          "shots": 3000,
          "projector_index": 1
        },
        {
          "basis_state": 2,
          "task_id": "arn:aws:braket:eu-west-2:380012739362:quantum-task/6ea16244-63d6-4d34-b7c7-ea14636c347a",
          "shots": 3000,
          "projector_index": 2
        },
        {
          "basis_state": 3,
          "task_id": "arn:aws:braket:eu-west-2:380012739362:quantum-task/b528c26c-6112-44f6-a854-4fae0b61ec85",
          "shots": 3000,
          "projector_index": 3
        },
        {
          "basis_state": 4,
          "task_id": "arn:aws:braket:eu-west-2:380012739362:quantum-task/ea100f23-5f95-475c-9119-08aab1875dc7",
          "shots": 3000,
          "projector_index": 4
        },
        {
          "basis_state": 5,
          "task_id": "arn:aws:braket:eu-west-2:380012739362:quantum-task/616380b9-3b60-4a04-a7a5-3abd50b060dd",
          "shots": 3000,
          "projector_index": 5
        },
        {
          "basis_state": 6,
          "task_id": "arn:aws:braket:eu-west-2:380012739362:quantum-task/9142d9db-de64-48b2-bcb1-2be1879019fc",
          "shots": 3000,
          "projector_index": 6
        },
        {
          "basis_state": 7,
          "task_id": "arn:aws:braket:eu-west-2:380012739362:quantum-task/aa972a27-10f0-42d9-b41c-cfe129b3b14d",
          "shots": 3000,
          "projector_index": 7
        },
        {
          "basis_state": 8,
          "task_id": "arn:aws:braket:eu-west-2:380012739362:quantum-task/a8550ff4-819f-44c1-a968-16cbd0389b21",
          "shots": 3000,
          "projector_index": 8
        },
        {
          "basis_state": 9,
          "task_id": "arn:aws:braket:eu-west-2:380012739362:quantum-task/0731c577-6d20-46a4-9c35-d66c121edd05",
          "shots": 3000,
          "projector_index": 9
        },
        {
          "basis_state": 10,
          "task_id": "arn:aws:braket:eu-west-2:380012739362:quantum-task/ca8e6657-b6eb-4581-a47a-782772d53e11",
          "shots": 3000,
          "projector_index": 10
        },
        {
          "basis_state": 11,
          "task_id": "arn:aws:braket:eu-west-2:380012739362:quantum-task/c5047d56-ae22-4a81-9c4a-b1befe116d18",
          "shots": 3000,
          "projector_index": 11
        },
        {
          "basis_state": 12,
          "task_id": "arn:aws:braket:eu-west-2:380012739362:quantum-task/3f252019-0517-4e30-81b5-f8b8ae4a05cf",
          "shots": 3000,
          "projector_index": 12
        },
        {
          "basis_state": 13,
          "task_id": "arn:aws:braket:eu-west-2:380012739362:quantum-task/ea9d3894-7f1e-4696-a396-1f2c64880f82",
          "shots": 3000,
          "projector_index": 13
        },
        {
          "basis_state": 14,
          "task_id": "arn:aws:braket:eu-west-2:380012739362:quantum-task/c0ec4b35-79a4-4394-95cb-ed6b9c6a4c08",
          "shots": 3000,
          "projector_index": 14
        },
        {
          "basis_state": 15,
          "task_id": "arn:aws:braket:eu-west-2:380012739362:quantum-task/5e3c2c70-bbea-4b4f-8a3a-573556d80f30",
          "shots": 3000,
          "projector_index": 15
        }
      ],
      "depth": 13359,
      "num_projections": 16,
      "ideal_solution": [
        {
          "real": 0.17105632640402813,
          "imag": 0.0
        },
        {
          "real": 0.1549623048200421,
          "imag": 0.0
        },
        {
          "real": 0.1259347351173083,
          "imag": 0.0
        },
        {
          "real": -0.005462379021940193,
          "imag": 0.0
        },
        {
          "real": -0.11478175917030783,
          "imag": 0.0
        },
        {
          "real": 0.22840351218498375,
          "imag": 0.0
        },
        {
          "real": 0.5510604508138014,
          "imag": 0.0
        },
        {
          "real": 0.02043557386589393,
          "imag": 0.0
        },
        {
          "real": -0.7199618340556164,
          "imag": 0.0
        },
        {
          "real": 0.06761870150272009,
          "imag": 0.0
        },
        {
          "real": -0.1537080472438062,
          "imag": 0.0
        },
        {
          "real": 0.02162632693173642,
          "imag": 0.0
        },
        {
          "real": -0.049589974943860395,
          "imag": 0.0
        },
        {
          "real": 0.019239188502000078,
          "imag": 0.0
        },
        {
          "real": -0.07869147505722562,
          "imag": 0.0
        },
        {
          "real": -0.07332065951581719,
          "imag": 0.0
        }
      ]
    }
  ]
}