{
  "problem_list": [
    {
      "A_matrix": [
        [
          1.648045811502131,
          1.7725126397785895,
          0.843447919275887,
          0.5155985896881929,
          1.0811965747491463,
          0.6629074312965103,
          1.0340027556466684,
          0.610814057850827,
          1.079023556664294,
          1.883455492926557,
          1.5473602556967068,
          1.1836086626041187,
          0.6469638415329501,
          0.8494733646338208,
          0.745448201807725,
          1.649940636290372
        ],
        [
          1.7725126397785895,
          1.464050482843035,
          1.5080450196474848,
          0.5936094993744321,
          1.6124411002926773,
          0.19771158253865007,
          1.155582921020997,
          0.8468251887462054,
          1.274615434524116,
          0.7311076476260413,
          0.9003082581527099,
          1.6204580505940704,
          1.4296335776103228,
          0.9415731607312812,
          0.43759290953766117,
          1.4994089577528757
        ],
        [
          0.843447919275887,
          1.5080450196474848,
          1.1867201016497726,
          1.4798864685103008,
          0.1908475520321612,
          1.0774530345946318,
          0.9091321099482285,
          0.9614217652433596,
          0.8512763838615816,
          1.9457246280260923,
          0.9384642527892934,
          0.9727429611240421,
          0.2786187041518694,
          1.6380687538591465,
          1.5382445796849784,
          1.199537768453661
        ],
        [
          0.5155985896881929,
          0.5936094993744321,
          1.4798864685103008,
          1.7488235777112835,
          0.9265217003599155,
          1.9197937538938048,
          1.0603442274184802,
          1.109505752934611,
          0.6805702443374635,
          1.3389708438926997,
          0.7193089101440306,
          0.2800533966775314,
          0.17258596255697134,
          0.08411636953146795,
          0.40838739785181355,
          1.375013338949902
        ],
        [
          1.0811965747491463,
          1.6124411002926773,
          0.1908475520321612,
          0.9265217003599155,
          1.7984249770548402,
          0.9172010083716144,
          0.7728383464869302,
          1.6535978491344234,
          0.5879215588731861,
          0.5937516386137326,
          1.6042641977561982,
          0.6161890839153623,
          0.8959030954461931,
          1.1327991889404854,
          0.34083786085688594,
          0.990500269680648
        ],
        [
          0.6629074312965103,
          0.19771158253865007,
          1.0774530345946318,
          1.9197937538938048,
          0.9172010083716144,
          1.290662079126103,
          1.0067745110467183,
          1.1098614603680477,
          0.5529320525756879,
          0.5570598558300736,
          0.9627735729960382,
          0.3879831614229703,
          1.6464772499575528,
          0.8786834658746803,
          1.1751676428301048,
          1.4861082121793423
        ],
        [
          1.0340027556466684,
          1.155582921020997,
          0.9091321099482285,
          1.0603442274184802,
          0.7728383464869302,
          1.0067745110467183,
          0.8805515054152246,
          0.64318020802413,
          0.8129982301105209,
          0.7497268102313447,
          1.1186543942898024,
          0.7851451566707347,
          1.5386520942201416,
          1.015220587596363,
          1.2015124643417812,
          0.9916182469159741
        ],
        [
          0.610814057850827,
          0.8468251887462054,
          0.9614217652433596,
          1.109505752934611,
          1.6535978491344234,
          1.1098614603680477,
          0.64318020802413,
          0.4719785142994344,
          0.4094775022263337,
          1.3151350238416066,
          1.2927572904410276,
          1.1295191415428623,
          1.4694130500601257,
          0.6040981259079661,
          1.782679900936957,
          1.4133254095871948
        ],
        [
          1.079023556664294,
          1.274615434524116,
          0.8512763838615816,
          0.6805702443374635,
          0.5879215588731861,
          0.5529320525756879,
          0.8129982301105209,
          0.4094775022263337,
          1.9106338763176398,
          1.6959815569936538,
          0.9964607888570446,
          1.5537071016871826,
          0.9569612836598194,
          1.0046942760661786,
          0.8021388868682828,
          1.305768647064415
        ],
        [
          1.883455492926557,
          0.7311076476260413,
          1.9457246280260923,
          1.3389708438926997,
          0.5937516386137326,
          0.5570598558300736,
          0.7497268102313447,
          1.3151350238416066,
          1.6959815569936538,
          1.6732199682205955,
          0.4131554987836822,
          1.2711499470882015,
          1.3022590467140045,
          0.056864999640034775,
          1.2687433971853308,
          1.5317064111303687
        ],
        [
          1.5473602556967068,
          0.9003082581527099,
          0.9384642527892934,
          0.7193089101440306,
          1.6042641977561982,
          0.9627735729960382,
          1.1186543942898024,
          1.2927572904410276,
          0.9964607888570446,
          0.4131554987836822,
          1.892380199817863,
          0.25342869742424423,
          1.2601409823580212,
          0.4216947663725663,
          1.0674461865887341,
          0.5914087468236108
        ],
        [
          1.1836086626041187,
          1.6204580505940704,
          0.9727429611240421,
          0.2800533966775314,
          0.6161890839153623,
          0.3879831614229703,
          0.7851451566707347,
          1.1295191415428623,
          1.5537071016871826,
          1.2711499470882015,
          0.25342869742424423,
          1.3362815918425888,
          0.9758709661904011,
          0.461207247980325,
          1.0368243511730588,
          1.5830802391358938
        ],
        [
          0.6469638415329501,
          1.4296335776103228,
          0.2786187041518694,
          0.17258596255697134,
          0.8959030954461931,
          1.6464772499575528,
          1.5386520942201416,
          1.4694130500601257,
          0.9569612836598194,
          1.3022590467140045,
          1.2601409823580212,
          0.9758709661904011,
          1.8222850257098495,
          1.138286074924936,
          0.8609176312142086,
          1.0742986723265457
        ],
        [
          0.8494733646338208,
          0.9415731607312812,
          1.6380687538591465,
          0.08411636953146795,
          1.1327991889404854,
          0.8786834658746803,
          1.015220587596363,
          0.6040981259079661,
          1.0046942760661786,
          0.056864999640034775,
          0.4216947663725663,
          0.461207247980325,
          1.138286074924936,
          1.2407767555668132,
          0.725866245883733,
          0.4137372266495737
        ],
        [
          0.745448201807725,
          0.43759290953766117,
          1.5382445796849784,
          0.40838739785181355,
          0.34083786085688594,
          1.1751676428301048,
          1.2015124643417812,
          1.782679900936957,
          0.8021388868682828,
          1.2687433971853308,
          1.0674461865887341,
          1.0368243511730588,
          0.8609176312142086,
          0.725866245883733,
          0.48359260647175484,
          0.9549287082506976
        ],
        [
          1.649940636290372,
          1.4994089577528757,
          1.199537768453661,
          1.375013338949902,
          0.990500269680648,
          1.4861082121793423,
          0.9916182469159741,
          1.4133254095871948,
          1.305768647064415,
          1.5317064111303687,
          0.5914087468236108,
          1.5830802391358938,
          1.0742986723265457,
          0.4137372266495737,
          0.9549287082506976,
          0.45143807699459493
        ]
      ],
      "b_vector": [
        0.24497888771249338,
        0.34706644237544887,
        0.34392987554756443,
        0.31938008119532935,
        0.07933902741995516,
        0.1796924769297338,
        0.2031874095912339,
        0.32622163877623633,
        0.4120889693082019,
        0.294762577853356,
        0.13827480268982187,
        0.024601603328951227,
        0.11504832633097715,
        0.07259575911383394,
        0.3156124035521125,
        0.13566200002887252
      ]
    }
  ],
  "shots": 3000,
  "backend": "sv1",
  "device_arn": "SV1",
  "aws_region": "eu-west-2",
  "ideal_preprocessing_list": [
    [
      [
        -2.511233842461744,
        -2.1604687084380982,
        -1.4919427869026067,
        -1.2789055031262364,
        -0.974131839334387,
        -0.2727749281563042,
        0.10378222575032878,
        0.3362236194967932,
        0.6858399681556343,
        1.0173104986219519,
        1.3047722988638413,
        1.632618734083218,
        1.9938542419579819,
        3.1020502183666374,
        3.324005363451638,
        16.488865590214875
      ],
      [
        0.04576499686684604,
        0.10609907127568007,
        0.181399629458254,
        0.06881596702347545,
        0.22869033189325877,
        0.0023810061215162326,
        0.13719004295904463,
        0.03233292311590032,
        0.07773996702762118,
        0.052037526837981005,
        0.09922035220991818,
        0.08721833653318224,
        0.028903534497278394,
        0.1907026075252061,
        0.08951823007625825,
        0.8974497706405897
      ]
    ]
  ],
  "probability_threshold": 0,
  "k_qubits": 7,
  "preprocessing_mode": "ideal",
  "projection_mode": "all_components",
  "projection_subset": null,
  "num_solution_qubits": 4,
  "num_projections": 16,
  "projector_basis_states": [
    0,
    1,
    2,
    3,
    4,
    5,
    6,
    7,
    8,
    9,
    10,
    11,
    12,
    13,
    14,
    15
  ],
  "enhanced_projection_results": [
    {
      "problem_index": 0,
      "projection_tasks": [
        {
          "basis_state": 0,
          "task_id": "arn:aws:braket:eu-west-2:380012739362:quantum-task/623c2143-75e5-4738-b753-93eedf27315f",
          "status": "DONE",
          "shots": 3000,
          "created_at": "2025-12-21 13:18:25.803000+00:00",
          "ended_at": "2025-12-21 13:18:33.518000+00:00",
          "execution_time_seconds": 7.715,
          "counts": {
            "011000000000": 110,
            "100000000000": 493,
            "000000000000": 239,
            "011100000000": 334,
            "110000000000": 22,
            "111000000000": 330,
            "000100000000": 338,
            "000100000001": 2,
            "001100000000": 263,
            "100100000000": 227,
            "111000000001": 4,
            "101000000000": 45,
            "010100000000": 135,
            "001000000000": 331,
            "010111000001": 1,
            "010000000000": 14,
            "111100000000": 59,
            "110000000001": 2,
            "110100000000": 19,
            "000011000000": 1,
            "000011000001": 1,
            "100111000000": 2,
            "000000000001": 4,
            "101100000000": 5,
            "110011000001": 1,
            "001011000001": 1,
            "011000000001": 1,
            "100111000001": 1,
            "010100000001": 2,
            "110011000000": 1,
            "110111000001": 1,
            "011011000001": 1,
            "000110111001": 1,
            "000110000000": 1,
            "001111000001": 1,
            "001000011111": 1,
            "101001011110": 1,
            "101000000001": 1,
            "100100000001": 1,
            "110100000001": 1,
            "001000000001": 1,
            "111100000001": 1
          },
          "component_probability": 0.16666666666666666,
          "success_rate": 0.01
        },
        {
          "basis_state": 1,
          "task_id": "arn:aws:braket:eu-west-2:380012739362:quantum-task/4bb8c1d1-ff5b-4a1c-8cb9-9a44aaf33c34",
          "status": "DONE",
          "shots": 3000,
          "created_at": "2025-12-21 13:18:30.632000+00:00",
          "ended_at": "2025-12-21 13:18:37.645000+00:00",
          "execution_time_seconds": 7.013,
          "counts": {
            "001100000000": 264,
            "000000000000": 211,
            "000100000000": 307,
            "100100000000": 235,
            "101100000000": 5,
            "011100000000": 312,
            "111000000000": 324,
            "110000000000": 37,
            "001000000000": 318,
            "100000000000": 535,
            "101000000000": 46,
            "010100000000": 159,
            "011000000000": 99,
            "001011000001": 2,
            "111100000000": 68,
            "001000000001": 2,
            "010100000001": 7,
            "110100000000": 19,
            "010000000000": 17,
            "101111000001": 1,
            "101100000001": 1,
            "000000000001": 7,
            "001010111000": 1,
            "000011000000": 2,
            "010111000001": 2,
            "001100000001": 1,
            "011011000001": 1,
            "001111000001": 1,
            "110010100000": 1,
            "000111000001": 1,
            "110100000001": 1,
            "011010000000": 1,
            "111100000001": 3,
            "111000000001": 2,
            "110000000001": 2,
            "000101000001": 1,
            "000010000000": 1,
            "100100000001": 3
          },
          "component_probability": 0.05263157894736842,
          "success_rate": 0.012666666666666666
        },
        {
          "basis_state": 2,
          "task_id": "arn:aws:braket:eu-west-2:380012739362:quantum-task/d9945082-de38-4f02-8436-f3729831b9ac",
          "status": "DONE",
          "shots": 3000,
          "created_at": "2025-12-21 13:18:35.558000+00:00",
          "ended_at": "2025-12-21 13:18:44.856000+00:00",
          "execution_time_seconds": 9.298,
          "counts": {
            "011000000000": 133,
            "000000000000": 217,
            "000100000000": 333,
            "100000000000": 482,
            "111000000000": 337,
            "011100000000": 321,
            "111100000000": 83,
            "001000000000": 327,
            "100100000000": 232,
            "001100000000": 284,
            "110000000000": 32,
            "110000000001": 1,
            "101000000000": 53,
            "111100000001": 4,
            "010100000000": 103,
            "010000000000": 14,
            "110100000000": 17,
            "100100000001": 1,
            "010111000001": 1,
            "101100000000": 4,
            "011000000001": 2,
            "001101000001": 1,
            "000000000001": 7,
            "010100000001": 4,
            "000100000001": 1,
            "110000100001": 1,
            "001000000001": 1,
            "110011000000": 1,
            "000111000001": 1,
            "100101110001": 1,
            "111000000001": 1
          },
          "component_probability": 0.037037037037037035,
          "success_rate": 0.009
        },
        {
          "basis_state": 3,
          "task_id": "arn:aws:braket:eu-west-2:380012739362:quantum-task/b74a10a5-c23a-44ec-ac78-000d23509ac6",
          "status": "DONE",
          "shots": 3000,
          "created_at": "2025-12-21 13:18:40.407000+00:00",
          "ended_at": "2025-12-21 13:18:48.027000+00:00",
          "execution_time_seconds": 7.62,
          "counts": {
            "001000000001": 6,
            "011100000000": 292,
            "001100000000": 300,
            "100000000000": 541,
            "111100000000": 75,
            "111000000000": 300,
            "011000000000": 102,
            "100100000000": 238,
            "000100000000": 314,
            "110000000000": 23,
            "001000000000": 332,
            "010100000000": 124,
            "000000000000": 211,
            "101000000000": 50,
            "100100000001": 3,
            "101000000001": 1,
            "110100000000": 19,
            "110000000001": 7,
            "000100000001": 5,
            "110100000001": 2,
            "010000000000": 17,
            "001011000001": 2,
            "000000000001": 7,
            "111111001000": 1,
            "011011000000": 1,
            "111000000001": 2,
            "111100000001": 4,
            "011000000001": 1,
            "010100000001": 11,
            "101100000000": 2,
            "010111000001": 2,
            "010111000000": 1,
            "001000011011": 1,
            "010100100001": 1,
            "001111100000": 1,
            "111110000000": 1
          },
          "component_probability": 0.0,
          "success_rate": 0.018333333333333333
        },
        {
          "basis_state": 4,
          "task_id": "arn:aws:braket:eu-west-2:380012739362:quantum-task/d6108426-89ab-407b-9432-f506b18b3d7f",
          "status": "DONE",
          "shots": 3000,
          "created_at": "2025-12-21 13:18:45.661000+00:00",
          "ended_at": "2025-12-21 13:18:54.739000+00:00",
          "execution_time_seconds": 9.078,
          "counts": {
            "111000000000": 332,
            "100000000000": 537,
            "010000000000": 21,
            "011100000000": 341,
            "000100000000": 307,
            "001100000000": 250,
            "000000000000": 212,
            "001000000000": 305,
            "011000000000": 107,
            "100100000000": 245,
            "111100000000": 65,
            "010100000000": 145,
            "100100000001": 1,
            "110000000000": 28,
            "110000000001": 2,
            "111111000001": 1,
            "000000000001": 9,
            "110100000000": 17,
            "110010100001": 1,
            "101000000000": 43,
            "010100000001": 5,
            "011000000001": 2,
            "110011000001": 1,
            "101100000000": 3,
            "111100000001": 3,
            "111000000001": 1,
            "010111000000": 1,
            "000011000001": 1,
            "000110011011": 1,
            "101111000000": 1,
            "100000111000": 1,
            "001100000001": 1,
            "001000000001": 1,
            "111110010001": 1,
            "001011000001": 1,
            "000011111001": 1,
            "101110000000": 1,
            "000011000000": 1,
            "100101000001": 1,
            "010111000001": 1,
            "110110100000": 1,
            "110011000000": 1
          },
          "component_probability": 0.0,
          "success_rate": 0.011666666666666667
        },
        {
          "basis_state": 5,
          "task_id": "arn:aws:braket:eu-west-2:380012739362:quantum-task/31c564c5-c151-4e8e-ae87-1a43e1b3a4e6",
          "status": "DONE",
          "shots": 3000,
          "created_at": "2025-12-21 13:18:50.810000+00:00",
          "ended_at": "2025-12-21 13:18:58.105000+00:00",
          "execution_time_seconds": 7.295,
          "counts": {
            "011100000000": 313,
            "001000000000": 306,
            "000100000000": 313,
            "000000000000": 218,
            "100100000000": 231,
            "111000000000": 335,
            "010100000000": 131,
            "001100000000": 283,
            "011000000000": 109,
            "101000000000": 53,
            "100000000000": 516,
            "110100000000": 18,
            "111100000000": 76,
            "010100000001": 3,
            "000000000001": 7,
            "110000000000": 37,
            "111001000001": 1,
            "111100000001": 1,
            "101100000000": 4,
            "010110010001": 1,
            "000111000001": 1,
            "001100000001": 1,
            "000100111000": 1,
            "010000000000": 21,
            "010111100000": 1,
            "100100000001": 5,
            "110100000001": 1,
            "001111000001": 1,
            "100001010000": 1,
            "000011000001": 1,
            "111111000000": 1,
            "111000000001": 1,
            "101100000001": 1,
            "001110100001": 1,
            "010111000001": 1,
            "110000000001": 1,
            "110111000000": 2,
            "000100000001": 2
          },
          "component_probability": 0.16666666666666666,
          "success_rate": 0.01
        },
        {
          "basis_state": 6,
          "task_id": "arn:aws:braket:eu-west-2:380012739362:quantum-task/cfc688ed-41ac-414a-acc2-f277de459a21",
          "status": "DONE",
          "shots": 3000,
          "created_at": "2025-12-21 13:18:55.608000+00:00",
          "ended_at": "2025-12-21 13:19:04.716000+00:00",
          "execution_time_seconds": 9.108,
          "counts": {
            "000000000000": 213,
            "000000000001": 8,
            "100000000000": 513,
            "011100000000": 352,
            "111100000000": 72,
            "100100000000": 218,
            "001100000000": 273,
            "000100000000": 324,
            "001000000000": 308,
            "010000000000": 20,
            "111000000000": 303,
            "101000000000": 60,
            "011000000000": 109,
            "010100000000": 144,
            "010100000001": 10,
            "101100000000": 4,
            "010000000001": 1,
            "110000000000": 23,
            "101000000001": 1,
            "110100000000": 20,
            "101100000001": 1,
            "000111000000": 1,
            "000011000001": 2,
            "000100000001": 2,
            "100100000001": 2,
            "110100000001": 1,
            "011000000001": 2,
            "100010111001": 1,
            "010111000000": 1,
            "100110100001": 1,
            "001000000001": 3,
            "010011000001": 1,
            "110011010001": 1,
            "111100000001": 3,
            "100111000001": 1,
            "011010100000": 1
          },
          "component_probability": 0.04878048780487805,
          "success_rate": 0.013666666666666667
        },
        {
          "basis_state": 7,
          "task_id": "arn:aws:braket:eu-west-2:380012739362:quantum-task/49e42e8b-9ba4-41b7-abff-834cf8ff8c9c",
          "status": "DONE",
          "shots": 3000,
          "created_at": "2025-12-21 13:19:00.332000+00:00",
          "ended_at": "2025-12-21 13:19:09.335000+00:00",
          "execution_time_seconds": 9.003,
          "counts": {
            "100000000000": 501,
            "001000000000": 343,
            "111000000000": 300,
            "001100000000": 301,
            "110000000000": 33,
            "111100000000": 66,
            "000100000000": 326,
            "011000000000": 122,
            "101000000000": 51,
            "011100000000": 325,
            "010100000000": 132,
            "000000000000": 218,
            "101100000000": 5,
            "100100000000": 210,
            "110100000000": 20,
            "001011000001": 1,
            "010000000000": 17,
            "111000000001": 3,
            "001000000001": 2,
            "101000000001": 2,
            "110000000001": 2,
            "100100000001": 1,
            "100010100001": 1,
            "000000000001": 7,
            "010100000001": 4,
            "000111000001": 1,
            "110100000001": 1,
            "110111000001": 1,
            "000010000000": 1,
            "100111000000": 1,
            "000011000001": 1,
            "100001010001": 1
          },
          "component_probability": 0.0,
          "success_rate": 0.009333333333333334
        },
        {
          "basis_state": 8,
          "task_id": "arn:aws:braket:eu-west-2:380012739362:quantum-task/8a6924b0-08ac-4ea7-83f8-72fed1c77314",
          "status": "DONE",
          "shots": 3000,
          "created_at": "2025-12-21 13:19:05.107000+00:00",
          "ended_at": "2025-12-21 13:19:11.721000+00:00",
          "execution_time_seconds": 6.614,
          "counts": {
            "001000000000": 335,
            "011100000000": 371,
            "111000000000": 295,
            "000000000000": 221,
            "011000000000": 120,
            "100100000000": 206,
            "111100000000": 64,
            "001100000000": 274,
            "101000000000": 55,
            "000100000000": 293,
            "111000000001": 2,
            "100000000000": 532,
            "110000000000": 33,
            "010100000000": 128,
            "010000000000": 16,
            "010110000000": 1,
            "110100000000": 14,
            "111111010100": 1,
            "000000000001": 7,
            "101100000000": 1,
            "010111000001": 1,
            "010100000001": 6,
            "000010100000": 1,
            "001110010001": 1,
            "010111000000": 3,
            "110000000001": 1,
            "001000000001": 3,
            "001100000001": 2,
            "110101000001": 1,
            "101000000001": 1,
            "100100000001": 2,
            "111100000001": 3,
            "111010000000": 1,
            "000100000001": 1,
            "000110000000": 1,
            "100110100000": 1,
            "101100000001": 1,
            "110100000001": 1
          },
          "component_probability": 0.0,
          "success_rate": 0.011
        },
        {
          "basis_state": 9,
          "task_id": "arn:aws:braket:eu-west-2:380012739362:quantum-task/1c2f9bd8-e373-4a39-9e02-c7ab633c3f10",
          "status": "DONE",
          "shots": 3000,
          "created_at": "2025-12-21 13:19:10.919000+00:00",
          "ended_at": "2025-12-21 13:19:18.706000+00:00",
          "execution_time_seconds": 7.787,
          "counts": {
            "001100000000": 307,
            "111100000000": 56,
            "000100000000": 310,
            "000000000000": 215,
            "100000000000": 500,
            "110000000000": 30,
            "001000000000": 333,
            "100100000000": 251,
            "111000000000": 316,
            "010100000000": 119,
            "011100000000": 291,
            "011000000000": 117,
            "011000000001": 3,
            "110000000001": 6,
            "101100000000": 7,
            "110100000000": 17,
            "100100000001": 4,
            "010100000001": 5,
            "000111000001": 3,
            "010000000000": 18,
            "000010100001": 2,
            "101000000000": 59,
            "101100000001": 2,
            "000110100000": 1,
            "111100000001": 2,
            "010111010001": 1,
            "001100000001": 2,
            "101010001001": 1,
            "111000000001": 2,
            "000011000000": 2,
            "111110000000": 1,
            "111110010111": 1,
            "001110010001": 1,
            "000000000001": 5,
            "000110000000": 1,
            "001011000001": 1,
            "010111000001": 2,
            "111001000001": 1,
            "000010000000": 1,
            "000100000001": 1,
            "101000000001": 1,
            "000100011110": 1,
            "110011000001": 1
          },
          "component_probability": 0.0851063829787234,
          "success_rate": 0.015666666666666666
        },
        {
          "basis_state": 10,
          "task_id": "arn:aws:braket:eu-west-2:380012739362:quantum-task/0648f065-d2bb-46d9-b62c-6db71c0e5ed8",
          "status": "DONE",
          "shots": 3000,
          "created_at": "2025-12-21 13:19:16.930000+00:00",
          "ended_at": "2025-12-21 13:19:24.461000+00:00",
          "execution_time_seconds": 7.531,
          "counts": {
            "010100000000": 127,
            "100000000000": 521,
            "000000000000": 222,
            "000100000000": 292,
            "001000000000": 331,
            "110100000000": 23,
            "111000000000": 304,
            "001100000000": 283,
            "011000000000": 126,
            "101000000000": 59,
            "011100000000": 307,
            "110000000000": 28,
            "100100000000": 231,
            "111100000000": 81,
            "000000000001": 6,
            "010000000000": 18,
            "101111100001": 1,
            "100100000001": 3,
            "010111000001": 2,
            "101000000001": 1,
            "011000000001": 3,
            "101111000001": 3,
            "101100000001": 2,
            "001000000001": 2,
            "101100000000": 3,
            "010100000001": 5,
            "001100000001": 2,
            "100000010001": 1,
            "011111111101": 1,
            "111100000001": 1,
            "011011000000": 1,
            "110100000001": 1,
            "010100010101": 1,
            "111111000001": 1,
            "011010000000": 1,
            "010111000000": 1,
            "111000000001": 3,
            "100111000001": 2
          },
          "component_probability": 0.024390243902439025,
          "success_rate": 0.013666666666666667
        },
        {
          "basis_state": 11,
          "task_id": "arn:aws:braket:eu-west-2:380012739362:quantum-task/ffbfd700-58f0-4c24-adce-062900212f32",
          "status": "DONE",
          "shots": 3000,
          "created_at": "2025-12-21 13:19:22.454000+00:00",
          "ended_at": "2025-12-21 13:19:28.954000+00:00",
          "execution_time_seconds": 6.5,
          "counts": {
            "000100000000": 310,
            "111000000000": 347,
            "100000000000": 535,
            "010100000000": 140,
            "100100000000": 250,
            "001100000000": 260,
            "000000000000": 208,
            "001000000000": 301,
            "011000000000": 102,
            "011100000000": 303,
            "110100000000": 14,
            "101000000000": 63,
            "010000000000": 16,
            "111100000000": 63,
            "000110010001": 1,
            "001101000001": 1,
            "110000000000": 31,
            "101100000000": 6,
            "000000000001": 12,
            "010100000001": 6,
            "000111000001": 1,
            "101111000001": 2,
            "100100000001": 2,
            "110000000001": 3,
            "101100000001": 1,
            "001100000001": 2,
            "010101000001": 1,
            "110100000001": 1,
            "100111100001": 1,
            "111100000001": 5,
            "101000000001": 2,
            "001011000000": 2,
            "111000000001": 1,
            "001000000001": 1,
            "000100000001": 2,
            "000101100001": 1,
            "111111000001": 1,
            "000011000001": 1,
            "100011000001": 1
          },
          "component_probability": 0.061224489795918366,
          "success_rate": 0.01633333333333333
        },
        {
          "basis_state": 12,
          "task_id": "arn:aws:braket:eu-west-2:380012739362:quantum-task/222e57d4-74b5-46d0-8d7d-930529ea6876",
          "status": "DONE",
          "shots": 3000,
          "created_at": "2025-12-21 13:19:28.646000+00:00",
          "ended_at": "2025-12-21 13:19:36.383000+00:00",
          "execution_time_seconds": 7.737,
          "counts": {
            "001100000000": 287,
            "011100000000": 321,
            "100100000000": 218,
            "000100000000": 319,
            "011000000000": 120,
            "010100000000": 123,
            "111000000000": 311,
            "000000000000": 239,
            "010100000001": 3,
            "100000000000": 511,
            "001000000000": 317,
            "111100000000": 72,
            "101000000000": 49,
            "110100000000": 26,
            "110100000001": 1,
            "010000000000": 19,
            "110000000000": 22,
            "111000000001": 4,
            "001000000001": 4,
            "001111000001": 2,
            "111100000001": 3,
            "000000000001": 5,
            "001010100001": 1,
            "011001000001": 1,
            "100100000001": 2,
            "101100000000": 4,
            "011000000001": 2,
            "110000000001": 2,
            "000011000001": 1,
            "101100000001": 1,
            "000100000001": 2,
            "111010000000": 1,
            "011010011101": 1,
            "001011000000": 1,
            "011111000001": 1,
            "101100010001": 1,
            "101000000001": 1,
            "111110000000": 1,
            "000111000000": 1
          },
          "component_probability": 0.05263157894736842,
          "success_rate": 0.012666666666666666
        },
        {
          "basis_state": 13,
          "task_id": "arn:aws:braket:eu-west-2:380012739362:quantum-task/582beb2c-c85f-41ad-a4b5-83d51e0c4f0f",
          "status": "DONE",
          "shots": 3000,
          "created_at": "2025-12-21 13:19:35.011000+00:00",
          "ended_at": "2025-12-21 13:19:44.483000+00:00",
          "execution_time_seconds": 9.472,
          "counts": {
            "001000000000": 314,
            "100000000000": 538,
            "111000000000": 318,
            "000100000000": 314,
            "111100000000": 75,
            "011100000000": 314,
            "100100000000": 212,
            "010100000000": 116,
            "110000000000": 30,
            "011000000000": 106,
            "001100000000": 291,
            "101000000000": 55,
            "000000000000": 224,
            "010000000000": 18,
            "010111000001": 1,
            "111000000001": 2,
            "010111000000": 1,
            "001011000001": 1,
            "101100000000": 9,
            "110100000000": 21,
            "010100000001": 11,
            "101000000001": 5,
            "100100000001": 3,
            "111100000001": 1,
            "011011000001": 2,
            "001100000001": 3,
            "001000000001": 2,
            "010110100001": 1,
            "000010000000": 1,
            "010101010000": 1,
            "000100000001": 2,
            "000110010001": 1,
            "010110000000": 1,
            "000000000001": 4,
            "111110000000": 1,
            "100111000001": 1
          },
          "component_probability": 0.0,
          "success_rate": 0.013333333333333334
        },
        {
          "basis_state": 14,
          "task_id": "arn:aws:braket:eu-west-2:380012739362:quantum-task/db282e49-6ae2-456c-98ca-734d9bf3a7c6",
          "status": "DONE",
          "shots": 3000,
          "created_at": "2025-12-21 13:19:41.573000+00:00",
          "ended_at": "2025-12-21 13:19:49.904000+00:00",
          "execution_time_seconds": 8.331,
          "counts": {
            "001100000000": 249,
            "111100000000": 79,
            "100100000000": 203,
            "100000000000": 539,
            "111000000000": 325,
            "011100000000": 323,
            "101000000000": 36,
            "010100000000": 148,
            "001000000000": 305,
            "000100000000": 327,
            "000000000000": 245,
            "110000000000": 30,
            "011000000000": 102,
            "010000000000": 21,
            "010100000001": 6,
            "111000000001": 1,
            "011011000001": 1,
            "110100000000": 17,
            "101100000000": 6,
            "000000000001": 12,
            "111111000001": 1,
            "100010111001": 1,
            "010111000001": 1,
            "001011011101": 1,
            "000100000001": 2,
            "100111000001": 1,
            "001100000001": 2,
            "100100000001": 2,
            "110100000001": 1,
            "111100000001": 3,
            "001000000001": 2,
            "011000000001": 2,
            "101100000001": 1,
            "010100100001": 1,
            "010000000001": 1,
            "111010100001": 1,
            "011010100001": 1,
            "110000000001": 1
          },
          "component_probability": 0.044444444444444446,
          "success_rate": 0.015
        },
        {
          "basis_state": 15,
          "task_id": "arn:aws:braket:eu-west-2:380012739362:quantum-task/ddd57fc2-cdb9-4c41-a188-4fe7d7a8194e",
          "status": "DONE",
          "shots": 3000,
          "created_at": "2025-12-21 13:19:48.061000+00:00",
          "ended_at": "2025-12-21 13:19:57.399000+00:00",
          "execution_time_seconds": 9.338,
          "counts": {
            "100100000000": 247,
            "111000000000": 327,
            "000000000000": 223,
            "100000000000": 493,
            "000000000001": 5,
            "011100000000": 334,
            "001000000000": 306,
            "000100000000": 322,
            "011000000000": 105,
            "101000000000": 60,
            "001100000000": 283,
            "010100000000": 115,
            "110100000000": 17,
            "010000000000": 12,
            "111100000000": 86,
            "001110000000": 1,
            "110000000000": 24,
            "111110100001": 1,
            "101110000000": 1,
            "000100000001": 2,
            "111111100001": 1,
            "010100000001": 7,
            "010111000000": 1,
            "100100000001": 2,
            "111100000001": 3,
            "011000000001": 3,
            "001100000001": 1,
            "010110000000": 1,
            "101000000001": 1,
            "111000000001": 2,
            "000101100000": 1,
            "101100000000": 3,
            "000111000000": 1,
            "110000000001": 2,
            "110111000000": 1,
            "001000000001": 2,
            "000010100000": 1,
            "000001000001": 1,
            "000110010000": 1,
            "101111000001": 1
          },
          "component_probability": 0.14705882352941177,
          "success_rate": 0.011333333333333334
        }
      ],
      "depth": 13346,
      "num_projections": 16,
      "ideal_solution": [
        {
          "real": -0.46796994101504125,
          "imag": 0.0
        },
        {
          "real": 0.22194027188979273,
          "imag": 0.0
        },
        {
          "real": 0.29192516202708013,
          "imag": 0.0
        },
        {
          "real": 0.2470752123610895,
          "imag": 0.0
        },
        {
          "real": 0.035231822028920175,
          "imag": 0.0
        },
        {
          "real": -0.4586996129497773,
          "imag": 0.0
        },
        {
          "real": 0.21359939004994602,
          "imag": 0.0
        },
        {
          "real": -0.038828264625330754,
          "imag": 0.0
        },
        {
          "real": 0.011247431120966891,
          "imag": 0.0
        },
        {
          "real": 0.31334682988597007,
          "imag": 0.0
        },
        {
          "real": 0.195383872454544,
          "imag": 0.0
        },
        {
          "real": -0.10880652173877645,
          "imag": 0.0
        },
        {
          "real": 0.24024770703881804,
          "imag": 0.0
        },
        {
          "real": -0.1435856866219563,
          "imag": 0.0
        },
        {
          "real": -0.19393224042740614,
          "imag": 0.0
        },
        {
          "real": -0.24985847624773194,
          "imag": 0.0
        }
      ],
      "reconstructed_solution_probabilities": [
        0.18797591727490107,
        0.0593608159815477,
        0.04177242606108912,
        0.0,
        0.0,
        0.18797591727490107,
        0.05501734164143446,
        0.0,
        0.0,
        0.09598770243824735,
        0.02750867082071723,
        0.06905237777445346,
        0.0593608159815477,
        0.0,
        0.05012691127330696,
        0.16586110347785388
      ],
      "fidelity": 0.8600670797321217,
      "metadata": {
        "measured_components": [
          0,
          1,
          2,
          3,
          4,
          5,
          6,
          7,
          8,
          9,
          10,
          11,
          12,
          13,
          14,
          15
        ],
        "success_rates": [
          0.01,
          0.012666666666666666,
          0.009,
          0.018333333333333333,
          0.011666666666666667,
          0.01,
          0.013666666666666667,
          0.009333333333333334,
          0.011,
          0.015666666666666666,
          0.013666666666666667,
          0.01633333333333333,
          0.012666666666666666,
          0.013333333333333334,
          0.015,
          0.011333333333333334
        ],
        "raw_probabilities": [
          0.16666666666666666,
