{
  "problem_list": [
    {
      "A_matrix": [
        [
          0.10866591741603693,
          0.9915257506547672,
          1.2773932925495148,
          0.7295562330072898,
          1.1850747958876149,
          0.9476371132325473,
          0.17881197000786297,
          0.8470994328093557,
          1.6255027042353891,
          1.5417035219956556,
          0.43679041228009585,
          0.6958606002526582,
          1.2596474044158765,
          0.6831432959426476,
          0.955805609742175,
          1.8261576024371862
        ],
        [
          0.9915257506547672,
          0.737805655208223,
          1.2625440489241924,
          1.2946827375894565,
          1.591307361963878,
          0.7116411545055488,
          0.5439940115601343,
          0.1739615042941487,
          0.7624410161313494,
          0.7704820099202117,
          1.3340499101924919,
          1.1014759504439977,
          1.4935550483076896,
          1.0215013487012612,
          1.0086785100331532,
          1.8435033487752228
        ],
        [
          1.2773932925495148,
          1.2625440489241924,
          1.3728423522624071,
          1.3982802489280022,
          0.563318809870665,
          0.7798688877032551,
          0.38958386055249805,
          0.8655324287240259,
          1.2251250851474818,
          1.0727807577300368,
          1.2668318619048053,
          0.9764880726877643,
          1.0763022469188175,
          1.0709044743251104,
          0.7116229972965633,
          0.5892395450125067
        ],
        [
          0.7295562330072898,
          1.2946827375894565,
          1.3982802489280022,
          0.85850474012626,
          0.1743603576624796,
          0.7560275385108355,
          0.6090281201758927,
          1.0187752372728376,
          1.4589683223160814,
          0.4499967516704223,
          1.3426554473343773,
          1.6008791404730296,
          0.9386410884853245,
          1.0187375711114681,
          0.9762218164307688,
          1.235140937591758
        ],
        [
          1.1850747958876149,
          1.591307361963878,
          0.563318809870665,
          0.1743603576624796,
          0.7008295883232027,
          1.1943999554190374,
          1.2522511299419197,
          1.3280965391929866,
          0.8844645668988939,
          0.25637470875091695,
          0.7038128480627234,
          1.4088025616619944,
          1.6592070469626292,
          0.9525951670454644,
          1.0314741373217968,
          1.5542590228532411
        ],
        [
          0.9476371132325473,
          0.7116411545055488,
          0.7798688877032551,
          0.7560275385108355,
          1.1943999554190374,
          0.7784760325405047,
          0.9568747643902762,
          0.6793983787235169,
          0.7959383247944006,
          1.223563688346124,
          0.7068160079931886,
          1.3515981093978608,
          1.9027044547012717,
          1.2050508760918142,
          1.5053724407483537,
          0.6150898502827876
        ],
        [
          0.17881197000786297,
          0.5439940115601343,
          0.38958386055249805,
          0.6090281201758927,
          1.2522511299419197,
          0.9568747643902762,
          1.2413366788803495,
          0.5439986746389809,
          0.8947994423280308,
          0.8729463386236864,
          1.0573890162258053,
          0.7226582071045122,
          0.6503353244023676,
          1.754318008295994,
          0.6994858237384782,
          1.5076691497159618
        ],
        [
          0.8470994328093557,
          0.1739615042941487,
          0.8655324287240259,
          1.0187752372728376,
          1.3280965391929866,
          0.6793983787235169,
          0.5439986746389809,
          0.5405191932844808,
          0.7505659849672339,
          0.911406469583155,
          0.6187599373191535,
          0.09809648821741324,
          1.1853393537584331,
          1.1382070727847846,
          0.6551350291290199,
          0.5951157705123983
        ],
        [
          1.6255027042353891,
          0.7624410161313494,
          1.2251250851474818,
          1.4589683223160814,
          0.8844645668988939,
          0.7959383247944006,
          0.8947994423280308,
          0.7505659849672339,
          0.5960307885872866,
          0.7386741219696112,
          1.0016426660901159,
          0.7477813469769556,
          1.0042534468461373,
          0.8590020808969379,
          0.8874471233172933,
          1.1127556671971606
        ],
        [
          1.5417035219956556,
          0.7704820099202117,
          1.0727807577300368,
          0.4499967516704223,
          0.25637470875091695,
          1.223563688346124,
          0.8729463386236864,
          0.911406469583155,
          0.7386741219696112,
          1.6828670683521594,
          0.8536486028520934,
          1.3828268770338226,
          1.3879026656720779,
          0.7704869517576532,
          0.6258861576313072,
          0.6115215040391436
        ],
        [
          0.43679041228009585,
          1.3340499101924919,
          1.2668318619048053,
          1.3426554473343773,
          0.7038128480627234,
          0.7068160079931886,
          1.0573890162258053,
          0.6187599373191535,
          1.0016426660901159,
          0.8536486028520934,
          0.5120456482675633,
          1.5835556371576556,
          1.2850589206352265,
          0.9482356740016142,
          0.7103539922327241,
          1.014358092621006
        ],
        [
          0.6958606002526582,
          1.1014759504439977,
          0.9764880726877643,
          1.6008791404730296,
          1.4088025616619944,
          1.3515981093978608,
          0.7226582071045122,
          0.09809648821741324,
          0.7477813469769556,
          1.3828268770338226,
          1.5835556371576556,
          1.4481553869877584,
          0.55884815921895,
          0.6478203886791856,
          1.1432284856795758,
          0.41512809755126845
        ],
        [
          1.2596474044158765,
          1.4935550483076896,
          1.0763022469188175,
          0.9386410884853245,
          1.6592070469626292,
          1.9027044547012717,
          0.6503353244023676,
          1.1853393537584331,
          1.0042534468461373,
          1.3879026656720779,
          1.2850589206352265,
          0.55884815921895,
          0.8513956718582552,
          1.687761970636371,
          0.6810307268813635,
          0.971224990519475
        ],
        [
          0.6831432959426476,
          1.0215013487012612,
          1.0709044743251104,
          1.0187375711114681,
          0.9525951670454644,
          1.2050508760918142,
          1.754318008295994,
          1.1382070727847846,
          0.8590020808969379,
          0.7704869517576532,
          0.9482356740016142,
          0.6478203886791856,
          1.687761970636371,
          0.48734062022857905,
          1.0020682381685657,
          1.820037187430918
        ],
        [
          0.955805609742175,
          1.0086785100331532,
          0.7116229972965633,
          0.9762218164307688,
          1.0314741373217968,
          1.5053724407483537,
          0.6994858237384782,
          0.6551350291290199,
          0.8874471233172933,
          0.6258861576313072,
          0.7103539922327241,
          1.1432284856795758,
          0.6810307268813635,
          1.0020682381685657,
          1.4225330491520685,
          1.0827696749583229
        ],
        [
          1.8261576024371862,
          1.8435033487752228,
          0.5892395450125067,
          1.235140937591758,
          1.5542590228532411,
          0.6150898502827876,
          1.5076691497159618,
          0.5951157705123983,
          1.1127556671971606,
          0.6115215040391436,
          1.014358092621006,
          0.41512809755126845,
          0.971224990519475,
          1.820037187430918,
          1.0827696749583229,
          1.6018290431881557
        ]
      ],
      "b_vector": [
        0.023930311953767585,
        0.0008224459013801081,
        0.2024783583487358,
        0.34758501664869856,
        0.2492834518013728,
        0.37845585042210256,
        0.11897219210483084,
        0.0996056109155901,
        0.3082885148972949,
        0.24175269053936305,
        0.32065707111547676,
        0.044279845030418104,
        0.1516732577258439,
        0.10586916399057433,
        0.4286229740173832,
        0.36327477133958064
      ]
    }
  ],
  "shots": 3000,
  "backend": "sv1",
  "device_arn": "SV1",
  "aws_region": "eu-west-2",
  "ideal_preprocessing_list": [
    [
      [
        -2.5787898601896546,
        -2.2122221753188755,
        -1.8463116810907747,
        -1.376965361286887,
        -1.1333909931684234,
        -0.6977705731947439,
        -0.22692759386565506,
        -0.1797069803697493,
        0.1712878593705514,
        0.7862680476412152,
        0.9013247093780873,
        1.1974070299945079,
        1.70899535479133,
        1.9159074089242605,
        2.5520999109889324,
        15.959972332059166
      ],
      [
        0.1724648852582104,
        0.29272740814155496,
        0.016665797203174473,
        0.20035479762087655,
        0.09356374080651822,
        0.13166193690208355,
        0.06803451394478234,
        0.05501392996588711,
        0.06453550655353418,
        0.22737497426121167,
        0.16670115570824956,
        0.05043531891657384,
        0.06142815841795924,
        0.0404098624281411,
        0.014241582713010442,
        0.8477004552361785
      ]
    ]
  ],
  "probability_threshold": 0,
  "k_qubits": 7,
  "preprocessing_mode": "ideal",
  "projection_mode": "all_components",
  "projection_subset": null,
  "num_solution_qubits": 4,
  "num_projections": 16,
  "projector_basis_states": [
    0,
    1,
    2,
    3,
    4,
    5,
    6,
    7,
    8,
    9,
    10,
    11,
    12,
    13,
    14,
    15
  ],
  "enhanced_projection_results": [
    {
      "problem_index": 0,
      "projection_tasks": [
        {
          "basis_state": 0,
          "task_id": "arn:aws:braket:eu-west-2:380012739362:quantum-task/fe0d429e-82ad-4285-ab33-36aeaad0f015",
          "shots": 3000,
          "projector_index": 0
        },
        {
          "basis_state": 1,
          "task_id": "arn:aws:braket:eu-west-2:380012739362:quantum-task/6bd9c7ca-f568-447b-a057-0cb86e4440aa",
          "shots": 3000,
          "projector_index": 1
        },
        {
          "basis_state": 2,
          "task_id": "arn:aws:braket:eu-west-2:380012739362:quantum-task/7dae12b5-891e-4d08-a0e3-b8ef98c1686a",
          "shots": 3000,
          "projector_index": 2
        },
        {
          "basis_state": 3,
          "task_id": "arn:aws:braket:eu-west-2:380012739362:quantum-task/1e90573c-d548-4ab0-bdb9-b4894c333e20",
          "shots": 3000,
          "projector_index": 3
        },
        {
          "basis_state": 4,
          "task_id": "arn:aws:braket:eu-west-2:380012739362:quantum-task/45db42fa-e7aa-4176-84c9-a072579b4311",
          "shots": 3000,
          "projector_index": 4
        },
        {
          "basis_state": 5,
          "task_id": "arn:aws:braket:eu-west-2:380012739362:quantum-task/bacdba3a-63ed-4244-bcd9-3bdaeb2c7aa4",
          "shots": 3000,
          "projector_index": 5
        },
        {
          "basis_state": 6,
          "task_id": "arn:aws:braket:eu-west-2:380012739362:quantum-task/b4fac252-82f7-488b-9078-64bade698058",
          "shots": 3000,
          "projector_index": 6
        },
        {
          "basis_state": 7,
          "task_id": "arn:aws:braket:eu-west-2:380012739362:quantum-task/386278d9-29ed-4a14-bfb4-c15c9be73899",
          "shots": 3000,
          "projector_index": 7
        },
        {
          "basis_state": 8,
          "task_id": "arn:aws:braket:eu-west-2:380012739362:quantum-task/5d1f405c-060e-4805-903f-7ec12c97a961",
          "shots": 3000,
          "projector_index": 8
        },
        {
          "basis_state": 9,
          "task_id": "arn:aws:braket:eu-west-2:380012739362:quantum-task/796f0cbf-ec8c-4519-bf1c-3bc19ea8b143",
          "shots": 3000,
          "projector_index": 9
        },
        {
          "basis_state": 10,
          "task_id": "arn:aws:braket:eu-west-2:380012739362:quantum-task/61f44356-d626-47d9-a11b-e3e9cc5d46c5",
          "shots": 3000,
          "projector_index": 10
        },
        {
          "basis_state": 11,
          "task_id": "arn:aws:braket:eu-west-2:380012739362:quantum-task/9914095e-d9a5-47ae-9b0f-1bee2baf0237",
          "shots": 3000,
          "projector_index": 11
        },
        {
          "basis_state": 12,
          "task_id": "arn:aws:braket:eu-west-2:380012739362:quantum-task/0cf76e36-97c3-4aec-b9f7-164ee4ec40ea",
          "shots": 3000,
          "projector_index": 12
        },
        {
          "basis_state": 13,
          "task_id": "arn:aws:braket:eu-west-2:380012739362:quantum-task/191ee6fd-1e9d-4ea1-bf7f-9d3d8a0f8360",
          "shots": 3000,
          "projector_index": 13
        },
        {
          "basis_state": 14,
          "task_id": "arn:aws:braket:eu-west-2:380012739362:quantum-task/178bafcb-3c5b-4966-b27f-ab219ca2473f",
          "shots": 3000,
          "projector_index": 14
        },
        {
          "basis_state": 15,
          "task_id": "arn:aws:braket:eu-west-2:380012739362:quantum-task/9bb91306-af4b-4a8a-97e6-ef8e8422d958",
          "shots": 3000,
          "projector_index": 15
        }
      ],
      "depth": 13344,
      "num_projections": 16,
      "ideal_solution": [
        {
          "real": 0.047230660008707334,
          "imag": 0.0
        },
        {
          "real": 0.084874425921077,
          "imag": 0.0
        },
        {
          "real": 0.46534994083555953,
          "imag": 0.0
        },
        {
          "real": -0.09722876684616172,
          "imag": 0.0
        },
        {
          "real": -0.2596816969801134,
          "imag": 0.0
        },
        {
          "real": -0.01166935595920116,
          "imag": 0.0
        },
        {
          "real": 0.15283180169989752,
          "imag": 0.0
        },
        {
          "real": -0.027934750121931647,
          "imag": 0.0
        },
        {
          "real": -0.23859707950970413,
          "imag": 0.0
        },
        {
          "real": -0.0480500460156852,
          "imag": 0.0
        },
        {
          "real": -0.3315689105921582,
          "imag": 0.0
        },
        {
          "real": -0.03363858712969037,
          "imag": 0.0
        },
        {
          "real": -0.2066694123408069,
          "imag": 0.0
        },
        {
          "real": 0.37473693601624597,
          "imag": 0.0
        },
        {
          "real": 0.557996913976235,
          "imag": 0.0
        },
        {
          "real": -0.08969662783113751,
          "imag": 0.0
        }
      ]
    }
  ]
}