{
  "problem_list": [
    {
      "A_matrix": [
        [
          0.024458279911202085,
          1.3925959087811002,
          0.7834962281678067,
          1.546664715712891,
          1.0201878931341166,
          0.937608751757332,
          1.008643931385584,
          0.3502041460635935,
          0.6651039624705464,
          1.7373151391975226,
          1.7521855551650267,
          1.4895002837159668,
          1.6544594707335731,
          0.4177456009972865,
          1.0522644697253498,
          0.11591250735088265
        ],
        [
          1.3925959087811002,
          1.8570095367331532,
          1.715021544728191,
          1.0757213176351992,
          1.4604004621658446,
          1.1463863558540455,
          0.6544118933695537,
          0.9625825878110318,
          1.2839256579562925,
          1.2793490705907336,
          0.7266870607325923,
          1.5396282564469912,
          0.8839323076179737,
          0.5884839204065263,
          1.4086485471203383,
          0.816602747486436
        ],
        [
          0.7834962281678067,
          1.715021544728191,
          1.4448116737959535,
          0.4055763733139891,
          0.9208544734496745,
          0.6323534316675657,
          0.6614570516697766,
          0.486028334011978,
          1.4710937162574895,
          0.9986277510501532,
          0.20921139768384445,
          1.1720895341026663,
          1.229849888122906,
          0.2222505139235358,
          0.45121621913564114,
          1.1178771748884455
        ],
        [
          1.546664715712891,
          1.0757213176351992,
          0.4055763733139891,
          0.9393730124245117,
          0.7796430848853895,
          1.3242517696302007,
          0.7410855658006238,
          0.5748605926476563,
          0.6044445367749784,
          1.0441665116711194,
          0.6814695265431439,
          0.8184591054369246,
          1.1105142169428277,
          1.0914360478801048,
          0.9306941942881328,
          0.3158079577667614
        ],
        [
          1.0201878931341166,
          1.4604004621658446,
          0.9208544734496745,
          0.7796430848853895,
          1.1587378945918534,
          1.4746820982402062,
          0.6391785779045044,
          1.0244968307194395,
          0.9224856740220642,
          0.18022389987283327,
          0.4317148046741843,
          0.7477975324078655,
          0.5956452818729704,
          1.134227722803395,
          0.8702400891748684,
          0.8258482254941807
        ],
        [
          0.937608751757332,
          1.1463863558540455,
          0.6323534316675657,
          1.3242517696302007,
          1.4746820982402062,
          0.8842785872033518,
          0.6264832477224156,
          1.233755832590436,
          1.857370081819378,
          0.37392549031137057,
          1.240220096687853,
          0.4206382233878613,
          0.5705681782555768,
          1.005604789188629,
          1.1415324845211636,
          0.17805930337733
        ],
        [
          1.008643931385584,
          0.6544118933695537,
          0.6614570516697766,
          0.7410855658006238,
          0.6391785779045044,
          0.6264832477224156,
          0.5592570556361334,
          0.7380388931617949,
          1.2742216474774546,
          1.1497221311402184,
          0.6941351199390473,
          0.5273765525055608,
          0.6408979245087923,
          1.3308678049455818,
          0.9892351562743803,
          0.9107371747200634
        ],
        [
          0.3502041460635935,
          0.9625825878110318,
          0.486028334011978,
          0.5748605926476563,
          1.0244968307194395,
          1.233755832590436,
          0.7380388931617949,
          1.8084045175432883,
          0.6168199261572466,
          0.6378904035820686,
          0.32558182492489796,
          0.7097125788110321,
          0.5391319008713341,
          0.8101781267335573,
          1.0241416711657791,
          0.46678426747418034
        ],
        [
          0.6651039624705464,
          1.2839256579562925,
          1.4710937162574895,
          0.6044445367749784,
          0.9224856740220642,
          1.857370081819378,
          1.2742216474774546,
          0.6168199261572466,
          0.3639284783823711,
          1.1048621590345786,
          0.961559388154005,
          0.659201784221181,
          0.43718158929014506,
          0.7915276316723934,
          1.2279377640074145,
          1.2039260648680585
        ],
        [
          1.7373151391975226,
          1.2793490705907336,
          0.9986277510501532,
          1.0441665116711194,
          0.18022389987283327,
          0.37392549031137057,
          1.1497221311402184,
          0.6378904035820686,
          1.1048621590345786,
          1.1535898414821129,
          0.196331813304643,
          1.0882967067761529,
          0.4842949122134086,
          0.7213317406493943,
          1.027995548247854,
          1.5178150537723898
        ],
        [
          1.7521855551650267,
          0.7266870607325923,
          0.20921139768384445,
          0.6814695265431439,
          0.4317148046741843,
          1.240220096687853,
          0.6941351199390473,
          0.32558182492489796,
          0.961559388154005,
          0.196331813304643,
          0.34239809069388105,
          1.5031920695968928,
          1.7401618980706388,
          1.2344792134799816,
          1.5206171520030751,
          0.8886877269978372
        ],
        [
          1.4895002837159668,
          1.5396282564469912,
          1.1720895341026663,
          0.8184591054369246,
          0.7477975324078655,
          0.4206382233878613,
          0.5273765525055608,
          0.7097125788110321,
          0.659201784221181,
          1.0882967067761529,
          1.5031920695968928,
          1.3118060065856048,
          1.162971914430791,
          0.8320333978457464,
          0.4929791152455967,
          0.763990098245868
        ],
        [
          1.6544594707335731,
          0.8839323076179737,
          1.229849888122906,
          1.1105142169428277,
          0.5956452818729704,
          0.5705681782555768,
          0.6408979245087923,
          0.5391319008713341,
          0.43718158929014506,
          0.4842949122134086,
          1.7401618980706388,
          1.162971914430791,
          1.839120152452017,
          0.5169252198935546,
          1.5236651718655203,
          1.7188462227956076
        ],
        [
          0.4177456009972865,
          0.5884839204065263,
          0.2222505139235358,
          1.0914360478801048,
          1.134227722803395,
          1.005604789188629,
          1.3308678049455818,
          0.8101781267335573,
          0.7915276316723934,
          0.7213317406493943,
          1.2344792134799816,
          0.8320333978457464,
          0.5169252198935546,
          1.8298581000420233,
          0.7195666304166558,
          1.1695011218468268
        ],
        [
          1.0522644697253498,
          1.4086485471203383,
          0.45121621913564114,
          0.9306941942881328,
          0.8702400891748684,
          1.1415324845211636,
          0.9892351562743803,
          1.0241416711657791,
          1.2279377640074145,
          1.027995548247854,
          1.5206171520030751,
          0.4929791152455967,
          1.5236651718655203,
          0.7195666304166558,
          0.9438012086967869,
          0.09986640917727474
        ],
        [
          0.11591250735088265,
          0.816602747486436,
          1.1178771748884455,
          0.3158079577667614,
          0.8258482254941807,
          0.17805930337733,
          0.9107371747200634,
          0.46678426747418034,
          1.2039260648680585,
          1.5178150537723898,
          0.8886877269978372,
          0.763990098245868,
          1.7188462227956076,
          1.1695011218468268,
          0.09986640917727474,
          0.13455233969247526
        ]
      ],
      "b_vector": [
        0.3569870350160721,
        0.23425174795137413,
        0.2573660458972295,
        0.03805171931866062,
        0.2656857383181312,
        0.15065168541278331,
        0.06489557282292002,
        0.011657542218562593,
        0.06902135721553215,
        0.40489954470777584,
        0.328986454362156,
        0.2332136252709814,
        0.3581606798535928,
        0.23701018172159502,
        0.3609128000789891,
        0.07955982432308964
      ]
    }
  ],
  "shots": 3000,
  "backend": "sv1",
  "device_arn": "SV1",
  "aws_region": "eu-west-2",
  "ideal_preprocessing_list": [
    [
      [
        -2.991726254526541,
        -2.0794695701610126,
        -1.726305428412946,
        -1.2250229678369258,
        -0.8816312873401857,
        -0.434857315241755,
        -0.3104718806547581,
        0.060796628926021355,
        0.38949295098497444,
        1.0565955766218642,
        1.0655230047901323,
        1.3999707079012242,
        1.9568610416137426,
        2.5063397343708154,
        2.892494983958193,
        14.91679485087388
      ],
      [
        0.07118982604103387,
        0.030252079229797696,
        0.062260048809728435,
        0.1607031432808217,
        0.27964999567033866,
        0.042604777752117795,
        0.09387055971264317,
        0.16229849286318537,
        0.045894411781172186,
        0.03339952723249376,
        0.0020958653846757658,
        0.03237160052786725,
        0.03969645546643977,
        0.10408839578217145,
        0.21348906021615077,
        0.8870633102155792
      ]
    ]
  ],
  "probability_threshold": 0,
  "k_qubits": 7,
  "preprocessing_mode": "ideal",
  "projection_mode": "all_components",
  "projection_subset": null,
  "num_solution_qubits": 4,
  "num_projections": 16,
  "projector_basis_states": [
    0,
    1,
    2,
    3,
    4,
    5,
    6,
    7,
    8,
    9,
    10,
    11,
    12,
    13,
    14,
    15
  ],
  "enhanced_projection_results": [
    {
      "problem_index": 0,
      "projection_tasks": [
        {
          "basis_state": 0,
          "task_id": "arn:aws:braket:eu-west-2:380012739362:quantum-task/deec4d46-297d-42fd-b5f4-b0bc11a57a84",
          "status": "DONE",
          "shots": 3000,
          "created_at": "2025-12-21 13:25:53.374000+00:00",
          "ended_at": "2025-12-21 13:26:00.450000+00:00",
          "execution_time_seconds": 7.076,
          "counts": {
            "101000000000": 372,
            "010100000000": 120,
            "100100000000": 432,
            "110000000000": 384,
            "001000000000": 262,
            "111000000000": 276,
            "101100000000": 192,
            "111100000000": 14,
            "000100000000": 104,
            "110100000000": 129,
            "010000000000": 160,
            "010010001000": 1,
            "000000000000": 417,
            "100000000000": 27,
            "111011000000": 1,
            "000011000001": 1,
            "011000000000": 13,
            "001100000000": 20,
            "010100000001": 8,
            "000100000001": 13,
            "000000000001": 1,
            "001100000001": 4,
            "011110000000": 1,
            "110110000001": 2,
            "010110000000": 2,
            "111000000001": 7,
            "110111000000": 1,
            "000110000001": 1,
            "100000000001": 1,
            "011100000000": 4,
            "001110000000": 2,
            "011001110001": 1,
            "110100000001": 2,
            "010011110001": 1,
            "100010000000": 2,
            "010011000001": 1,
            "110110100000": 1,
            "001110100000": 1,
            "101111000000": 1,
            "010111000001": 2,
            "010000000001": 1,
            "101100000001": 3,
            "000110000000": 2,
            "001010000000": 2,
            "001000000001": 1,
            "111111010001": 1,
            "010010100000": 1,
            "111010000001": 1,
            "010100010001": 1,
            "110111000001": 1,
            "010100010000": 1,
            "001110000001": 1
          },
          "component_probability": 0.03636363636363636,
          "success_rate": 0.018333333333333333
        },
        {
          "basis_state": 1,
          "task_id": "arn:aws:braket:eu-west-2:380012739362:quantum-task/6294833a-7275-4d3c-829d-d0bc2c334046",
          "status": "DONE",
          "shots": 3000,
          "created_at": "2025-12-21 13:25:59.503000+00:00",
          "ended_at": "2025-12-21 13:26:06.625000+00:00",
          "execution_time_seconds": 7.122,
          "counts": {
            "000000000000": 426,
            "010000000000": 155,
            "100100000000": 473,
            "110000000000": 363,
            "111000000000": 281,
            "001100000000": 19,
            "101000000000": 310,
            "111000000001": 14,
            "110100000000": 144,
            "000100000001": 21,
            "000100000000": 116,
            "001000000000": 254,
            "111011000001": 2,
            "010100000000": 109,
            "101100000000": 212,
            "010100000001": 10,
            "011100000001": 4,
            "110100000001": 3,
            "011000000000": 8,
            "111100000000": 15,
            "101111000001": 1,
            "100000000000": 21,
            "111000100000": 1,
            "000000000001": 1,
            "110101000001": 1,
            "110110000000": 1,
            "111010000000": 2,
            "000111101001": 1,
            "011000000001": 1,
            "100000000001": 1,
            "000110000000": 2,
            "001000000001": 3,
            "010010100001": 1,
            "011101000000": 2,
            "111010010001": 1,
            "101100000001": 1,
            "010111000001": 1,
            "010010000000": 1,
            "011100000000": 1,
            "001100000001": 4,
            "111001000000": 1,
            "000111000000": 1,
            "000100010000": 1,
            "100100001101": 1,
            "001110000001": 1,
            "010110000000": 1,
            "010011000001": 1,
            "010001100000": 1,
            "101110000000": 1,
            "000101000000": 1,
            "000110100001": 1,
            "000111000001": 1,
            "010101000001": 1
          },
          "component_probability": 0.3116883116883117,
          "success_rate": 0.025666666666666667
        },
        {
          "basis_state": 2,
          "task_id": "arn:aws:braket:eu-west-2:380012739362:quantum-task/ade1ada8-9c9e-48eb-bfd9-78143c72d8ff",
          "status": "DONE",
          "shots": 3000,
          "created_at": "2025-12-21 13:26:06.304000+00:00",
          "ended_at": "2025-12-21 13:26:13.196000+00:00",
          "execution_time_seconds": 6.892,
          "counts": {
            "111000000000": 291,
            "100100000000": 467,
            "010000000000": 171,
            "001000000000": 232,
            "101000000000": 366,
            "110100000000": 136,
            "110000000000": 366,
            "000000000000": 391,
            "000100000000": 104,
            "101100000000": 204,
            "010100000000": 119,
            "100000000000": 27,
            "111100000000": 25,
            "011000000000": 14,
            "000110000000": 2,
            "001000000001": 1,
            "001100000000": 17,
            "101110000000": 1,
            "111000000001": 7,
            "011000000001": 2,
            "010100000001": 5,
            "000100000001": 21,
            "111010000000": 2,
            "000100010001": 1,
            "011100000000": 4,
            "111001000000": 1,
            "011011010000": 1,
            "010101010001": 1,
            "110100000001": 3,
            "001011000001": 2,
            "111010000001": 1,
            "000101000000": 1,
            "010110000000": 1,
            "000111100001": 1,
            "001100000001": 2,
            "100000000001": 1,
            "010010100001": 1,
            "101100000001": 1,
            "011100000001": 1,
            "010000000001": 1,
            "111000100000": 1,
            "110110000000": 1,
            "011111000001": 1,
            "001110000000": 1,
            "010111000001": 1
          },
          "component_probability": 0.05555555555555555,
          "success_rate": 0.018
        },
        {
          "basis_state": 3,
          "task_id": "arn:aws:braket:eu-west-2:380012739362:quantum-task/2a370170-d968-4978-aeda-573f23ae58a4",
          "status": "DONE",
          "shots": 3000,
          "created_at": "2025-12-21 13:26:12.564000+00:00",
          "ended_at": "2025-12-21 13:26:22.873000+00:00",
          "execution_time_seconds": 10.309,
          "counts": {
            "110000000000": 380,
            "101000000000": 319,
            "000000000000": 377,
            "101100000000": 194,
            "010100000000": 120,
            "111100000000": 24,
            "111000000000": 302,
            "010000000000": 164,
            "000100000000": 107,
            "100100000000": 497,
            "001000000000": 249,
            "100000000000": 37,
            "110100000000": 132,
            "001100000000": 25,
            "011100000000": 2,
            "010110100000": 1,
            "111000000001": 11,
            "011000000000": 9,
            "001010000000": 1,
            "000110000000": 3,
            "001110000000": 1,
            "000100000001": 16,
            "000101000000": 1,
            "001000000001": 2,
            "010110000000": 2,
            "000111000001": 2,
            "010100000001": 8,
            "010010000000": 1,
            "010000000001": 1,
            "001011100001": 1,
            "110100000001": 2,
            "111010100001": 1,
            "000110000001": 1,
            "100000000001": 2,
            "100100000001": 1,
            "010110000001": 1,
            "100010100000": 1,
            "011100000001": 1,
            "101100000001": 1
          },
          "component_probability": 0.0,
          "success_rate": 0.017
        },
        {
          "basis_state": 4,
          "task_id": "arn:aws:braket:eu-west-2:380012739362:quantum-task/d602b8f5-931b-476b-9f01-8ef0c1e2efc7",
          "status": "DONE",
          "shots": 3000,
          "created_at": "2025-12-21 13:26:18.859000+00:00",
          "ended_at": "2025-12-21 13:26:25.429000+00:00",
          "execution_time_seconds": 6.57,
          "counts": {
            "001100000000": 12,
            "110000000000": 382,
            "011000000000": 5,
            "111000000000": 307,
            "110100000000": 155,
            "100100000000": 502,
            "101000000000": 334,
            "010100000000": 116,
            "000000000000": 371,
            "000100000000": 88,
            "101100000000": 206,
            "010000000000": 161,
            "111100000000": 18,
            "011100000000": 6,
            "001000000000": 237,
            "000100000001": 19,
            "111000000001": 6,
            "010000000001": 2,
            "000010100001": 1,
            "000111000001": 7,
            "010100000001": 9,
            "100000000000": 21,
            "011000111000": 1,
            "010111000001": 2,
            "001100000001": 2,
            "111011000001": 1,
            "110100000001": 1,
            "010110000000": 1,
            "001011000000": 1,
            "000110000000": 3,
            "111010000000": 2,
            "001000000001": 4,
            "101110000000": 2,
            "010111000000": 1,
            "010010000000": 1,
            "010001100000": 1,
            "011100000001": 1,
            "000110110001": 1,
            "001011100001": 1,
            "100000000001": 3,
            "111011000000": 1,
            "010011000001": 1,
            "101101000001": 1,
            "110101000000": 1,
            "101111000001": 1,
            "010011000000": 1
          },
          "component_probability": 0.047619047619047616,
          "success_rate": 0.021
        },
        {
          "basis_state": 5,
          "task_id": "arn:aws:braket:eu-west-2:380012739362:quantum-task/97259be8-8cdb-47f1-a7c4-961525e31384",
          "status": "DONE",
          "shots": 3000,
          "created_at": "2025-12-21 13:26:25.328000+00:00",
          "ended_at": "2025-12-21 13:26:32.909000+00:00",
          "execution_time_seconds": 7.581,
          "counts": {
            "110000000000": 362,
            "110100000000": 152,
            "010100000000": 120,
            "101000000000": 332,
            "000000000000": 440,
            "111000000000": 296,
            "100100000000": 441,
            "111100000000": 19,
            "010000000000": 190,
            "101100000000": 188,
            "000100000000": 112,
            "001000000000": 242,
            "100000000000": 28,
            "010100000001": 5,
            "011101111101": 1,
            "101100000001": 2,
            "001000000001": 3,
            "000110010001": 1,
            "000100000001": 11,
            "001100000000": 12,
            "111100110010": 1,
            "010101000000": 2,
            "001000010000": 1,
            "101110000000": 1,
            "010111000001": 1,
            "011000000000": 6,
            "000111000000": 1,
            "010010000000": 1,
            "001100000001": 3,
            "111000000001": 9,
            "000111000001": 3,
            "111011000001": 2,
            "000110100000": 1,
            "000110000000": 2,
            "000111111001": 1,
            "000110000001": 2,
            "011000000001": 1,
            "100011000000": 1,
            "101111000001": 1,
            "000101100001": 1,
            "011100000000": 1,
            "011100000001": 1
          },
          "component_probability": 0.125,
          "success_rate": 0.016
        },
        {
          "basis_state": 6,
          "task_id": "arn:aws:braket:eu-west-2:380012739362:quantum-task/d5fdc5dc-468c-4c34-9c6a-e1ad8e07dbfd",
          "status": "DONE",
          "shots": 3000,
          "created_at": "2025-12-21 13:26:31.564000+00:00",
          "ended_at": "2025-12-21 13:26:41.220000+00:00",
          "execution_time_seconds": 9.656,
          "counts": {
            "001000000000": 265,
            "010000000000": 163,
            "111000000000": 281,
            "000000000000": 378,
            "100100000000": 476,
            "110000000000": 395,
            "101000000000": 346,
            "000100000001": 13,
            "111010000000": 1,
            "010100000000": 116,
            "000100000000": 82,
            "101100000000": 194,
            "111000000001": 17,
            "110100000000": 149,
            "011000000000": 4,
            "111100000000": 12,
            "110100000001": 1,
            "010100000001": 12,
            "001100000000": 16,
            "111011000001": 4,
            "001111000001": 1,
            "100000000000": 25,
            "000111000001": 1,
            "010011000001": 2,
            "001001000000": 1,
            "000010000000": 1,
            "101100000001": 5,
            "010110000000": 2,
            "001001000001": 1,
            "000000000001": 3,
            "100000000001": 2,
            "001010000000": 1,
            "100010000001": 1,
            "011011011000": 1,
            "011100000000": 1,
            "001011000001": 3,
            "011011111001": 1,
            "101110000000": 1,
            "000111000000": 2,
            "001100000001": 4,
            "010110100001": 1,
            "010111000001": 2,
            "111001000000": 1,
            "010000000001": 1,
            "001011100000": 1,
            "011101000000": 1,
            "001011100101": 1,
            "010010100001": 1,
            "010111000000": 1,
            "111001010000": 1,
            "111011000000": 1,
            "110110000000": 1,
            "001110000001": 1,
            "001110000000": 1,
            "010010000000": 1
          },
          "component_probability": 0.01282051282051282,
          "success_rate": 0.026
        },
        {
          "basis_state": 7,
          "task_id": "arn:aws:braket:eu-west-2:380012739362:quantum-task/9bae5a71-1ab2-46c2-ab3f-4d09864907eb",
          "status": "DONE",
          "shots": 3000,
          "created_at": "2025-12-21 13:26:38.018000+00:00",
          "ended_at": "2025-12-21 13:26:44.548000+00:00",
          "execution_time_seconds": 6.53,
          "counts": {
            "110000000000": 392,
            "101000000000": 316,
            "111000000000": 303,
            "010000000000": 149,
            "000000000000": 421,
            "001000000000": 225,
            "010100000000": 107,
            "100100000000": 487,
            "110100000000": 162,
            "101100000000": 201,
            "000100000000": 93,
            "000100000001": 20,
            "110111000000": 1,
            "011000000000": 5,
            "010100000001": 7,
            "100000000000": 26,
            "001100000000": 20,
            "001000000001": 1,
            "000111000001": 2,
            "001110000001": 1,
            "111000000001": 9,
            "001100000001": 3,
            "000111000000": 1,
            "111100000000": 17,
            "000100010001": 1,
            "111010000000": 1,
            "101100000001": 2,
            "011000000001": 1,
            "000111111001": 2,
            "011100000000": 4,
            "011100000001": 2,
            "110100000001": 2,
            "111011000001": 1,
            "110110000001": 1,
            "100011000001": 2,
            "010010000000": 1,
            "001001000001": 1,
            "010011000001": 1,
            "101110000000": 1,
            "011010000000": 1,
            "010000000001": 1,
            "000110000000": 2,
            "000000000001": 1,
            "111011000000": 1,
            "000010110001": 1,
            "001010100001": 1
          },
          "component_probability": 0.031746031746031744,
          "success_rate": 0.021
        },
        {
          "basis_state": 8,
          "task_id": "arn:aws:braket:eu-west-2:380012739362:quantum-task/ff59fa11-5cff-476f-85a3-7f1421f50753",
          "status": "DONE",
          "shots": 3000,
          "created_at": "2025-12-21 13:26:44.223000+00:00",
          "ended_at": "2025-12-21 13:26:51.894000+00:00",
          "execution_time_seconds": 7.671,
          "counts": {
            "110000000000": 370,
            "000000000000": 387,
            "111100000000": 21,
            "100100000000": 477,
            "111000000000": 290,
            "100000000000": 33,
            "101000000000": 347,
            "011000000000": 8,
            "110100000000": 142,
            "001000000000": 252,
            "010100000000": 112,
            "010000000000": 170,
            "001100000001": 2,
            "000100000001": 14,
            "010110010000": 1,
            "000100000000": 94,
            "101100000000": 204,
            "010100000001": 12,
            "000101000000": 2,
            "001011110001": 2,
            "011110000000": 1,
            "001100000000": 13,
            "111000000001": 8,
            "100011000000": 2,
            "111010000001": 2,
            "000111000001": 1,
            "011100000001": 1,
            "101110000000": 1,
            "100000000001": 3,
            "000100110001": 1,
            "110100000001": 2,
            "110101000000": 1,
            "010110000001": 1,
            "111011110000": 1,
            "101100000001": 3,
            "000110000000": 1,
            "001000000001": 3,
            "010110000000": 2,
            "011100000000": 5,
            "001110100001": 1,
            "010010000000": 1,
            "001110000000": 1,
            "110110100001": 2,
            "111010100001": 1,
            "111000100000": 1,
            "000001000001": 1
          },
          "component_probability": 0.05,
          "success_rate": 0.02
        },
        {
          "basis_state": 9,
          "task_id": "arn:aws:braket:eu-west-2:380012739362:quantum-task/9e560a30-2b00-4cf6-b5a4-ad600483cc17",
          "status": "DONE",
          "shots": 3000,
          "created_at": "2025-12-21 13:26:51.390000+00:00",
          "ended_at": "2025-12-21 13:27:00.612000+00:00",
          "execution_time_seconds": 9.222,
          "counts": {
            "101100000000": 201,
            "000100000000": 86,
            "100100000000": 478,
            "110100000000": 119,
            "110000000000": 408,
            "001000000000": 249,
            "000000000000": 382,
            "111000000000": 296,
            "010100000000": 118,
            "101000000000": 364,
            "010000000000": 145,
            "100000000000": 30,
            "111100000000": 25,
            "000110000001": 1,
            "001100000000": 16,
            "011000000000": 12,
            "010100000001": 11,
            "000100000001": 15,
            "010000000001": 1,
            "111010000001": 1,
            "000100010001": 1,
            "000111000001": 1,
            "111000000001": 9,
            "000111000000": 1,
            "111010000000": 4,
            "011100000000": 4,
            "010110100001": 1,
            "001100000001": 1,
            "110100000001": 2,
            "001011000001": 1,
            "010010000000": 1,
            "100001000000": 1,
            "010110001000": 1,
            "000110100001": 1,
            "101111000000": 1,
            "011010000000": 1,
            "000101100001": 2,
            "001110000001": 1,
            "010110000000": 1,
            "001000000001": 1,
            "101100000001": 1,
            "110011000001": 1,
            "010010100001": 1,
            "010101000000": 1,
            "100100011000": 1,
            "011100000001": 1
          },
          "component_probability": 0.0,
          "success_rate": 0.018
        },
        {
          "basis_state": 10,
          "task_id": "arn:aws:braket:eu-west-2:380012739362:quantum-task/f2c77c8e-8e4e-481c-8c79-05ca79e2e623",
          "status": "DONE",
          "shots": 3000,
          "created_at": "2025-12-21 13:26:57.447000+00:00",
          "ended_at": "2025-12-21 13:27:07.447000+00:00",
          "execution_time_seconds": 10.0,
          "counts": {
            "101000000000": 319,
            "100000000000": 35,
            "001000000000": 213,
            "101100000000": 199,
            "110000000000": 398,
            "111000000000": 317,
            "000000000000": 393,
            "010000000000": 164,
            "100100000000": 496,
            "110100000000": 128,
            "010100000000": 123,
            "001101000000": 1,
            "100000000001": 4,
            "000100000000": 82,
            "010001100000": 1,
            "001100000000": 14,
            "011100000001": 5,
            "111100000000": 22,
            "000100000001": 16,
            "011011000000": 1,
            "010000000001": 4,
            "111000000001": 11,
            "011000000000": 13,
            "110100000001": 2,
            "010100000001": 3,
            "111001010001": 1,
            "001001000000": 1,
            "001000000001": 2,
            "011100000000": 5,
            "111011000000": 2,
            "000101000000": 1,
            "001010000000": 1,
            "001011000100": 1,
            "000111000001": 3,
            "010110000000": 2,
            "111010000000": 1,
            "111010010001": 1,
            "010101000000": 1,
            "000110000000": 3,
            "010110100000": 1,
            "101111000001": 3,
            "001100000001": 1,
            "011011001001": 1,
            "100010100001": 1,
            "101111000000": 1,
            "100010000000": 1,
            "101100000001": 2
          },
          "component_probability": 0.0,
          "success_rate": 0.02
        },
        {
          "basis_state": 11,
          "task_id": "arn:aws:braket:eu-west-2:380012739362:quantum-task/cb435db1-b841-4132-a9a0-21d09af44181",
          "status": "DONE",
          "shots": 3000,
          "created_at": "2025-12-21 13:27:03.021000+00:00",
          "ended_at": "2025-12-21 13:27:12.585000+00:00",
          "execution_time_seconds": 9.564,
          "counts": {
            "101000000000": 329,
            "111000000001": 12,
            "110100000000": 144,
            "110000000000": 421,
            "100100000000": 501,
            "000000000000": 384,
            "111000000000": 263,
            "101100000000": 217,
            "001110000100": 1,
            "000100000000": 94,
            "010100000000": 112,
            "001000000000": 221,
            "010000000000": 169,
            "000100000001": 13,
            "111100000000": 25,
            "010100000001": 12,
            "100000000000": 12,
            "100010000000": 1,
            "001010000000": 1,
            "000111000001": 6,
            "000110000001": 1,
            "011100000001": 2,
            "001100000000": 14,
            "001000000001": 3,
            "100000000001": 3,
            "011000000000": 10,
            "111010000000": 2,
            "010111000001": 1,
            "000101000001": 1,
            "101100000001": 3,
            "001100000001": 3,
            "010000000001": 2,
            "011100000000": 2,
            "101110000000": 2,
            "010110000001": 2,
            "011110000000": 1,
            "001101000001": 1,
            "000110000000": 1,
            "001010100000": 1,
            "101100100000": 1,
            "010111000000": 1,
            "010010000000": 1,
            "010101000000": 1,
            "011011000000": 1,
            "110100000001": 1,
            "000110100001": 1
          },
          "component_probability": 0.04477611940298507,
          "success_rate": 0.022333333333333334
        },
        {
          "basis_state": 12,
          "task_id": "arn:aws:braket:eu-west-2:380012739362:quantum-task/35b1077f-9c95-4bcb-8d65-830cf887c316",
          "status": "DONE",
          "shots": 3000,
          "created_at": "2025-12-21 13:27:08.685000+00:00",
          "ended_at": "2025-12-21 13:27:18.484000+00:00",
          "execution_time_seconds": 9.799,
          "counts": {
            "001000000000": 241,
            "101000000000": 332,
            "000000000000": 406,
            "111000000000": 272,
            "110100000000": 146,
            "010100000000": 107,
            "101100000000": 210,
            "110000000000": 383,
            "010000000000": 185,
            "100100000000": 454,
            "101100000001": 2,
            "111100000000": 19,
            "000100000000": 110,
            "101111000001": 1,
            "001100000000": 16,
            "001101000101": 1,
            "000100000001": 20,
            "011000000000": 7,
            "100000000000": 30,
            "000110000000": 2,
            "001000000001": 1,
            "000110100001": 2,
            "111000000001": 10,
            "010000000001": 1,
            "000100100000": 1,
            "111011000001": 1,
            "110100000001": 4,
            "001110000000": 2,
            "011100000000": 5,
            "000111001001": 1,
            "100010000000": 1,
            "000101000000": 2,
            "010011000001": 1,
            "010110000000": 1,
            "011100000001": 1,
            "111010000000": 1,
            "010100000001": 6,
            "110100100001": 1,
            "100011000001": 2,
            "000111000000": 1,
            "111100011001": 1,
            "010011000000": 1,
            "100000000001": 1,
            "001110000001": 1,
            "111011000000": 1,
            "010110100001": 1,
            "000101110000": 1,
            "010001100000": 1,
            "011111000001": 1,
            "001111000001": 1,
            "011011111001": 1
          },
          "component_probability": 0.0,
          "success_rate": 0.020666666666666667
        },
        {
          "basis_state": 13,
          "task_id": "arn:aws:braket:eu-west-2:380012739362:quantum-task/0e32f1b6-e5d0-4dd6-8eea-ea8be54cb774",
          "status": "DONE",
          "shots": 3000,
          "created_at": "2025-12-21 13:27:14.571000+00:00",
          "ended_at": "2025-12-21 13:27:23.445000+00:00",
          "execution_time_seconds": 8.874,
          "counts": {
            "001100000000": 14,
            "110100000000": 147,
            "000000000000": 395,
            "000100000000": 92,
            "110000000000": 349,
            "101000000000": 357,
            "001000000000": 234,
            "111000000000": 318,
            "100100000000": 498,
            "111100000000": 24,
            "010100000000": 113,
            "010110000000": 3,
            "010000000000": 161,
            "101100000000": 189,
            "111010000000": 2,
            "000100000001": 19,
            "111000000001": 9,
            "101110000000": 2,
            "100000000000": 16,
            "011100000000": 4,
            "100100000001": 1,
            "000110000001": 2,
            "000101100000": 1,
            "010100000001": 5,
            "011000000000": 7,
            "000111000001": 3,
            "101100000001": 3,
            "011011010000": 1,
            "000101000000": 4,
            "100011000001": 1,
            "010111000001": 1,
            "001110000000": 1,
            "010111000000": 2,
            "110110100001": 1,
            "111010100001": 1,
            "001000000001": 4,
            "101000000001": 1,
            "111010000001": 2,
            "100100010000": 1,
            "100000000001": 1,
            "101111000001": 1,
            "010110100001": 1,
            "110100000001": 1,
            "011111000001": 1,
            "000000000001": 1,
            "011011010101": 1,
            "001110000001": 1,
            "010000000001": 1,
            "100010100001": 1,
            "011100000001": 1,
            "000110100000": 1
          },
          "component_probability": 0.03125,
          "success_rate": 0.021333333333333333
        },
        {
          "basis_state": 14,
          "task_id": "arn:aws:braket:eu-west-2:380012739362:quantum-task/e52a7367-01b9-400f-b561-348babceaf49",
          "status": "DONE",
          "shots": 3000,
          "created_at": "2025-12-21 13:27:19.998000+00:00",
          "ended_at": "2025-12-21 13:27:29.206000+00:00",
          "execution_time_seconds": 9.208,
          "counts": {
            "001000000000": 207,
            "000000000000": 402,
            "011100000000": 4,
            "000100000000": 98,
            "101000000000": 332,
            "110000000000": 376,
            "100100000000": 487,
            "001100000000": 16,
            "010100000000": 128,
            "010000000000": 187,
            "111000000000": 275,
            "101100000000": 204,
            "110100000000": 147,
            "000110000000": 1,
            "111000000001": 12,
            "111100000000": 19,
            "100000000000": 36,
            "000111000001": 3,
            "100000000001": 2,
            "010100000001": 6,
            "110110000000": 1,
            "010110000000": 1,
            "011000000000": 10,
            "101101000000": 1,
            "011100000001": 2,
            "000110000001": 2,
            "000101000000": 1,
            "000000000001": 2,
            "000110001000": 1,
            "001110000000": 4,
            "000100000001": 11,
            "001010000000": 2,
            "110100000001": 3,
            "111011000001": 1,
            "001000000001": 3,
            "011111000001": 1,
            "101100000001": 4,
            "010111000000": 1,
            "000111010001": 1,
            "011001010001": 1,
            "001101100001": 1,
            "010000000001": 1,
            "010110000001": 1,
            "111010000000": 1,
            "011000000001": 1
          },
          "component_probability": 0.22413793103448276,
          "success_rate": 0.019333333333333334
        },
        {
          "basis_state": 15,
