{
  "problem_list": [
    {
      "A_matrix": [
        [
          0.7955553100243842,
          0.8171536179144167,
          1.6157687765111932,
          0.33431431492687236,
          1.1011128082575423,
          1.2943610462622537,
          0.3996231742187142,
          1.0646616945952465,
          0.5145677099325597,
          1.1240435778564315,
          1.6354341655695515,
          0.7564253045315361,
          1.3938065593697249,
          1.0072375979784471,
          1.0717784951726315,
          0.8379277628641604
        ],
        [
          0.8171536179144167,
          0.5836511838646203,
          0.8040491568074231,
          1.8867337247675138,
          0.9811875778593604,
          1.4000992039572804,
          0.9564086741716258,
          0.2091605969178597,
          0.7838626214334637,
          1.3539676182950913,
          1.1784998334173056,
          0.6945421097502029,
          1.7256945134127024,
          1.59693066003002,
          1.7707108396977749,
          1.377751368861352
        ],
        [
          1.6157687765111932,
          0.8040491568074231,
          1.3005230807699848,
          1.0690190728967799,
          1.4601344026131187,
          0.8080563803421399,
          0.8139396535451147,
          0.8327833684629614,
          1.1254934064585318,
          1.2985639162426263,
          1.099060559242035,
          1.16303954098167,
          1.174043389452977,
          1.507833175016363,
          1.5399896965375408,
          1.2439911741185408
        ],
        [
          0.33431431492687236,
          1.8867337247675138,
          1.0690190728967799,
          1.6210250501081631,
          1.1573861259403113,
          0.8341943568610231,
          0.5282733102297605,
          1.0738390258060768,
          0.9158553610824012,
          0.894453888650843,
          0.44163216165126473,
          1.0478036541795221,
          0.8863045654202256,
          0.918251835708589,
          1.2198120274141977,
          0.5906319250663503
        ],
        [
          1.1011128082575423,
          0.9811875778593604,
          1.4601344026131187,
          1.1573861259403113,
          0.6075019578705312,
          0.14812324436593693,
          0.9762992704957212,
          1.231382949008196,
          1.0086736650955337,
          1.3329206774247377,
          1.4233014104800592,
          1.0187383649295594,
          1.1908000208444978,
          1.3051377742349315,
          0.9667190131257596,
          1.2265591279550903
        ],
        [
          1.2943610462622537,
          1.4000992039572804,
          0.8080563803421399,
          0.8341943568610231,
          0.14812324436593693,
          1.1664001430356337,
          1.4566346802910588,
          1.1633377189514484,
          0.4273623737334019,
          0.8494333483421903,
          0.9478083918808321,
          0.6777474879994019,
          0.8933361519497137,
          0.7235652583310421,
          1.4639192395398335,
          1.4409282803491843
        ],
        [
          0.3996231742187142,
          0.9564086741716258,
          0.8139396535451147,
          0.5282733102297605,
          0.9762992704957212,
          1.4566346802910588,
          1.7087720524409484,
          1.873544785772727,
          0.6344515369077187,
          0.588589212028892,
          1.7178950893007534,
          0.46366270643999896,
          0.5695109454937247,
          0.42873416678813103,
          1.473090321426536,
          0.9969528726960047
        ],
        [
          1.0646616945952465,
          0.2091605969178597,
          0.8327833684629614,
          1.0738390258060768,
          1.231382949008196,
          1.1633377189514484,
          1.873544785772727,
          1.1412613767371291,
          0.9480992956521003,
          0.4902278546729346,
          1.013593784169469,
          0.21659752072532235,
          1.3279474806065479,
          1.0074815695466701,
          0.8338498252377768,
          1.3393131143889148
        ],
        [
          0.5145677099325597,
          0.7838626214334637,
          1.1254934064585318,
          0.9158553610824012,
          1.0086736650955337,
          0.4273623737334019,
          0.6344515369077187,
          0.9480992956521003,
          1.8447162016571435,
          0.5486000539008911,
          0.9942533650305089,
          0.9465351672530508,
          0.21856150670247,
          0.21065172723718417,
          0.9665123343965318,
          1.1909737582552475
        ],
        [
          1.1240435778564315,
          1.3539676182950913,
          1.2985639162426263,
          0.894453888650843,
          1.3329206774247377,
          0.8494333483421903,
          0.588589212028892,
          0.4902278546729346,
          0.5486000539008911,
          1.998811077356187,
          0.6586005219879405,
          1.656190804112073,
          0.9430682341372344,
          1.5662898571973445,
          0.5420465814682985,
          0.4243318876699266
        ],
        [
          1.6354341655695515,
          1.1784998334173056,
          1.099060559242035,
          0.44163216165126473,
          1.4233014104800592,
          0.9478083918808321,
          1.7178950893007534,
          1.013593784169469,
          0.9942533650305089,
          0.6586005219879405,
          1.578084206364418,
          1.6456378690669453,
          1.4203745442059657,
          0.9143456546523525,
          1.22487050781135,
          0.8310694697150142
        ],
        [
          0.7564253045315361,
          0.6945421097502029,
          1.16303954098167,
          1.0478036541795221,
          1.0187383649295594,
          0.6777474879994019,
          0.46366270643999896,
          0.21659752072532235,
          0.9465351672530508,
          1.656190804112073,
          1.6456378690669453,
          1.6129559385728827,
          0.22334653216254063,
          1.8082534963761996,
          1.255209735642481,
          0.9346529227709685
        ],
        [
          1.3938065593697249,
          1.7256945134127024,
          1.174043389452977,
          0.8863045654202256,
          1.1908000208444978,
          0.8933361519497137,
          0.5695109454937247,
          1.3279474806065479,
          0.21856150670247,
          0.9430682341372344,
          1.4203745442059657,
          0.22334653216254063,
          1.9968343564225506,
          0.9389429097061387,
          0.5909494511072124,
          1.4731058162752662
        ],
        [
          1.0072375979784471,
          1.59693066003002,
          1.507833175016363,
          0.918251835708589,
          1.3051377742349315,
          0.7235652583310421,
          0.42873416678813103,
          1.0074815695466701,
          0.21065172723718417,
          1.5662898571973445,
          0.9143456546523525,
          1.8082534963761996,
          0.9389429097061387,
          1.6687430059023596,
          0.7141438563733461,
          0.517472165205728
        ],
        [
          1.0717784951726315,
          1.7707108396977749,
          1.5399896965375408,
          1.2198120274141977,
          0.9667190131257596,
          1.4639192395398335,
          1.473090321426536,
          0.8338498252377768,
          0.9665123343965318,
          0.5420465814682985,
          1.22487050781135,
          1.255209735642481,
          0.5909494511072124,
          0.7141438563733461,
          0.4401450996378502,
          0.9434555768552833
        ],
        [
          0.8379277628641604,
          1.377751368861352,
          1.2439911741185408,
          0.5906319250663503,
          1.2265591279550903,
          1.4409282803491843,
          0.9969528726960047,
          1.3393131143889148,
          1.1909737582552475,
          0.4243318876699266,
          0.8310694697150142,
          0.9346529227709685,
          1.4731058162752662,
          0.517472165205728,
          0.9434555768552833,
          0.06330367116246527
        ]
      ],
      "b_vector": [
        0.23369331177395317,
        0.17824805265197474,
        0.32531652823884205,
        0.2467849852064569,
        0.32476332207903685,
        0.1725660521619697,
        0.29126696083294856,
        0.13035370821318826,
        0.2926104922251311,
        0.024356891506976532,
        0.3120825537025779,
        0.3478201135125912,
        0.13005035944422041,
        0.03314898937977189,
        0.3353125896603189,
        0.2734366682763564
      ]
    }
  ],
  "shots": 3000,
  "backend": "sv1",
  "device_arn": "SV1",
  "aws_region": "eu-west-2",
  "ideal_preprocessing_list": [
    [
      [
        -2.618889723150453,
        -1.730679988701706,
        -1.6404404991045276,
        -1.2131833281901971,
        -0.8205611570216541,
        -0.36457464120987293,
        -0.11927250493564706,
        0.19161044663021848,
        0.5266025266447583,
        0.7821001487225565,
        1.091665883542931,
        1.6669106938597644,
        1.958701252113751,
        2.3791233747426364,
        3.486538441834851,
        16.552632786149843
      ],
      [
        0.00729997315837419,
        0.06153686397262871,
        0.05331502355273606,
        0.0043856509065251376,
        0.06852806576707404,
        0.1388284751533448,
        0.030761599540069434,
        0.10201001231936188,
        0.07442628884644388,
        0.07996668783763217,
        0.13428171819126022,
        0.07851748691193466,
        0.03833459599144623,
        0.2749071436310019,
        0.12786621171722637,
        0.9101937557292525
      ]
    ]
  ],
  "probability_threshold": 0,
  "k_qubits": 7,
  "preprocessing_mode": "ideal",
  "projection_mode": "all_components",
  "projection_subset": null,
  "num_solution_qubits": 4,
  "num_projections": 16,
  "projector_basis_states": [
    0,
    1,
    2,
    3,
    4,
    5,
    6,
    7,
    8,
    9,
    10,
    11,
    12,
    13,
    14,
    15
  ],
  "enhanced_projection_results": [
    {
      "problem_index": 0,
      "projection_tasks": [
        {
          "basis_state": 0,
          "task_id": "arn:aws:braket:eu-west-2:380012739362:quantum-task/ac9fcc80-e6d1-4735-bca8-aa6471e83bac",
          "shots": 3000,
          "projector_index": 0
        },
        {
          "basis_state": 1,
          "task_id": "arn:aws:braket:eu-west-2:380012739362:quantum-task/33d5f1fb-1589-4aba-b9bb-8bd290b69697",
          "shots": 3000,
          "projector_index": 1
        },
        {
          "basis_state": 2,
          "task_id": "arn:aws:braket:eu-west-2:380012739362:quantum-task/b5aaa684-a139-4037-8d78-e1478cc4b1a7",
          "shots": 3000,
          "projector_index": 2
        },
        {
          "basis_state": 3,
          "task_id": "arn:aws:braket:eu-west-2:380012739362:quantum-task/70645a1b-09b7-4cee-995f-ac3e77bd5f90",
          "shots": 3000,
          "projector_index": 3
        },
        {
          "basis_state": 4,
          "task_id": "arn:aws:braket:eu-west-2:380012739362:quantum-task/2179c84b-61e5-49ec-913c-3c127e32893b",
          "shots": 3000,
          "projector_index": 4
        },
        {
          "basis_state": 5,
          "task_id": "arn:aws:braket:eu-west-2:380012739362:quantum-task/9ebe95f0-8d5b-462d-bf58-ff3d3840975f",
          "shots": 3000,
          "projector_index": 5
        },
        {
          "basis_state": 6,
          "task_id": "arn:aws:braket:eu-west-2:380012739362:quantum-task/0eb85c4c-2686-45c3-bc04-e22c4a8c7137",
          "shots": 3000,
          "projector_index": 6
        },
        {
          "basis_state": 7,
          "task_id": "arn:aws:braket:eu-west-2:380012739362:quantum-task/cf1a4c60-6e45-4615-bd7b-d7624641b9df",
          "shots": 3000,
          "projector_index": 7
        },
        {
          "basis_state": 8,
          "task_id": "arn:aws:braket:eu-west-2:380012739362:quantum-task/ec2084f8-84fd-4ed7-a0b3-97300161eaba",
          "shots": 3000,
          "projector_index": 8
        },
        {
          "basis_state": 9,
          "task_id": "arn:aws:braket:eu-west-2:380012739362:quantum-task/1eb009fc-b5fd-4b32-a129-a7e280c195b9",
          "shots": 3000,
          "projector_index": 9
        },
        {
          "basis_state": 10,
          "task_id": "arn:aws:braket:eu-west-2:380012739362:quantum-task/cc50f4a1-072f-4e0f-a44a-b603de88dca2",
          "shots": 3000,
          "projector_index": 10
        },
        {
          "basis_state": 11,
          "task_id": "arn:aws:braket:eu-west-2:380012739362:quantum-task/d21be8b6-9fdd-48d8-b0f5-deb4ee1cff56",
          "shots": 3000,
          "projector_index": 11
        },
        {
          "basis_state": 12,
          "task_id": "arn:aws:braket:eu-west-2:380012739362:quantum-task/04e57f01-95be-4b7d-a6d4-88b171d87a59",
          "shots": 3000,
          "projector_index": 12
        },
        {
          "basis_state": 13,
          "task_id": "arn:aws:braket:eu-west-2:380012739362:quantum-task/e9450744-fed9-41f6-8155-0a46785e4395",
          "shots": 3000,
          "projector_index": 13
        },
        {
          "basis_state": 14,
          "task_id": "arn:aws:braket:eu-west-2:380012739362:quantum-task/599c260e-4d51-44b0-95d4-234255c61f68",
          "shots": 3000,
          "projector_index": 14
        },
        {
          "basis_state": 15,
          "task_id": "arn:aws:braket:eu-west-2:380012739362:quantum-task/cc6c0aa3-2054-46f9-875b-c51bda80cd9a",
          "shots": 3000,
          "projector_index": 15
        }
      ],
      "depth": 13342,
      "num_projections": 16,
      "ideal_solution": [
        {
          "real": 0.1373888340960895,
          "imag": 0.0
        },
        {
          "real": 0.23507191753135728,
          "imag": 0.0
        },
        {
          "real": 0.37255530366087364,
          "imag": 0.0
        },
        {
          "real": 0.0282536817178633,
          "imag": 0.0
        },
        {
          "real": 0.06172064736019371,
          "imag": 0.0
        },
        {
          "real": -0.2611691526023589,
          "imag": 0.0
        },
        {
          "real": 0.178420435006504,
          "imag": 0.0
        },
        {
          "real": -0.28290679467567925,
          "imag": 0.0
        },
        {
          "real": 0.13125035683326788,
          "imag": 0.0
        },
        {
          "real": -0.10870947181004116,
          "imag": 0.0
        },
        {
          "real": 0.2733566830283024,
          "imag": 0.0
        },
        {
          "real": -0.45847814300623124,
          "imag": 0.0
        },
        {
          "real": -0.2013352841404181,
          "imag": 0.0
        },
        {
          "real": 0.06791600884654518,
          "imag": 0.0
        },
        {
          "real": 0.3390807350083583,
          "imag": 0.0
        },
        {
          "real": -0.35817061772583136,
          "imag": 0.0
        }
      ]
    }
  ]
}