{
  "problem_list": [
    {
      "A_matrix": [
        [
          1.7740859428204008,
          1.2575863695908522,
          0.9259253610704469,
          1.2786427743637128,
          1.261443620827035,
          1.9721091361835954,
          0.3370753657680332,
          0.8538515255707864
        ],
        [
          1.2575863695908522,
          1.6329436978694376,
          0.33086504086242596,
          1.2068367400762459,
          1.116927608058447,
          0.9011806990159552,
          1.9317078242958843,
          0.22691197490922888
        ],
        [
          0.9259253610704469,
          0.33086504086242596,
          0.6115579740478727,
          1.2028572006067122,
          0.6958926751013257,
          1.594500245831021,
          0.7890568298516528,
          0.41189430508057234
        ],
        [
          1.2786427743637128,
          1.2068367400762459,
          1.2028572006067122,
          0.22055949474144088,
          0.8349302620893858,
          0.9309693362336174,
          0.6736540000566373,
          0.9349794960061613
        ],
        [
          1.261443620827035,
          1.116927608058447,
          0.6958926751013257,
          0.8349302620893858,
          1.6624729026113239,
          1.1303354267429917,
          1.0113125514716736,
          0.6208173825550236
        ],
        [
          1.9721091361835954,
          0.9011806990159552,
          1.594500245831021,
          0.9309693362336174,
          1.1303354267429917,
          0.3913281972718021,
          0.7643403880882266,
          1.05901938671122
        ],
        [
          0.3370753657680332,
          1.9317078242958843,
          0.7890568298516528,
          0.6736540000566373,
          1.0113125514716736,
          0.7643403880882266,
          1.1899759272866948,
          0.9325886548791439
        ],
        [
          0.8538515255707864,
          0.22691197490922888,
          0.41189430508057234,
          0.9349794960061613,
          0.6208173825550236,
          1.05901938671122,
          0.9325886548791439,
          0.21649758849616085
        ]
      ],
      "b_vector": [
        0.4944020906960767,
        0.3321763757233335,
        0.1568101404483336,
        0.44225407640440056,
        0.18045300899815117,
        0.5929733693492114,
        0.01928120458811785,
        0.20123337153343068
      ]
    }
  ],
  "shots": 3000,
  "backend": "sv1",
  "device_arn": "SV1",
  "aws_region": "eu-west-2",
  "ideal_preprocessing_list": [
    [
      [
        -1.7796052204577486,
        -1.2150673367491998,
        -0.4909153903347919,
        0.022156927772925033,
        0.5647196999395444,
        0.7146858322079823,
        1.8995687445403886,
        7.983878468226035
      ],
      [
        0.18886288583860464,
        0.18425536106056353,
        0.08940100191828412,
        0.03627346403732038,
        0.22643680524322252,
        0.0291650342940849,
        0.27928109038707344,
        0.8893538752903538
      ]
    ]
  ],
  "probability_threshold": 0,
  "k_qubits": 7,
  "preprocessing_mode": "ideal",
  "projection_mode": "all_components",
  "projection_subset": null,
  "num_solution_qubits": 3,
  "num_projections": 8,
  "projector_basis_states": [
    0,
    1,
    2,
    3,
    4,
    5,
    6,
    7
  ],
  "enhanced_projection_results": [
    {
      "problem_index": 0,
      "projection_tasks": [
        {
          "basis_state": 0,
          "task_id": "arn:aws:braket:eu-west-2:380012739362:quantum-task/00a7fc5c-1260-4c87-8944-8248f6d8a078",
          "shots": 3000,
          "projector_index": 0
        },
        {
          "basis_state": 1,
          "task_id": "arn:aws:braket:eu-west-2:380012739362:quantum-task/d114120c-88f5-4a3b-b5ce-3748ce782011",
          "shots": 3000,
          "projector_index": 1
        },
        {
          "basis_state": 2,
          "task_id": "arn:aws:braket:eu-west-2:380012739362:quantum-task/6510ec55-6fd9-41a0-a5a4-9ca30546f6a9",
          "shots": 3000,
          "projector_index": 2
        },
        {
          "basis_state": 3,
          "task_id": "arn:aws:braket:eu-west-2:380012739362:quantum-task/526fc96d-6c50-437e-981c-00764418a6e6",
          "shots": 3000,
          "projector_index": 3
        },
        {
          "basis_state": 4,
          "task_id": "arn:aws:braket:eu-west-2:380012739362:quantum-task/bd82b1b7-02b9-4e63-aec0-b099236fffbc",
          "shots": 3000,
          "projector_index": 4
        },
        {
          "basis_state": 5,
          "task_id": "arn:aws:braket:eu-west-2:380012739362:quantum-task/d96adafe-e77a-40d6-a435-fad60ae4e07a",
          "shots": 3000,
          "projector_index": 5
        },
        {
          "basis_state": 6,
          "task_id": "arn:aws:braket:eu-west-2:380012739362:quantum-task/af315627-e985-4296-8d02-cc77811183c5",
          "shots": 3000,
          "projector_index": 6
        },
        {
          "basis_state": 7,
          "task_id": "arn:aws:braket:eu-west-2:380012739362:quantum-task/6d0ed806-5a26-41a8-a8c4-7a0ebde16249",
          "shots": 3000,
          "projector_index": 7
        }
      ],
      "depth": 4714,
      "num_projections": 8,
      "ideal_solution": [
        {
          "real": 0.4108290853189716,
          "imag": 0.0
        },
        {
          "real": -0.09051481974914988,
          "imag": 0.0
        },
        {
          "real": -0.5307128990487638,
          "imag": 0.0
        },
        {
          "real": -0.08520020461476069,
          "imag": 0.0
        },
        {
          "real": -0.23043987673087848,
          "imag": 0.0
        },
        {
          "real": -0.02995559227199663,
          "imag": 0.0
        },
        {
          "real": 0.12047011181450668,
          "imag": 0.0
        },
        {
          "real": 0.6823476766589796,
          "imag": 0.0
        }
      ]
    }
  ]
}