{
  "problem_list": [
    {
      "A_matrix": [
        [
          0.3089764942238562,
          0.11579580908806197,
          1.037876639179037,
          1.0632304679783093,
          0.690993641044766,
          0.2027492881048949,
          1.3851237855474485,
          1.2750085580118786,
          1.5551026894502176,
          0.7760183992233279,
          0.9479536008143001,
          0.19597380079961657,
          1.1258621837254124,
          1.532702944632253,
          1.676350649252056,
          1.8204721940530089
        ],
        [
          0.11579580908806197,
          0.1642258575164699,
          0.9248774652998895,
          1.474603654862178,
          1.2782283949224686,
          0.3914451591076492,
          0.9939142611482668,
          0.7767861258772917,
          0.6804983490000018,
          0.20273341505762588,
          1.7192379221613945,
          0.4389887351856706,
          0.9370810256802449,
          0.6968020889253786,
          1.3025376921199139,
          0.8424759770550557
        ],
        [
          1.037876639179037,
          0.9248774652998895,
          1.816774807980508,
          1.260234851958227,
          0.9432020810085054,
          1.5130662173553862,
          0.9258802134347927,
          1.7563276179589375,
          1.4223876443065464,
          1.0633066444976194,
          0.9232934527138259,
          0.7168407681961536,
          1.2282296857298847,
          1.2432541735508642,
          1.9176502954225751,
          1.5064258626747318
        ],
        [
          1.0632304679783093,
          1.474603654862178,
          1.260234851958227,
          1.8672312600235088,
          0.9353599269752128,
          0.7790967736300605,
          1.3235894406253799,
          0.5981850977440046,
          0.8624266581059562,
          1.047478597301292,
          0.8198186896038475,
          0.662329517679368,
          0.685988519581488,
          0.3411092674159786,
          1.0769443989092078,
          0.2875916987939713
        ],
        [
          0.690993641044766,
          1.2782283949224686,
          0.9432020810085054,
          0.9353599269752128,
          1.133319356557891,
          1.4378117789373062,
          1.8325155451621353,
          1.3876822884867863,
          0.9261149055111391,
          0.8788947867959321,
          0.5970812386189387,
          1.407659182346284,
          0.7329346103875767,
          0.9103106143278769,
          0.5331581728945478,
          0.37666534717530364
        ],
        [
          0.2027492881048949,
          0.3914451591076492,
          1.5130662173553862,
          0.7790967736300605,
          1.4378117789373062,
          0.21399093558797966,
          0.12154445939780234,
          0.8259607609940008,
          1.1714495899837256,
          1.8641237764212921,
          0.8414009635368456,
          0.8237379258994803,
          0.3046022472383454,
          0.7169376590756859,
          0.8538795614956333,
          0.34091719197886816
        ],
        [
          1.3851237855474485,
          0.9939142611482668,
          0.9258802134347927,
          1.3235894406253799,
          1.8325155451621353,
          0.12154445939780234,
          0.9775620705884303,
          0.7801330374602742,
          0.44250007532426927,
          1.3165924485705696,
          1.3453735587724367,
          1.0931014741726237,
          0.3343267614775418,
          1.2689967945102376,
          1.7275715582298212,
          0.4315407022272978
        ],
        [
          1.2750085580118786,
          0.7767861258772917,
          1.7563276179589375,
          0.5981850977440046,
          1.3876822884867863,
          0.8259607609940008,
          0.7801330374602742,
          1.8318434204543828,
          1.9048688601143162,
          0.9154934676880727,
          1.580000517095423,
          1.8604794257021608,
          0.8241973918765042,
          1.5969009560895304,
          0.3287884143414923,
          1.2938063240926971
        ],
        [
          1.5551026894502176,
          0.6804983490000018,
          1.4223876443065464,
          0.8624266581059562,
          0.9261149055111391,
          1.1714495899837256,
          0.44250007532426927,
          1.9048688601143162,
          1.2852267007423448,
          1.2352290257541716,
          0.7313805068157805,
          1.0262963369428477,
          0.2771837143322743,
          1.119827128291158,
          0.9950752559635655,
          1.2153107940330743
        ],
        [
          0.7760183992233279,
          0.20273341505762588,
          1.0633066444976194,
          1.047478597301292,
          0.8788947867959321,
          1.8641237764212921,
          1.3165924485705696,
          0.9154934676880727,
          1.2352290257541716,
          0.7405020442182761,
          1.174020886374978,
          0.6356930828097306,
          0.5817875075957847,
          0.922503881148868,
          0.9607154477250586,
          0.7419968250549572
        ],
        [
          0.9479536008143001,
          1.7192379221613945,
          0.9232934527138259,
          0.8198186896038475,
          0.5970812386189387,
          0.8414009635368456,
          1.3453735587724367,
          1.580000517095423,
          0.7313805068157805,
          1.174020886374978,
          0.22982587699613277,
          1.105256982276416,
          1.0936977198688327,
          0.43878465201229855,
          0.867152818240789,
          0.9506127051933865
        ],
        [
          0.19597380079961657,
          0.4389887351856706,
          0.7168407681961536,
          0.662329517679368,
          1.407659182346284,
          0.8237379258994803,
          1.0931014741726237,
          1.8604794257021608,
          1.0262963369428477,
          0.6356930828097306,
          1.105256982276416,
          0.8791825868379868,
          1.5386691808434443,
          0.8582491274914176,
          0.9269603056367923,
          1.2908720498753055
        ],
        [
          1.1258621837254124,
          0.9370810256802449,
          1.2282296857298847,
          0.685988519581488,
          0.7329346103875767,
          0.3046022472383454,
          0.3343267614775418,
          0.8241973918765042,
          0.2771837143322743,
          0.5817875075957847,
          1.0936977198688327,
          1.5386691808434443,
          0.44848162977816464,
          1.0419050706459738,
          1.1341034419026457,
          1.3630141296277034
        ],
        [
          1.532702944632253,
          0.6968020889253786,
          1.2432541735508642,
          0.3411092674159786,
          0.9103106143278769,
          0.7169376590756859,
          1.2689967945102376,
          1.5969009560895304,
          1.119827128291158,
          0.922503881148868,
          0.43878465201229855,
          0.8582491274914176,
          1.0419050706459738,
          0.522715378227214,
          0.9490693859947562,
          0.8439260417391994
        ],
        [
          1.676350649252056,
          1.3025376921199139,
          1.9176502954225751,
          1.0769443989092078,
          0.5331581728945478,
          0.8538795614956333,
          1.7275715582298212,
          0.3287884143414923,
          0.9950752559635655,
          0.9607154477250586,
          0.867152818240789,
          0.9269603056367923,
          1.1341034419026457,
          0.9490693859947562,
          1.173335310060911,
          1.2884478325252102
        ],
        [
          1.8204721940530089,
          0.8424759770550557,
          1.5064258626747318,
          0.2875916987939713,
          0.37666534717530364,
          0.34091719197886816,
          0.4315407022272978,
          1.2938063240926971,
          1.2153107940330743,
          0.7419968250549572,
          0.9506127051933865,
          1.2908720498753055,
          1.3630141296277034,
          0.8439260417391994,
          1.2884478325252102,
          1.1397690857977947
        ]
      ],
      "b_vector": [
        0.4292311130749987,
        0.15292493595424447,
        0.34626717377435856,
        0.1947400729810877,
        0.21046342304475743,
        0.46052093496431035,
        0.4842655089927236,
        0.2821706328923292,
        0.07429798779866463,
        0.08543702935912216,
        0.15678196489327179,
        0.005265434920311034,
        0.14195187840328813,
        0.017187350926830575,
        0.06127532591271717,
        0.049130824838562626
      ]
    }
  ],
  "shots": 3000,
  "backend": "sv1",
  "device_arn": "SV1",
  "aws_region": "eu-west-2",
  "ideal_preprocessing_list": [
    [
      [
        -2.9419275143646133,
        -2.613644507697752,
        -1.7471697728509894,
        -1.4116800473729432,
        -1.1690265714056678,
        -0.5767971608170753,
        -0.3606746915363406,
        -0.09650176519003488,
        0.13093568382922702,
        0.4116844758247156,
        0.8371060449238885,
        1.1834314869761995,
        1.8347984217265918,
        2.3584716188734927,
        2.8241167105331586,
        16.06984040413998
      ],
      [
        0.23156840500433998,
        0.2956612291247237,
        0.1954997334483234,
        0.08750465108993805,
        0.22642204884243378,
        0.22255081100746238,
        0.014682798682848275,
        0.09704215573965959,
        0.09915226672220444,
        0.10158941552076023,
        0.0023539211610319258,
        0.09938989771011439,
        0.10144990804268321,
        0.08613191891538816,
        0.1808019549886657,
        0.7888086695304004
      ]
    ]
  ],
  "probability_threshold": 0,
  "k_qubits": 7,
  "preprocessing_mode": "ideal",
  "projection_mode": "all_components",
  "projection_subset": null,
  "num_solution_qubits": 4,
  "num_projections": 16,
  "projector_basis_states": [
    0,
    1,
    2,
    3,
    4,
    5,
    6,
    7,
    8,
    9,
    10,
    11,
    12,
    13,
    14,
    15
  ],
  "enhanced_projection_results": [
    {
      "problem_index": 0,
      "projection_tasks": [
        {
          "basis_state": 0,
          "task_id": "arn:aws:braket:eu-west-2:380012739362:quantum-task/73f261e6-2904-49f9-84f4-a1dae3ce66a9",
          "shots": 3000,
          "projector_index": 0
        },
        {
          "basis_state": 1,
          "task_id": "arn:aws:braket:eu-west-2:380012739362:quantum-task/4583fb35-798c-4efc-935e-19874ff957ee",
          "shots": 3000,
          "projector_index": 1
        },
        {
          "basis_state": 2,
          "task_id": "arn:aws:braket:eu-west-2:380012739362:quantum-task/49391290-f483-4b6a-984b-c4362a6d7dfc",
          "shots": 3000,
          "projector_index": 2
        },
        {
          "basis_state": 3,
          "task_id": "arn:aws:braket:eu-west-2:380012739362:quantum-task/edf867f9-d153-4673-94c7-225f95a83ddf",
          "shots": 3000,
          "projector_index": 3
        },
        {
          "basis_state": 4,
          "task_id": "arn:aws:braket:eu-west-2:380012739362:quantum-task/a3b956ff-aadd-4d5b-88ad-9a271684d834",
          "shots": 3000,
          "projector_index": 4
        },
        {
          "basis_state": 5,
          "task_id": "arn:aws:braket:eu-west-2:380012739362:quantum-task/c12aed0f-bb1b-452d-aedc-660f809b0943",
          "shots": 3000,
          "projector_index": 5
        },
        {
          "basis_state": 6,
          "task_id": "arn:aws:braket:eu-west-2:380012739362:quantum-task/4d0bfab1-744d-493e-8129-c1954687fcd9",
          "shots": 3000,
          "projector_index": 6
        },
        {
          "basis_state": 7,
          "task_id": "arn:aws:braket:eu-west-2:380012739362:quantum-task/e3285b88-e7c1-4080-b3e1-efc47c39ab52",
          "shots": 3000,
          "projector_index": 7
        },
        {
          "basis_state": 8,
          "task_id": "arn:aws:braket:eu-west-2:380012739362:quantum-task/9e960ea7-0a46-4d54-868c-b1ab4f483c11",
          "shots": 3000,
          "projector_index": 8
        },
        {
          "basis_state": 9,
          "task_id": "arn:aws:braket:eu-west-2:380012739362:quantum-task/81514669-b14a-460d-bdab-e023158e23ec",
          "shots": 3000,
          "projector_index": 9
        },
        {
          "basis_state": 10,
          "task_id": "arn:aws:braket:eu-west-2:380012739362:quantum-task/2890b7eb-5b9d-4e72-b978-9b1a5169bb2f",
          "shots": 3000,
          "projector_index": 10
        },
        {
          "basis_state": 11,
          "task_id": "arn:aws:braket:eu-west-2:380012739362:quantum-task/b0fda589-5dc8-4c1e-b46f-8b97d70ef89e",
          "shots": 3000,
          "projector_index": 11
        },
        {
          "basis_state": 12,
          "task_id": "arn:aws:braket:eu-west-2:380012739362:quantum-task/8f093741-a2f5-4feb-8883-8f265f4936f1",
          "shots": 3000,
          "projector_index": 12
        },
        {
          "basis_state": 13,
          "task_id": "arn:aws:braket:eu-west-2:380012739362:quantum-task/626b97e0-dccd-4ac0-a70e-7ec4be5364a1",
          "shots": 3000,
          "projector_index": 13
        },
        {
          "basis_state": 14,
          "task_id": "arn:aws:braket:eu-west-2:380012739362:quantum-task/951c9110-7281-48d1-a5fe-1782fb7319c6",
          "shots": 3000,
          "projector_index": 14
        },
        {
          "basis_state": 15,
          "task_id": "arn:aws:braket:eu-west-2:380012739362:quantum-task/2a3d4a66-9d16-47b9-839b-5b2532df7f67",
          "shots": 3000,
          "projector_index": 15
        }
      ],
      "depth": 13321,
      "num_projections": 16,
      "ideal_solution": [
        {
          "real": -0.24377804241908912,
          "imag": 0.0
        },
        {
          "real": 0.4860494032098401,
          "imag": 0.0
        },
        {
          "real": -0.013910847375123873,
          "imag": 0.0
        },
        {
          "real": -0.400209146779738,
          "imag": 0.0
        },
        {
          "real": 0.12860344065539425,
          "imag": 0.0
        },
        {
          "real": -0.05093835075123032,
          "imag": 0.0
        },
        {
          "real": 0.042340393369783284,
          "imag": 0.0
        },
        {
          "real": -0.06740392210950694,
          "imag": 0.0
        },
        {
          "real": 0.3987233092451658,
          "imag": 0.0
        },
        {
          "real": -0.13839959259289908,
          "imag": 0.0
        },
        {
          "real": 0.15997852299894202,
          "imag": 0.0
        },
        {
          "real": -0.1324261001252011,
          "imag": 0.0
        },
        {
          "real": -0.3973244616764066,
          "imag": 0.0
        },
        {
          "real": -0.02175196689074134,
          "imag": 0.0
        },
        {
          "real": 0.3712345826326062,
          "imag": 0.0
        },
        {
          "real": -0.03283743363365696,
          "imag": 0.0
        }
      ]
    }
  ]
}