{
  "problem_list": [
    {
      "A_matrix": [
        [
          1.0599734240873968,
          0.9138716225206688,
          0.9942319739239712,
          0.8396737121400761,
          0.49797573748973767,
          1.1724696926790066,
          1.063794880388952,
          1.1845882642122634
        ],
        [
          0.9138716225206688,
          1.1425910238988743,
          1.4113680187796738,
          1.1347731835809294,
          0.6701013530284793,
          1.1127696567999164,
          0.5286657383793633,
          0.7393285500269748
        ],
        [
          0.9942319739239712,
          1.4113680187796738,
          1.9881548206617257,
          0.5780817777971172,
          1.5541486012946673,
          1.2047804998324343,
          0.9204369431567601,
          1.4483169799839066
        ],
        [
          0.8396737121400761,
          1.1347731835809294,
          0.5780817777971172,
          0.8104396027297018,
          1.0099000019223168,
          1.2849637649822157,
          0.8292668175408389,
          0.5239615319048899
        ],
        [
          0.49797573748973767,
          0.6701013530284793,
          1.5541486012946673,
          1.0099000019223168,
          1.8220414678013102,
          0.6723508430978599,
          1.1415929001290992,
          1.189587594865009
        ],
        [
          1.1724696926790066,
          1.1127696567999164,
          1.2047804998324343,
          1.2849637649822157,
          0.6723508430978599,
          1.4914725214584954,
          0.8637859701415257,
          0.6331429472185536
        ],
        [
          1.063794880388952,
          0.5286657383793633,
          0.9204369431567601,
          0.8292668175408389,
          1.1415929001290992,
          0.8637859701415257,
          1.84552614059371,
          0.5756137506795375
        ],
        [
          1.1845882642122634,
          0.7393285500269748,
          1.4483169799839066,
          0.5239615319048899,
          1.189587594865009,
          0.6331429472185536,
          0.5756137506795375,
          1.5117102537787974
        ]
      ],
      "b_vector": [
        0.22915701270004415,
        0.20337638127998225,
        0.13292190901085837,
        0.5729702140396906,
        0.3554139654185658,
        0.6533457487830799,
        0.05841562870755845,
        0.059748397897342105
      ]
    }
  ],
  "shots": 3000,
  "backend": "sv1",
  "device_arn": "SV1",
  "aws_region": "eu-west-2",
  "ideal_preprocessing_list": [
    [
      [
        -0.6658056961842699,
        -0.3925226253224542,
        0.1148540073156952,
        0.4507757711556295,
        0.8785992233062356,
        1.392317305485566,
        1.658853117955852,
        8.23483815129776
      ],
      [
        0.04404471497915499,
        0.04071002028488707,
        0.23111070501542444,
        0.2982501602220669,
        0.3148722085481691,
        0.03253430029231627,
        0.3818698394419084,
        0.7797498820767416
      ]
    ]
  ],
  "probability_threshold": 0,
  "k_qubits": 7,
  "preprocessing_mode": "ideal",
  "projection_mode": "all_components",
  "projection_subset": null,
  "num_solution_qubits": 3,
  "num_projections": 8,
  "projector_basis_states": [
    0,
    1,
    2,
    3,
    4,
    5,
    6,
    7
  ],
  "enhanced_projection_results": [
    {
      "problem_index": 0,
      "projection_tasks": [
        {
          "basis_state": 0,
          "task_id": "arn:aws:braket:eu-west-2:380012739362:quantum-task/163758b9-5985-40b5-ba11-474c9f27d45c",
          "shots": 3000,
          "projector_index": 0
        },
        {
          "basis_state": 1,
          "task_id": "arn:aws:braket:eu-west-2:380012739362:quantum-task/606c77e2-ec24-4c8f-b549-47e68c3ad7ba",
          "shots": 3000,
          "projector_index": 1
        },
        {
          "basis_state": 2,
          "task_id": "arn:aws:braket:eu-west-2:380012739362:quantum-task/9ea387a0-bb64-48a6-ade1-a6a60cd228f0",
          "shots": 3000,
          "projector_index": 2
        },
        {
          "basis_state": 3,
          "task_id": "arn:aws:braket:eu-west-2:380012739362:quantum-task/24515f3a-4ac1-43cd-b974-838a20e75277",
          "shots": 3000,
          "projector_index": 3
        },
        {
          "basis_state": 4,
          "task_id": "arn:aws:braket:eu-west-2:380012739362:quantum-task/dd2e40e7-6401-43d9-9010-499bcf67b50b",
          "shots": 3000,
          "projector_index": 4
        },
        {
          "basis_state": 5,
          "task_id": "arn:aws:braket:eu-west-2:380012739362:quantum-task/bb890529-2864-4205-aa81-3f35ed8200be",
          "shots": 3000,
          "projector_index": 5
        },
        {
          "basis_state": 6,
          "task_id": "arn:aws:braket:eu-west-2:380012739362:quantum-task/e617a9d4-cd10-4fa4-af74-64a73d232c38",
          "shots": 3000,
          "projector_index": 6
        },
        {
          "basis_state": 7,
          "task_id": "arn:aws:braket:eu-west-2:380012739362:quantum-task/5019ebc3-740a-4d4c-9554-7aa13582148f",
          "shots": 3000,
          "projector_index": 7
        }
      ],
      "depth": 4829,
      "num_projections": 8,
      "ideal_solution": [
        {
          "real": -0.09783986076656553,
          "imag": 0.0
        },
        {
          "real": -0.5616241415738328,
          "imag": 0.0
        },
        {
          "real": -0.05595421776685083,
          "imag": 0.0
        },
        {
          "real": 0.03503026015379887,
          "imag": 0.0
        },
        {
          "real": 0.21597127760838214,
          "imag": 0.0
        },
        {
          "real": 0.749986562635596,
          "imag": 0.0
        },
        {
          "real": -0.24714250503307847,
          "imag": 0.0
        },
        {
          "real": 0.02109115820699406,
          "imag": 0.0
        }
      ]
    }
  ]
}