{
  "problem_list": [
    {
      "A_matrix": [
        [
          0.16967369671676047,
          0.47530486325455146,
          0.6930004323335851,
          0.8244635666229639,
          0.3193399458256386,
          0.5364501961463111,
          1.2243900284279785,
          1.5645712166974186
        ],
        [
          0.47530486325455146,
          1.8400900779936746,
          1.1027446848141844,
          1.7169777198944196,
          1.9006645971513574,
          1.4710877336450752,
          0.24925318559645215,
          1.4092512966505835
        ],
        [
          0.6930004323335851,
          1.1027446848141844,
          1.3725838588918693,
          1.1873934401914357,
          0.6009974586216369,
          0.6042562431570228,
          1.5952985592012403,
          0.8229336680662269
        ],
        [
          0.8244635666229639,
          1.7169777198944196,
          1.1873934401914357,
          1.4349924864502948,
          0.7121776014379833,
          0.8717117693336084,
          0.9981485363309538,
          1.0511910136189444
        ],
        [
          0.3193399458256386,
          1.9006645971513574,
          0.6009974586216369,
          0.7121776014379833,
          0.1574603281134892,
          1.2189182034216273,
          0.8824590960228501,
          1.1741429719845557
        ],
        [
          0.5364501961463111,
          1.4710877336450752,
          0.6042562431570228,
          0.8717117693336084,
          1.2189182034216273,
          1.2777561136292224,
          0.6734260544279601,
          0.4921149555691614
        ],
        [
          1.2243900284279785,
          0.24925318559645215,
          1.5952985592012403,
          0.9981485363309538,
          0.8824590960228501,
          0.6734260544279601,
          1.2635963560539183,
          0.62977224178754
        ],
        [
          1.5645712166974186,
          1.4092512966505835,
          0.8229336680662269,
          1.0511910136189444,
          1.1741429719845557,
          0.4921149555691614,
          0.62977224178754,
          0.04442330025442787
        ]
      ],
      "b_vector": [
        0.26792288648402174,
        0.37720586922636373,
        0.013821035209878216,
        0.5076828554609817,
        0.33723544393323823,
        0.23469410956004005,
        0.10688478517213608,
        0.5897174996281208
      ]
    }
  ],
  "shots": 3000,
  "backend": "sv1",
  "device_arn": "SV1",
  "aws_region": "eu-west-2",
  "ideal_preprocessing_list": [
    [
      [
        -1.9079477935294453,
        -1.2899627016386401,
        -0.43749982669921395,
        0.08442870569784146,
        0.470619495793608,
        0.6618833978285871,
        2.0733457497941914,
        7.905709190856732
      ],
      [
        0.1155051185994937,
        0.17373157221356444,
        0.040632675809069166,
        0.13064417372120501,
        0.3048115065229924,
        0.24031222425386065,
        0.18357112380945098,
        0.867985378212963
      ]
    ]
  ],
  "probability_threshold": 0,
  "k_qubits": 7,
  "preprocessing_mode": "ideal",
  "projection_mode": "all_components",
  "projection_subset": null,
  "num_solution_qubits": 3,
  "num_projections": 8,
  "projector_basis_states": [
    0,
    1,
    2,
    3,
    4,
    5,
    6,
    7
  ],
  "enhanced_projection_results": [
    {
      "problem_index": 0,
      "projection_tasks": [
        {
          "basis_state": 0,
          "task_id": "arn:aws:braket:eu-west-2:380012739362:quantum-task/f7df8cc7-325d-49a2-9b94-b7b57dfccba5",
          "status": "DONE",
          "shots": 3000,
          "created_at": "2025-12-21 12:47:00.666000+00:00",
          "ended_at": "2025-12-21 12:47:03.810000+00:00",
          "execution_time_seconds": 3.144,
          "counts": {
            "11100000000": 1095,
            "00100000000": 474,
            "10100000000": 117,
            "00000000000": 187,
            "01100000000": 578,
            "10000000000": 436,
            "01000000001": 10,
            "01111000000": 4,
            "10111000001": 2,
            "11000000000": 38,
            "00000000001": 9,
            "01100000001": 16,
            "01110010000": 2,
            "10000000001": 7,
            "10011000000": 1,
            "01111000001": 4,
            "01000000000": 11,
            "00100000001": 1,
            "10111000000": 1,
            "10010100001": 1,
            "10011000001": 1,
            "10100000001": 1,
            "01011000000": 1,
            "10110100001": 1,
            "01111100001": 1,
            "10101110001": 1
          },
          "component_probability": 0.16363636363636364,
          "success_rate": 0.018333333333333333
        },
        {
          "basis_state": 1,
          "task_id": "arn:aws:braket:eu-west-2:380012739362:quantum-task/4973b348-0306-47fe-b154-c3b37a18cf11",
          "status": "DONE",
          "shots": 3000,
          "created_at": "2025-12-21 12:47:02.773000+00:00",
          "ended_at": "2025-12-21 12:47:06.298000+00:00",
          "execution_time_seconds": 3.525,
          "counts": {
            "11100000000": 1092,
            "11000000000": 36,
            "10000000000": 403,
            "00100000000": 490,
            "01100000000": 586,
            "00000000000": 196,
            "10100000000": 115,
            "00000000001": 9,
            "01000000001": 17,
            "01100000001": 16,
            "01000000000": 13,
            "01111000000": 3,
            "10100000001": 2,
            "00111000000": 1,
            "11000000001": 1,
            "01111000001": 2,
            "01110100000": 1,
            "01001100001": 1,
            "10111100000": 1,
            "00111000001": 1,
            "11100000001": 1,
            "11110100000": 1,
            "10000000001": 3,
            "10110100001": 1,
            "01111110000": 1,
            "10011000000": 1,
            "10110100000": 1,
            "00110100000": 1,
            "01100100000": 1,
            "00100000001": 2,
            "11111000000": 1
          },
          "component_probability": 0.05357142857142857,
          "success_rate": 0.018666666666666668
        },
        {
          "basis_state": 2,
          "task_id": "arn:aws:braket:eu-west-2:380012739362:quantum-task/e9269187-94f0-485c-a6d2-6b232ad9f3c5",
          "status": "DONE",
          "shots": 3000,
          "created_at": "2025-12-21 12:47:04.931000+00:00",
          "ended_at": "2025-12-21 12:47:08.921000+00:00",
          "execution_time_seconds": 3.99,
          "counts": {
            "10000000000": 427,
            "11100000000": 1094,
            "01100000000": 582,
            "00100000000": 467,
            "10100000000": 134,
            "00000000000": 203,
            "01000000001": 6,
            "11000000000": 35,
            "01100000001": 15,
            "00000000001": 10,
            "01000000000": 3,
            "10000000001": 3,
            "01111000000": 3,
            "10011000001": 2,
            "10111000000": 2,
            "10100000001": 5,
            "01110010001": 1,
            "10110100001": 1,
            "10100111000": 1,
            "01111000001": 2,
            "01110100000": 1,
            "01011000000": 2,
            "10110100000": 1
          },
          "component_probability": 0.13333333333333333,
          "success_rate": 0.015
        },
        {
          "basis_state": 3,
          "task_id": "arn:aws:braket:eu-west-2:380012739362:quantum-task/4040d9f1-70e6-45bf-8684-c2f89ccf957c",
          "status": "DONE",
          "shots": 3000,
          "created_at": "2025-12-21 12:47:07.037000+00:00",
          "ended_at": "2025-12-21 12:47:10.904000+00:00",
          "execution_time_seconds": 3.867,
          "counts": {
            "10000000000": 377,
            "11100000000": 1160,
            "01100000000": 556,
            "00100000000": 473,
            "00000000000": 200,
            "00000000001": 15,
            "10100000000": 125,
            "01000000000": 9,
            "11000000000": 32,
            "01010100001": 1,
            "01110010001": 1,
            "01100000001": 15,
            "00100000001": 1,
            "01000000001": 14,
            "10000000001": 1,
            "01111000000": 2,
            "10110100000": 3,
            "01110100001": 1,
            "01110001000": 1,
            "10111000000": 3,
            "10100000001": 1,
            "01011000001": 2,
            "01010100000": 1,
            "10110100001": 2,
            "11111000001": 2,
            "01111000001": 2
          },
          "component_probability": 0.3275862068965517,
          "success_rate": 0.019333333333333334
        },
        {
          "basis_state": 4,
          "task_id": "arn:aws:braket:eu-west-2:380012739362:quantum-task/23efb1ed-6065-4126-a286-a672b7eb9748",
          "status": "DONE",
          "shots": 3000,
          "created_at": "2025-12-21 12:47:09.149000+00:00",
          "ended_at": "2025-12-21 12:47:12.486000+00:00",
          "execution_time_seconds": 3.337,
          "counts": {
            "00000000000": 184,
            "00100000000": 498,
            "11100000000": 1093,
            "01100000000": 581,
            "10000000000": 407,
            "10100000001": 6,
            "00000000001": 8,
            "10100000000": 122,
            "11000000000": 40,
            "01100000001": 16,
            "01111000000": 6,
            "00110100000": 2,
            "00011000000": 1,
            "01000000001": 16,
            "00111000001": 1,
            "10000000001": 4,
            "01111000001": 1,
            "00100000001": 2,
            "10111000000": 2,
            "00110010000": 1,
            "10111000001": 1,
            "01000000000": 3,
            "01110010000": 1,
            "01011000000": 1,
            "11000110001": 1,
            "11000000001": 1,
            "00110100001": 1
          },
          "component_probability": 0.06896551724137931,
          "success_rate": 0.019333333333333334
        },
        {
          "basis_state": 5,
          "task_id": "arn:aws:braket:eu-west-2:380012739362:quantum-task/763ede36-7238-4077-8c91-1b4cc4d98288",
          "status": "DONE",
          "shots": 3000,
          "created_at": "2025-12-21 12:47:11.353000+00:00",
          "ended_at": "2025-12-21 12:47:15.468000+00:00",
          "execution_time_seconds": 4.115,
          "counts": {
            "01100000000": 550,
            "11100000000": 1126,
            "10000000000": 422,
            "00000000000": 189,
            "00100000000": 516,
            "10100000000": 115,
            "11000000000": 32,
            "10111000001": 1,
            "01111000000": 2,
            "01000000001": 9,
            "10110100000": 1,
            "10100000001": 1,
            "01111000001": 3,
            "01110100000": 1,
            "11000000001": 2,
            "01011000000": 2,
            "01100000001": 11,
            "01000000000": 9,
            "10101100000": 1,
            "01110010000": 1,
            "00110100001": 1,
            "00000000001": 1,
            "01001010000": 1,
            "10000000001": 2,
            "10101001110": 1
          },
          "component_probability": 0.06451612903225806,
          "success_rate": 0.010333333333333333
        },
        {
          "basis_state": 6,
          "task_id": "arn:aws:braket:eu-west-2:380012739362:quantum-task/ad1aebfa-d1d0-4e99-b278-03d577e8db13",
          "status": "DONE",
          "shots": 3000,
          "created_at": "2025-12-21 12:47:13.555000+00:00",
          "ended_at": "2025-12-21 12:47:16.570000+00:00",
          "execution_time_seconds": 3.015,
          "counts": {
            "11100000000": 1110,
            "10000000000": 408,
            "00100000000": 500,
            "10100000000": 108,
            "00000000000": 184,
            "01100000000": 584,
            "01100000001": 10,
            "01000000000": 9,
            "01000000001": 13,
            "00000000001": 11,
            "00111000000": 2,
            "11000000000": 37,
            "10111000000": 1,
            "10000000001": 5,
            "01111000000": 1,
            "10011000000": 1,
            "01001100001": 1,
            "01011000000": 2,
            "10110110000": 1,
            "01111000001": 4,
            "10011000001": 1,
            "11000101000": 1,
            "10110100001": 1,
            "10100000001": 1,
            "01011000001": 1,
            "00100000001": 1,
            "11111000001": 1,
            "10100100000": 1
          },
          "component_probability": 0.0,
          "success_rate": 0.016666666666666666
        },
        {
          "basis_state": 7,
          "task_id": "arn:aws:braket:eu-west-2:380012739362:quantum-task/a2a9f52c-3bae-48f6-a005-156b193485c7",
          "status": "DONE",
          "shots": 3000,
          "created_at": "2025-12-21 12:47:15.741000+00:00",
          "ended_at": "2025-12-21 12:47:19.187000+00:00",
          "execution_time_seconds": 3.446,
          "counts": {
            "11100000000": 1088,
            "01100000000": 557,
            "00100000000": 556,
            "10000000000": 375,
            "10100000000": 120,
            "01100000001": 20,
            "11000000000": 40,
            "00000000000": 184,
            "10101100001": 1,
            "01111000000": 4,
            "01000000001": 16,
            "00000000001": 7,
            "01111000001": 3,
            "10000000001": 5,
            "01000000000": 8,
            "11000100001": 1,
            "01010100001": 1,
            "00111000001": 2,
            "10100000001": 2,
            "11111000001": 1,
            "11000000001": 1,
            "10110110000": 1,
            "00011000001": 1,
            "10111000001": 1,
            "00111000000": 2,
            "11110101000": 1,
            "11111000000": 1,
            "10011000001": 1
          },
          "component_probability": 0.015873015873015872,
          "success_rate": 0.021
        }
      ],
      "depth": 4892,
      "num_projections": 8,
      "ideal_solution": [
        {
          "real": 0.38857534553982653,
          "imag": 0.0
        },
        {
          "real": -0.15827881525906837,
          "imag": 0.0
        },
        {
          "real": -0.5323726900887605,
          "imag": 0.0
        },
        {
          "real": 0.620017412750023,
          "imag": 0.0
        },
        {
          "real": -0.294651450498156,
          "imag": 0.0
        },
        {
          "real": 0.25375568649505753,
          "imag": 0.0
        },
        {
          "real": -0.060825152036295946,
          "imag": 0.0
        },
        {
          "real": 0.03469321812300623,
          "imag": 0.0
        }
      ],
      "reconstructed_solution_probabilities": [
        0.19775217431596587,
        0.064740295162965,
        0.1611314012944907,
        0.3958831842149125,
        0.08334382825577105,
        0.07796680707797937,
        0.0,
        0.01918230967791556
      ],
      "fidelity": 0.9557103955441308,
      "metadata": {
        "measured_components": [
          0,
          1,
          2,
          3,
          4,
          5,
          6,
          7
        ],
        "success_rates": [
          0.018333333333333333,
          0.018666666666666668,
          0.015,
          0.019333333333333334,
          0.019333333333333334,
          0.010333333333333333,
          0.016666666666666666,
          0.021
        ],
        "raw_probabilities": [
          0.16363636363636364,
          0.05357142857142857,
          0.13333333333333333,
          0.3275862068965517,
          0.06896551724137931,
          0.06451612903225806,
          0.0,
          0.015873015873015872
        ],
        "average_success_rate": 0.017333333333333333,
        "total_probability": 0.8274819945843305
      },
      "total_problem_time_seconds": 18.521,
      "first_created_at": "2025-12-21 12:47:00.666000+00:00",
      "last_ended_at": "2025-12-21 12:47:19.187000+00:00"
    }
  ]
}