{
  "problem_list": [
    {
      "A_matrix": [
        [
          0.8453148046077645,
          0.9883941267840345,
          0.6745450745614678,
          0.7885640012015246,
          0.8540397967871128,
          0.6889426833821013,
          0.8988609616469098,
          1.389660287398232
        ],
        [
          0.9883941267840345,
          1.8724169785794222,
          0.5705600245018561,
          1.7474087891556227,
          1.3794727804226032,
          1.422916692484252,
          0.586403841886635,
          0.5121231887417003
        ],
        [
          0.6745450745614678,
          0.5705600245018561,
          1.8510773763862274,
          0.7239796060624073,
          1.44459150235663,
          1.4585329152032265,
          0.4962024016481057,
          1.1867178545329657
        ],
        [
          0.7885640012015246,
          1.7474087891556227,
          0.7239796060624073,
          1.0908865844524118,
          1.2905305039329718,
          0.794962878792754,
          0.5237877607229899,
          0.9713136949491629
        ],
        [
          0.8540397967871128,
          1.3794727804226032,
          1.44459150235663,
          1.2905305039329718,
          1.2931323190777149,
          0.8609571760785918,
          0.6768050351903684,
          0.3512207658102624
        ],
        [
          0.6889426833821013,
          1.422916692484252,
          1.4585329152032265,
          0.794962878792754,
          0.8609571760785918,
          0.04588241714622798,
          0.9917431064226301,
          0.863161092836583
        ],
        [
          0.8988609616469098,
          0.586403841886635,
          0.4962024016481057,
          0.5237877607229899,
          0.6768050351903684,
          0.9917431064226301,
          0.5832428908518879,
          0.4378357471278399
        ],
        [
          1.389660287398232,
          0.5121231887417003,
          1.1867178545329657,
          0.9713136949491629,
          0.3512207658102624,
          0.863161092836583,
          0.4378357471278399,
          0.08412985250729776
        ]
      ],
      "b_vector": [
        0.45154882120378464,
        0.15041548312836237,
        0.3280810134734407,
        0.4288475815449723,
        0.4225226231611753,
        0.5143115741134383,
        0.09899094265858407,
        0.17055930296387817
      ]
    }
  ],
  "shots": 3000,
  "backend": "sv1",
  "device_arn": "SV1",
  "aws_region": "eu-west-2",
  "ideal_preprocessing_list": [
    [
      [
        -1.4701307237611363,
        -1.2249877183832063,
        -0.2758095266592463,
        0.09935290777738766,
        0.33119157490142753,
        0.965116458672731,
        1.6635051858062673,
        7.577845065254728
      ],
      [
        0.3385404777240698,
        0.12497077675748261,
        0.02012802615595899,
        0.13317101385774543,
        0.04147120386303707,
        0.03798010268757864,
        0.10402013756570108,
        0.9152324598488405
      ]
    ]
  ],
  "probability_threshold": 0,
  "k_qubits": 7,
  "preprocessing_mode": "ideal",
  "projection_mode": "all_components",
  "projection_subset": null,
  "num_solution_qubits": 3,
  "num_projections": 8,
  "projector_basis_states": [
    0,
    1,
    2,
    3,
    4,
    5,
    6,
    7
  ],
  "enhanced_projection_results": [
    {
      "problem_index": 0,
      "projection_tasks": [
        {
          "basis_state": 0,
          "task_id": "arn:aws:braket:eu-west-2:380012739362:quantum-task/609b8e95-f40f-450f-8a85-c1730f250124",
          "shots": 3000,
          "projector_index": 0
        },
        {
          "basis_state": 1,
          "task_id": "arn:aws:braket:eu-west-2:380012739362:quantum-task/f43833e4-1e74-4885-9182-f8840649d2d7",
          "shots": 3000,
          "projector_index": 1
        },
        {
          "basis_state": 2,
          "task_id": "arn:aws:braket:eu-west-2:380012739362:quantum-task/2c4dd190-1bcc-4d3c-b155-d6a571194db3",
          "shots": 3000,
          "projector_index": 2
        },
        {
          "basis_state": 3,
          "task_id": "arn:aws:braket:eu-west-2:380012739362:quantum-task/0fbcb2cd-ecdd-49eb-9b18-11514b719322",
          "shots": 3000,
          "projector_index": 3
        },
        {
          "basis_state": 4,
          "task_id": "arn:aws:braket:eu-west-2:380012739362:quantum-task/e2ad2ab3-2aab-4e80-beca-c8804c620081",
          "shots": 3000,
          "projector_index": 4
        },
        {
          "basis_state": 5,
          "task_id": "arn:aws:braket:eu-west-2:380012739362:quantum-task/9e648ca5-422c-4654-b4bd-c4ee1cc2c773",
          "shots": 3000,
          "projector_index": 5
        },
        {
          "basis_state": 6,
          "task_id": "arn:aws:braket:eu-west-2:380012739362:quantum-task/57e2a681-4a03-4a9e-9c4e-c618a4cd1c1a",
          "shots": 3000,
          "projector_index": 6
        },
        {
          "basis_state": 7,
          "task_id": "arn:aws:braket:eu-west-2:380012739362:quantum-task/dd0ba3bd-98c6-4f48-b96a-55814de3f64c",
          "shots": 3000,
          "projector_index": 7
        }
      ],
      "depth": 4884,
      "num_projections": 8,
      "ideal_solution": [
        {
          "real": 0.36186720082326995,
          "imag": 0.0
        },
        {
          "real": -0.3112304855494256,
          "imag": 0.0
        },
        {
          "real": -0.08008761070089883,
          "imag": 0.0
        },
        {
          "real": 0.16177881891629942,
          "imag": 0.0
        },
        {
          "real": 0.6366132445161995,
          "imag": 0.0
        },
        {
          "real": -0.562518636233406,
          "imag": 0.0
        },
        {
          "real": -0.0676876589575652,
          "imag": 0.0
        },
        {
          "real": 0.11539516374952385,
          "imag": 0.0
        }
      ]
    }
  ]
}