{
  "problem_list": [
    {
      "A_matrix": [
        [
          1.1789939920860544,
          1.1704438279004987,
          0.7336484155002084,
          1.0288490610677306,
          0.45270304912351056,
          0.6742792535072977,
          1.5390673543590503,
          0.6080372532196876
        ],
        [
          1.1704438279004987,
          1.1303598295354707,
          1.4370626328153024,
          1.6322579771592274,
          1.108197369287198,
          0.7360594322078015,
          0.510700131163523,
          0.5533350709134812
        ],
        [
          0.7336484155002084,
          1.4370626328153024,
          0.8815039027289646,
          1.448874603013253,
          1.6757043929766664,
          0.3645855502551292,
          1.0087605376665665,
          0.8177677399028612
        ],
        [
          1.0288490610677306,
          1.6322579771592274,
          1.448874603013253,
          0.594981122367819,
          1.6231492569420016,
          0.8726554373202474,
          0.787472602041046,
          1.097263396575061
        ],
        [
          0.45270304912351056,
          1.108197369287198,
          1.6757043929766664,
          1.6231492569420016,
          1.6579184796515036,
          1.4371743278247766,
          0.8714998854363942,
          0.9281304860951
        ],
        [
          0.6742792535072977,
          0.7360594322078015,
          0.3645855502551292,
          0.8726554373202474,
          1.4371743278247766,
          0.9195259147887276,
          0.6332516766019785,
          0.9038696920939175
        ],
        [
          1.5390673543590503,
          0.510700131163523,
          1.0087605376665665,
          0.787472602041046,
          0.8714998854363942,
          0.6332516766019785,
          0.8649606765512798,
          1.355984343018561
        ],
        [
          0.6080372532196876,
          0.5533350709134812,
          0.8177677399028612,
          1.097263396575061,
          0.9281304860951,
          0.9038696920939175,
          1.355984343018561,
          0.7261291548977695
        ]
      ],
      "b_vector": [
        0.06625683866977766,
        0.22734949549927233,
        0.28076850354163013,
        0.4900303262169936,
        0.40990604315302714,
        0.40898940744165846,
        0.5107073435061199,
        0.1698360229999678
      ]
    }
  ],
  "shots": 3000,
  "backend": "sv1",
  "device_arn": "SV1",
  "aws_region": "eu-west-2",
  "ideal_preprocessing_list": [
    [
      [
        -1.1956508674889752,
        -1.032486586267115,
        -0.8080245027823293,
        -0.13366589802643974,
        0.43665531173420413,
        1.0464560178772087,
        1.5052230988487671,
        8.135866498712264
      ],
      [
        0.33273993969797844,
        0.06625836688241661,
        0.05619650819973984,
        0.044853818946924695,
        0.013086577031945157,
        0.191933867183331,
        0.06088026468364563,
        0.9159736755177965
      ]
    ]
  ],
  "probability_threshold": 0,
  "k_qubits": 7,
  "preprocessing_mode": "ideal",
  "projection_mode": "all_components",
  "projection_subset": null,
  "num_solution_qubits": 3,
  "num_projections": 8,
  "projector_basis_states": [
    0,
    1,
    2,
    3,
    4,
    5,
    6,
    7
  ],
  "enhanced_projection_results": [
    {
      "problem_index": 0,
      "projection_tasks": [
        {
          "basis_state": 0,
          "task_id": "arn:aws:braket:eu-west-2:380012739362:quantum-task/5289a4d9-bab7-4c2e-b93a-a3125a85b3fe",
          "shots": 3000,
          "projector_index": 0
        },
        {
          "basis_state": 1,
          "task_id": "arn:aws:braket:eu-west-2:380012739362:quantum-task/9fa0efbc-4f41-4417-be44-7442fca5fd82",
          "shots": 3000,
          "projector_index": 1
        },
        {
          "basis_state": 2,
          "task_id": "arn:aws:braket:eu-west-2:380012739362:quantum-task/1ee10c5b-b017-43d4-bb75-0090450cd578",
          "shots": 3000,
          "projector_index": 2
        },
        {
          "basis_state": 3,
          "task_id": "arn:aws:braket:eu-west-2:380012739362:quantum-task/43e4f0e3-1725-458e-b76e-1169c12a012e",
          "shots": 3000,
          "projector_index": 3
        },
        {
          "basis_state": 4,
          "task_id": "arn:aws:braket:eu-west-2:380012739362:quantum-task/0de43ec5-e44a-4878-a385-23cc4f226999",
          "shots": 3000,
          "projector_index": 4
        },
        {
          "basis_state": 5,
          "task_id": "arn:aws:braket:eu-west-2:380012739362:quantum-task/432a0e88-5fad-4fba-a556-ac002139de70",
          "shots": 3000,
          "projector_index": 5
        },
        {
          "basis_state": 6,
          "task_id": "arn:aws:braket:eu-west-2:380012739362:quantum-task/2ac368d2-a7dc-4334-af62-99ddb634284a",
          "shots": 3000,
          "projector_index": 6
        },
        {
          "basis_state": 7,
          "task_id": "arn:aws:braket:eu-west-2:380012739362:quantum-task/b2111ed0-e65c-4948-9b6b-88be3dfb4b2c",
          "shots": 3000,
          "projector_index": 7
        }
      ],
      "depth": 4564,
      "num_projections": 8,
      "ideal_solution": [
        {
          "real": -0.03121023806678119,
          "imag": 0.0
        },
        {
          "real": 0.06682995772135208,
          "imag": 0.0
        },
        {
          "real": -0.022782984433583217,
          "imag": 0.0
        },
        {
          "real": -0.03281190570146094,
          "imag": 0.0
        },
        {
          "real": 0.0654099341905431,
          "imag": 0.0
        },
        {
          "real": 0.1378695876193265,
          "imag": 0.0
        },
        {
          "real": -0.3508001845351898,
          "imag": 0.0
        },
        {
          "real": 0.9201177859949548,
          "imag": 0.0
        }
      ]
    }
  ]
}