{
  "problem_list": [
    {
      "A_matrix": [
        [
          1.3219306296196869,
          1.7329502581529996,
          0.9342861986288485,
          1.7444886404698265,
          0.9725989950374445,
          0.9313321992917062,
          0.819374639360075,
          0.5348391686710868
        ],
        [
          1.7329502581529996,
          0.8143374009852324,
          0.6718918420904869,
          1.0772592187542234,
          0.7841184504058133,
          0.911165724811538,
          1.4041621608764574,
          1.1365760935186426
        ],
        [
          0.9342861986288485,
          0.6718918420904869,
          0.03528916789284642,
          1.4799676329178937,
          1.1020118303642827,
          0.7935924488063119,
          1.1146558705792056,
          0.39714968567900344
        ],
        [
          1.7444886404698265,
          1.0772592187542234,
          1.4799676329178937,
          1.6115111345135495,
          1.0477191677840816,
          0.8040589584284374,
          1.3554586526327896,
          0.7847282711236265
        ],
        [
          0.9725989950374445,
          0.7841184504058133,
          1.1020118303642827,
          1.0477191677840816,
          0.597064193280934,
          0.8795244445343492,
          1.1119405373884996,
          0.8368006937935867
        ],
        [
          0.9313321992917062,
          0.911165724811538,
          0.7935924488063119,
          0.8040589584284374,
          0.8795244445343492,
          1.8428364557460715,
          1.7389449487229243,
          0.880190335508059
        ],
        [
          0.819374639360075,
          1.4041621608764574,
          1.1146558705792056,
          1.3554586526327896,
          1.1119405373884996,
          1.7389449487229243,
          1.7668361553319887,
          0.82375724368817
        ],
        [
          0.5348391686710868,
          1.1365760935186426,
          0.39714968567900344,
          0.7847282711236265,
          0.8368006937935867,
          0.880190335508059,
          0.82375724368817,
          0.9422017933718594
        ]
      ],
      "b_vector": [
        0.5409560171916588,
        0.12065187707863333,
        0.3641378080618684,
        0.490440665529611,
        0.5606915089762863,
        0.05864031724282797,
        0.0032764288822753067,
        0.04309213763142366
      ]
    }
  ],
  "shots": 3000,
  "backend": "sv1",
  "device_arn": "SV1",
  "aws_region": "eu-west-2",
  "ideal_preprocessing_list": [
    [
      [
        -1.1799143511205576,
        -1.0149619235404896,
        -0.1850347277831348,
        0.10102928440371768,
        0.4059143336825161,
        0.7143968661488505,
        1.5539496129677677,
        8.536627835983499
      ],
      [
        0.011677108758092386,
        0.059540402516316274,
        0.25057321505921537,
        0.2975115617856972,
        0.07249117364995881,
        0.15421485324665773,
        0.49065189647848423,
        0.7584471275975674
      ]
    ]
  ],
  "probability_threshold": 0,
  "k_qubits": 7,
  "preprocessing_mode": "ideal",
  "projection_mode": "all_components",
  "projection_subset": null,
  "num_solution_qubits": 3,
  "num_projections": 8,
  "projector_basis_states": [
    0,
    1,
    2,
    3,
    4,
    5,
    6,
    7
  ],
  "enhanced_projection_results": [
    {
      "problem_index": 0,
      "projection_tasks": [
        {
          "basis_state": 0,
          "task_id": "arn:aws:braket:eu-west-2:380012739362:quantum-task/5a94527c-c526-4026-9f69-a4f9f3f2562c",
          "shots": 3000,
          "projector_index": 0
        },
        {
          "basis_state": 1,
          "task_id": "arn:aws:braket:eu-west-2:380012739362:quantum-task/be73fb6e-538e-4cac-bf47-8efa1cc5de21",
          "shots": 3000,
          "projector_index": 1
        },
        {
          "basis_state": 2,
          "task_id": "arn:aws:braket:eu-west-2:380012739362:quantum-task/89deff98-8a82-4446-bf03-eb1f85d721d7",
          "shots": 3000,
          "projector_index": 2
        },
        {
          "basis_state": 3,
          "task_id": "arn:aws:braket:eu-west-2:380012739362:quantum-task/f3476e3b-3a1f-4ce4-a8a5-9d545be130fb",
          "shots": 3000,
          "projector_index": 3
        },
        {
          "basis_state": 4,
          "task_id": "arn:aws:braket:eu-west-2:380012739362:quantum-task/5a1024b5-82c0-46a3-98cb-33a8bb436ceb",
          "shots": 3000,
          "projector_index": 4
        },
        {
          "basis_state": 5,
          "task_id": "arn:aws:braket:eu-west-2:380012739362:quantum-task/24024794-9c62-4729-ad14-de908045a2b2",
          "shots": 3000,
          "projector_index": 5
        },
        {
          "basis_state": 6,
          "task_id": "arn:aws:braket:eu-west-2:380012739362:quantum-task/a7cad356-1080-4c87-9dd5-81863e984287",
          "shots": 3000,
          "projector_index": 6
        },
        {
          "basis_state": 7,
          "task_id": "arn:aws:braket:eu-west-2:380012739362:quantum-task/c81e2038-015b-4ef0-85fd-7f0de37b72f2",
          "shots": 3000,
          "projector_index": 7
        }
      ],
      "depth": 4712,
      "num_projections": 8,
      "ideal_solution": [
        {
          "real": 0.017133650673074208,
          "imag": 0.0
        },
        {
          "real": -0.4296018206223681,
          "imag": 0.0
        },
        {
          "real": 0.13182959133496994,
          "imag": 0.0
        },
        {
          "real": 0.41731857115961496,
          "imag": 0.0
        },
        {
          "real": 0.0017021114413515734,
          "imag": 0.0
        },
        {
          "real": 0.4324597337215894,
          "imag": 0.0
        },
        {
          "real": -0.612056074468092,
          "imag": 0.0
        },
        {
          "real": 0.24895366231311905,
          "imag": 0.0
        }
      ]
    }
  ]
}