{
  "problem_list": [
    {
      "A_matrix": [
        [
          0.6388810539926808,
          0.5977760109348491,
          1.2472450203691396,
          0.7500038489607055,
          1.3831670680791586,
          1.004215048417893,
          0.7324656934160634,
          0.6827452558430125,
          1.1706427025996962,
          0.8507294914251157,
          1.6228441553917248,
          1.807835853203235,
          1.2108108416812517,
          1.3207842938023877,
          0.93299922233459,
          0.6377813851624687
        ],
        [
          0.5977760109348491,
          0.8096977412005963,
          1.012130901641764,
          1.1778940993536273,
          0.3653988544217426,
          1.588896033300704,
          1.5462601066787565,
          1.0703072047905162,
          1.6766506245533368,
          1.762253213257166,
          1.1743669816355689,
          0.21732205575765617,
          0.8933726339513277,
          0.9522104161744906,
          0.512281788297928,
          0.7679381691966889
        ],
        [
          1.2472450203691396,
          1.012130901641764,
          1.7702248738169306,
          0.6779110520731592,
          0.3632698564934035,
          0.6655380448694705,
          0.09504610278548953,
          0.9357896112410338,
          1.3392689332625738,
          1.0163032831162453,
          0.812928214943294,
          0.947346189261914,
          0.012384542926150988,
          1.17717005407255,
          0.7388449704429915,
          0.24710756146683266
        ],
        [
          0.7500038489607055,
          1.1778940993536273,
          0.6779110520731592,
          0.16740127175509834,
          1.3682592690139923,
          1.3633959322382054,
          0.3485659869176492,
          0.7626874591121854,
          0.16010442459250163,
          0.5837532270926415,
          1.2603846796731386,
          1.0070563323031385,
          0.8757348404146849,
          1.7782291253195388,
          1.8211885025015493,
          1.3868888855912376
        ],
        [
          1.3831670680791586,
          0.3653988544217426,
          0.3632698564934035,
          1.3682592690139923,
          1.113593155376993,
          1.62812701347202,
          1.0754522768534347,
          0.9810335152130182,
          1.1627725671467213,
          1.0222955083128258,
          0.46340475854705987,
          0.9581481955630031,
          1.25919528897757,
          0.5168040503483793,
          1.2257732323408594,
          0.9014122269366326
        ],
        [
          1.004215048417893,
          1.588896033300704,
          0.6655380448694705,
          1.3633959322382054,
          1.62812701347202,
          0.047679601348695755,
          1.3962106584919391,
          1.4654791445619586,
          0.6068168333669345,
          1.1869755051373168,
          1.020555689503748,
          1.1058919324520824,
          0.09212630992640858,
          0.7579407682968909,
          1.2937478402397775,
          1.1035151440185396
        ],
        [
          0.7324656934160634,
          1.5462601066787565,
          0.09504610278548953,
          0.3485659869176492,
          1.0754522768534347,
          1.3962106584919391,
          1.5547848058034541,
          0.6587062083769828,
          1.170076989178025,
          0.9065887338390901,
          0.1669806598580449,
          0.3199585992789713,
          0.8058519836444783,
          1.3850752021672825,
          0.8393352886224899,
          0.7691605311941148
        ],
        [
          0.6827452558430125,
          1.0703072047905162,
          0.9357896112410338,
          0.7626874591121854,
          0.9810335152130182,
          1.4654791445619586,
          0.6587062083769828,
          1.6171207497857165,
          1.3034310816655936,
          0.47568903995920586,
          1.4582545678546173,
          0.8264373941781563,
          1.2698992228437143,
          0.6611308182851489,
          1.2486529246959996,
          1.0350934889177585
        ],
        [
          1.1706427025996962,
          1.6766506245533368,
          1.3392689332625738,
          0.16010442459250163,
          1.1627725671467213,
          0.6068168333669345,
          1.170076989178025,
          1.3034310816655936,
          1.6615870009550786,
          1.2383133974409428,
          1.3343831734659175,
          1.1755662042821773,
          0.7264574778570959,
          1.1033603302254482,
          1.0525124178634877,
          1.5272583832110556
        ],
        [
          0.8507294914251157,
          1.762253213257166,
          1.0163032831162453,
          0.5837532270926415,
          1.0222955083128258,
          1.1869755051373168,
          0.9065887338390901,
          0.47568903995920586,
          1.2383133974409428,
          1.6962732270193581,
          1.0347145859687803,
          1.0212021218227292,
          1.5989318006853082,
          1.4041964864862182,
          1.6140541301958984,
          1.8580385511476547
        ],
        [
          1.6228441553917248,
          1.1743669816355689,
          0.812928214943294,
          1.2603846796731386,
          0.46340475854705987,
          1.020555689503748,
          0.1669806598580449,
          1.4582545678546173,
          1.3343831734659175,
          1.0347145859687803,
          1.3523615033532725,
          0.7288981972862919,
          0.5641344731788575,
          0.900866257972045,
          0.9453222493144582,
          0.33729647912074057
        ],
        [
          1.807835853203235,
          0.21732205575765617,
          0.947346189261914,
          1.0070563323031385,
          0.9581481955630031,
          1.1058919324520824,
          0.3199585992789713,
          0.8264373941781563,
          1.1755662042821773,
          1.0212021218227292,
          0.7288981972862919,
          1.586945755021664,
          0.6162362686238604,
          0.5481568246097234,
          1.1050818971491574,
          1.0994893440135927
        ],
        [
          1.2108108416812517,
          0.8933726339513277,
          0.012384542926150988,
          0.8757348404146849,
          1.25919528897757,
          0.09212630992640858,
          0.8058519836444783,
          1.2698992228437143,
          0.7264574778570959,
          1.5989318006853082,
          0.5641344731788575,
          0.6162362686238604,
          1.9656859677356722,
          0.8899547856449329,
          0.19240569460518553,
          0.8870623617347992
        ],
        [
          1.3207842938023877,
          0.9522104161744906,
          1.17717005407255,
          1.7782291253195388,
          0.5168040503483793,
          0.7579407682968909,
          1.3850752021672825,
          0.6611308182851489,
          1.1033603302254482,
          1.4041964864862182,
          0.900866257972045,
          0.5481568246097234,
          0.8899547856449329,
          1.9723536303981994,
          0.7626534851424417,
          1.3541854267907913
        ],
        [
          0.93299922233459,
          0.512281788297928,
          0.7388449704429915,
          1.8211885025015493,
          1.2257732323408594,
          1.2937478402397775,
          0.8393352886224899,
          1.2486529246959996,
          1.0525124178634877,
          1.6140541301958984,
          0.9453222493144582,
          1.1050818971491574,
          0.19240569460518553,
          0.7626534851424417,
          1.3409997251579895,
          1.4284133892916215
        ],
        [
          0.6377813851624687,
          0.7679381691966889,
          0.24710756146683266,
          1.3868888855912376,
          0.9014122269366326,
          1.1035151440185396,
          0.7691605311941148,
          1.0350934889177585,
          1.5272583832110556,
          1.8580385511476547,
          0.33729647912074057,
          1.0994893440135927,
          0.8870623617347992,
          1.3541854267907913,
          1.4284133892916215,
          1.055035209593405
        ]
      ],
      "b_vector": [
        0.0900590070191405,
        0.37581017467819083,
        0.08164273041439334,
        0.06017900210918727,
        0.0970115565643483,
        0.4132871249124426,
        0.11902630364105989,
        0.38625303689805446,
        0.19471529351254652,
        0.4283967583226347,
        0.16538371708528762,
        0.22781753588567655,
        0.16538447530359252,
        0.35507863404837897,
        0.047047531458927073,
        0.20113706295303188
      ]
    }
  ],
  "shots": 3000,
  "backend": "sv1",
  "device_arn": "SV1",
  "aws_region": "eu-west-2",
  "ideal_preprocessing_list": [
    [
      [
        -2.825696667324097,
        -2.257061087865246,
        -1.5384794927836107,
        -1.199012411765341,
        -0.7137791664566063,
        -0.30511134202261625,
        0.06738728557189354,
        0.49932995566490146,
        0.6432359826314551,
        1.285302214761803,
        1.4472233120886218,
        1.8328437075572255,
        2.0140293108779344,
        2.400915913201604,
        2.8217464617859784,
        16.177751296390912
      ],
      [
        0.03729639712996721,
        0.083705249693696,
        0.09298055402281086,
        0.17890054266345318,
        0.22289958799839857,
        0.09266270224806272,
        0.27544572026995084,
        0.00809749176811355,
        0.015760764467051918,
        0.12334397500843383,
        0.017412377336441173,
        0.06776456627759807,
        0.025410034664926057,
        0.15195598034041213,
        0.10818493579290346,
        0.8723230308132817
      ]
    ]
  ],
  "probability_threshold": 0,
  "k_qubits": 7,
  "preprocessing_mode": "ideal",
  "projection_mode": "all_components",
  "projection_subset": null,
  "num_solution_qubits": 4,
  "num_projections": 16,
  "projector_basis_states": [
    0,
    1,
    2,
    3,
    4,
    5,
    6,
    7,
    8,
    9,
    10,
    11,
    12,
    13,
    14,
    15
  ],
  "enhanced_projection_results": [
    {
      "problem_index": 0,
      "projection_tasks": [
        {
          "basis_state": 0,
          "task_id": "arn:aws:braket:eu-west-2:380012739362:quantum-task/b83aa771-aa06-4998-aed8-8de8a4d5e56e",
          "shots": 3000,
          "projector_index": 0
        },
        {
          "basis_state": 1,
          "task_id": "arn:aws:braket:eu-west-2:380012739362:quantum-task/01aea35b-b442-40ee-9f50-4d567c299b02",
          "shots": 3000,
          "projector_index": 1
        },
        {
          "basis_state": 2,
          "task_id": "arn:aws:braket:eu-west-2:380012739362:quantum-task/26953c56-1cfe-4bff-9905-ae5e66f6df1b",
          "shots": 3000,
          "projector_index": 2
        },
        {
          "basis_state": 3,
          "task_id": "arn:aws:braket:eu-west-2:380012739362:quantum-task/e3513d4e-6c53-4c33-b469-93a6f7af28fa",
          "shots": 3000,
          "projector_index": 3
        },
        {
          "basis_state": 4,
          "task_id": "arn:aws:braket:eu-west-2:380012739362:quantum-task/3628e853-2dd1-4a62-adf0-4fb9f274d1e0",
          "shots": 3000,
          "projector_index": 4
        },
        {
          "basis_state": 5,
          "task_id": "arn:aws:braket:eu-west-2:380012739362:quantum-task/b4654df2-e8a9-40ae-a4a3-946789dcc598",
          "shots": 3000,
          "projector_index": 5
        },
        {
          "basis_state": 6,
          "task_id": "arn:aws:braket:eu-west-2:380012739362:quantum-task/ca89e015-7684-4f1d-9991-00198f462bc6",
          "shots": 3000,
          "projector_index": 6
        },
        {
          "basis_state": 7,
          "task_id": "arn:aws:braket:eu-west-2:380012739362:quantum-task/ecbd9040-5c17-4258-82a5-6f18a93ca8fe",
          "shots": 3000,
          "projector_index": 7
        },
        {
          "basis_state": 8,
          "task_id": "arn:aws:braket:eu-west-2:380012739362:quantum-task/3255ab2b-7300-4b2e-87cb-dbe73799d16e",
          "shots": 3000,
          "projector_index": 8
        },
        {
          "basis_state": 9,
          "task_id": "arn:aws:braket:eu-west-2:380012739362:quantum-task/11029f28-2bd5-4131-9c7a-600d84ffc459",
          "shots": 3000,
          "projector_index": 9
        },
        {
          "basis_state": 10,
          "task_id": "arn:aws:braket:eu-west-2:380012739362:quantum-task/aacc7c81-eb91-4bea-9558-55fd2f447cf0",
          "shots": 3000,
          "projector_index": 10
        },
        {
          "basis_state": 11,
          "task_id": "arn:aws:braket:eu-west-2:380012739362:quantum-task/11537eeb-eaac-4b8b-8ecf-977d70f34352",
          "shots": 3000,
          "projector_index": 11
        },
        {
          "basis_state": 12,
          "task_id": "arn:aws:braket:eu-west-2:380012739362:quantum-task/3c01bd07-d7aa-40a2-bab2-96c5e0cee873",
          "shots": 3000,
          "projector_index": 12
        },
        {
          "basis_state": 13,
          "task_id": "arn:aws:braket:eu-west-2:380012739362:quantum-task/eae29364-a0f3-4726-ac0c-7ad7fafb3203",
          "shots": 3000,
          "projector_index": 13
        },
        {
          "basis_state": 14,
          "task_id": "arn:aws:braket:eu-west-2:380012739362:quantum-task/82192f87-3d24-4d3c-868b-849153704f70",
          "shots": 3000,
          "projector_index": 14
        },
        {
          "basis_state": 15,
          "task_id": "arn:aws:braket:eu-west-2:380012739362:quantum-task/e321e22c-e79d-4651-9753-359be6bda8e5",
          "shots": 3000,
          "projector_index": 15
        }
      ],
      "depth": 13490,
      "num_projections": 16,
      "ideal_solution": [
        {
          "real": -0.08206586696687664,
          "imag": 0.0
        },
        {
          "real": 0.24145300126754132,
          "imag": 0.0
        },
        {
          "real": -0.030371431286027335,
          "imag": 0.0
        },
        {
          "real": 0.01465683478051712,
          "imag": 0.0
        },
        {
          "real": -0.5425947421492973,
          "imag": 0.0
        },
        {
          "real": 0.18208200485359843,
          "imag": 0.0
        },
        {
          "real": 0.17576790949836762,
          "imag": 0.0
        },
        {
          "real": 0.253246140417584,
          "imag": 0.0
        },
        {
          "real": -0.37674648807661293,
          "imag": 0.0
        },
        {
          "real": 0.013110628397726325,
          "imag": 0.0
        },
        {
          "real": -0.13021775306548633,
          "imag": 0.0
        },
        {
          "real": 0.5477369964059678,
          "imag": 0.0
        },
        {
          "real": 0.05547456210650819,
          "imag": 0.0
        },
        {
          "real": -0.04061636599507317,
          "imag": 0.0
        },
        {
          "real": -0.20322089311754404,
          "imag": 0.0
        },
        {
          "real": 0.07829039366986328,
          "imag": 0.0
        }
      ]
    }
  ]
}