{
  "problem_list": [
    {
      "A_matrix": [
        [
          0.44509922517362077,
          0.5303140104231452,
          0.5506062911248765,
          1.0279856446876492,
          1.768131568195572,
          1.0814980840447173,
          1.1430495690606168,
          1.492569226228615,
          0.9413349340745847,
          1.0430029247766692,
          0.6112455654282833,
          1.531387244048433,
          0.9327508922168632,
          0.5864979119326168,
          1.860510587236372,
          1.0705754003217063
        ],
        [
          0.5303140104231452,
          0.633697817689729,
          0.7303879491611436,
          0.8534624089217369,
          0.6084190643456437,
          1.0069678964978608,
          0.8352986092613464,
          1.278477990811469,
          1.4183826159643529,
          1.2162991563539287,
          1.8084550200486655,
          1.3888870944883052,
          0.918665239656083,
          0.5920364024936697,
          1.2417794383713963,
          1.0922320427501986
        ],
        [
          0.5506062911248765,
          0.7303879491611436,
          0.6050663625820798,
          0.8367050782457804,
          0.312083301973897,
          0.746863089478061,
          1.5467604295935784,
          0.3932972466891431,
          1.2317667717801446,
          0.5620017232587884,
          1.0787094370560015,
          1.1949286133865678,
          1.0050839321241702,
          1.6214440234546994,
          1.1699970686408463,
          1.1974532622632883
        ],
        [
          1.0279856446876492,
          0.8534624089217369,
          0.8367050782457804,
          1.8626695607579118,
          1.1381079968373276,
          0.4524739377284436,
          0.7602639336894188,
          0.2374647846909098,
          1.1454662629538257,
          0.9967518409271652,
          0.2889693292550999,
          1.4105714469766313,
          0.8821120549763051,
          1.3517387744853449,
          1.1052515510645944,
          1.1914715214824003
        ],
        [
          1.768131568195572,
          0.6084190643456437,
          0.312083301973897,
          1.1381079968373276,
          1.6953976796558992,
          0.651769103097762,
          0.7276830928061533,
          0.35241327500127795,
          0.2977104483356311,
          1.2286865966044123,
          0.5601375869143527,
          0.6097271298996593,
          1.2041171919460296,
          1.198173353271641,
          1.1532615909357706,
          0.7797090151743796
        ],
        [
          1.0814980840447173,
          1.0069678964978608,
          0.746863089478061,
          0.4524739377284436,
          0.651769103097762,
          1.3330018557933403,
          0.6326985317813382,
          1.755877956812488,
          1.1990532546832193,
          1.1010065514822642,
          0.9786426504732527,
          1.6297344396683289,
          0.5923732194693683,
          1.9105916899609983,
          1.0947959209887346,
          0.9746628583504063
        ],
        [
          1.1430495690606168,
          0.8352986092613464,
          1.5467604295935784,
          0.7602639336894188,
          0.7276830928061533,
          0.6326985317813382,
          0.9864959295296398,
          1.0060158279751286,
          1.5440377103562155,
          0.7716787205814225,
          1.18224797662585,
          1.0772730225903029,
          1.83328094485074,
          1.1235309658378947,
          0.7598020210956866,
          1.5125231561261843
        ],
        [
          1.492569226228615,
          1.278477990811469,
          0.3932972466891431,
          0.2374647846909098,
          0.35241327500127795,
          1.755877956812488,
          1.0060158279751286,
          0.1187530212036092,
          1.1852740022311505,
          0.15293673612642145,
          1.0585555432949922,
          1.8329580059377089,
          1.4336538704044401,
          0.19989209308715816,
          1.5417021523809464,
          1.54772194111567
        ],
        [
          0.9413349340745847,
          1.4183826159643529,
          1.2317667717801446,
          1.1454662629538257,
          0.2977104483356311,
          1.1990532546832193,
          1.5440377103562155,
          1.1852740022311505,
          0.005267876896538404,
          1.1852914939663297,
          0.9680948339634624,
          0.40010853139543756,
          0.1335443212913744,
          1.23820986013679,
          0.934857181282583,
          0.20396212897404808
        ],
        [
          1.0430029247766692,
          1.2162991563539287,
          0.5620017232587884,
          0.9967518409271652,
          1.2286865966044123,
          1.1010065514822642,
          0.7716787205814225,
          0.15293673612642145,
          1.1852914939663297,
          0.3240361926408104,
          1.013987433334501,
          0.5900460739745187,
          1.1181788536351898,
          1.3046138450397513,
          0.5436874763230665,
          1.502697424992157
        ],
        [
          0.6112455654282833,
          1.8084550200486655,
          1.0787094370560015,
          0.2889693292550999,
          0.5601375869143527,
          0.9786426504732527,
          1.18224797662585,
          1.0585555432949922,
          0.9680948339634624,
          1.013987433334501,
          1.0646482970522144,
          0.30420721756786395,
          0.17666036428594578,
          1.5317898741424796,
          1.1261225273869073,
          0.5120119205741069
        ],
        [
          1.531387244048433,
          1.3888870944883052,
          1.1949286133865678,
          1.4105714469766313,
          0.6097271298996593,
          1.6297344396683289,
          1.0772730225903029,
          1.8329580059377089,
          0.40010853139543756,
          0.5900460739745187,
          0.30420721756786395,
          0.4708118309551945,
          0.988243817869275,
          1.265685445146236,
          1.5940160866485351,
          0.702065347024632
        ],
        [
          0.9327508922168632,
          0.918665239656083,
          1.0050839321241702,
          0.8821120549763051,
          1.2041171919460296,
          0.5923732194693683,
          1.83328094485074,
          1.4336538704044401,
          0.1335443212913744,
          1.1181788536351898,
          0.17666036428594578,
          0.988243817869275,
          0.030591067115095738,
          0.5473482387365282,
          0.9473140699965125,
          0.2456061929123634
        ],
        [
          0.5864979119326168,
          0.5920364024936697,
          1.6214440234546994,
          1.3517387744853449,
          1.198173353271641,
          1.9105916899609983,
          1.1235309658378947,
          0.19989209308715816,
          1.23820986013679,
          1.3046138450397513,
          1.5317898741424796,
          1.265685445146236,
          0.5473482387365282,
          0.68970953599808,
          0.07543750997795273,
          0.4369356107186363
        ],
        [
          1.860510587236372,
          1.2417794383713963,
          1.1699970686408463,
          1.1052515510645944,
          1.1532615909357706,
          1.0947959209887346,
          0.7598020210956866,
          1.5417021523809464,
          0.934857181282583,
          0.5436874763230665,
          1.1261225273869073,
          1.5940160866485351,
          0.9473140699965125,
          0.07543750997795273,
          0.7067760388788666,
          1.162795912729793
        ],
        [
          1.0705754003217063,
          1.0922320427501986,
          1.1974532622632883,
          1.1914715214824003,
          0.7797090151743796,
          0.9746628583504063,
          1.5125231561261843,
          1.54772194111567,
          0.20396212897404808,
          1.502697424992157,
          0.5120119205741069,
          0.702065347024632,
          0.2456061929123634,
          0.4369356107186363,
          1.162795912729793,
          0.9258226928106075
        ]
      ],
      "b_vector": [
        0.26552381963411703,
        0.28783318365990657,
        0.2714950169444671,
        0.27705985744063877,
        0.03503557148428849,
        0.09751293174726935,
        0.18723983433230282,
        0.12204543123251757,
        0.12836705717113187,
        0.456785763462543,
        0.3919371434140907,
        0.07689825892138445,
        0.41831052840198857,
        0.1723653824415935,
        0.20701002445192082,
        0.05728236767422504
      ]
    }
  ],
  "shots": 3000,
  "backend": "sv1",
  "device_arn": "SV1",
  "aws_region": "eu-west-2",
  "ideal_preprocessing_list": [
    [
      [
        -3.6429404966289605,
        -2.4155802322463127,
        -2.1458796395368367,
        -1.7344454605072013,
        -1.206572914075215,
        -1.108959906146068,
        -0.7322120911022322,
        -0.24684596849994234,
        0.08798930156191265,
        0.6079979583827433,
        0.9616017036134806,
        1.281496149614481,
        1.4868675658665398,
        2.454313644722658,
        2.6371763144456253,
        15.613839055268578
      ],
      [
        0.02963428550917227,
        0.006532861350581506,
        0.10956931300837969,
        0.09103749613549836,
        0.15341082764622282,
        0.3176808394055556,
        0.13496117005217662,
        0.07339626627235052,
        0.16295759199295692,
        0.12794524169000798,
        0.0862058106219627,
        0.16538933986418058,
        0.11283342578912597,
        0.13418574408951248,
        0.09620448493931866,
        0.8444084365403579
      ]
    ]
  ],
  "probability_threshold": 0,
  "k_qubits": 7,
  "preprocessing_mode": "ideal",
  "projection_mode": "all_components",
  "projection_subset": null,
  "num_solution_qubits": 4,
  "num_projections": 16,
  "projector_basis_states": [
    0,
    1,
    2,
    3,
    4,
    5,
    6,
    7,
    8,
    9,
    10,
    11,
    12,
    13,
    14,
    15
  ],
  "enhanced_projection_results": [
    {
      "problem_index": 0,
      "projection_tasks": [
        {
          "basis_state": 0,
          "task_id": "arn:aws:braket:eu-west-2:380012739362:quantum-task/a4ab3955-3b9f-41a5-aa0f-dd2950788281",
          "shots": 3000,
          "projector_index": 0
        },
        {
          "basis_state": 1,
          "task_id": "arn:aws:braket:eu-west-2:380012739362:quantum-task/9af5674c-3cca-4366-8acb-dfd21fc66157",
          "shots": 3000,
          "projector_index": 1
        },
        {
          "basis_state": 2,
          "task_id": "arn:aws:braket:eu-west-2:380012739362:quantum-task/76f7c580-63c5-4a88-8f0e-18c8ef844649",
          "shots": 3000,
          "projector_index": 2
        },
        {
          "basis_state": 3,
          "task_id": "arn:aws:braket:eu-west-2:380012739362:quantum-task/1320fa5a-7bf3-4205-b0de-b49e5d2819d8",
          "shots": 3000,
          "projector_index": 3
        },
        {
          "basis_state": 4,
          "task_id": "arn:aws:braket:eu-west-2:380012739362:quantum-task/65cf3cb2-8fa5-424e-b2ba-49add7713d57",
          "shots": 3000,
          "projector_index": 4
        },
        {
          "basis_state": 5,
          "task_id": "arn:aws:braket:eu-west-2:380012739362:quantum-task/959b6ae2-d378-47da-9546-9b921eb091ac",
          "shots": 3000,
          "projector_index": 5
        },
        {
          "basis_state": 6,
          "task_id": "arn:aws:braket:eu-west-2:380012739362:quantum-task/79721284-8038-454a-96ce-981cba17683a",
          "shots": 3000,
          "projector_index": 6
        },
        {
          "basis_state": 7,
          "task_id": "arn:aws:braket:eu-west-2:380012739362:quantum-task/8e51bf55-d8b6-4804-b992-3a58661114b9",
          "shots": 3000,
          "projector_index": 7
        },
        {
          "basis_state": 8,
          "task_id": "arn:aws:braket:eu-west-2:380012739362:quantum-task/46ceb057-0f38-40c6-92c2-e51af9600262",
          "shots": 3000,
          "projector_index": 8
        },
        {
          "basis_state": 9,
          "task_id": "arn:aws:braket:eu-west-2:380012739362:quantum-task/4c108b8e-b6e4-45cb-b3ff-44cadc45cdda",
          "shots": 3000,
          "projector_index": 9
        },
        {
          "basis_state": 10,
          "task_id": "arn:aws:braket:eu-west-2:380012739362:quantum-task/0767b8bb-a966-4c35-84a9-412d356e0a1c",
          "shots": 3000,
          "projector_index": 10
        },
        {
          "basis_state": 11,
          "task_id": "arn:aws:braket:eu-west-2:380012739362:quantum-task/ae786e81-f1df-4774-85d2-b30a793f2f70",
          "shots": 3000,
          "projector_index": 11
        },
        {
          "basis_state": 12,
          "task_id": "arn:aws:braket:eu-west-2:380012739362:quantum-task/e84902ad-68dc-451c-91d8-6e51a6dab488",
          "shots": 3000,
          "projector_index": 12
        },
        {
          "basis_state": 13,
          "task_id": "arn:aws:braket:eu-west-2:380012739362:quantum-task/c34e6cc7-388e-498f-86f1-13b6524805af",
          "shots": 3000,
          "projector_index": 13
        },
        {
          "basis_state": 14,
          "task_id": "arn:aws:braket:eu-west-2:380012739362:quantum-task/1314fb12-21ba-4b15-ab64-a8b7cd054c24",
          "shots": 3000,
          "projector_index": 14
        },
        {
          "basis_state": 15,
          "task_id": "arn:aws:braket:eu-west-2:380012739362:quantum-task/e088a1e1-9334-47e9-81b3-1d198dd6897b",
          "shots": 3000,
          "projector_index": 15
        }
      ],
      "depth": 13490,
      "num_projections": 16,
      "ideal_solution": [
        {
          "real": -0.1732567373410785,
          "imag": 0.0
        },
        {
          "real": 0.42229608450721545,
          "imag": 0.0
        },
        {
          "real": -0.4806488697963184,
          "imag": 0.0
        },
        {
          "real": 0.13993770915758305,
          "imag": 0.0
        },
        {
          "real": -0.021840878252471677,
          "imag": 0.0
        },
        {
          "real": -0.017562922827018358,
          "imag": 0.0
        },
        {
          "real": 0.21624776721406042,
          "imag": 0.0
        },
        {
          "real": 0.14780631138658565,
          "imag": 0.0
        },
        {
          "real": 0.28535430121217936,
          "imag": 0.0
        },
        {
          "real": 0.18344166057675476,
          "imag": 0.0
        },
        {
          "real": -0.17357332550466378,
          "imag": 0.0
        },
        {
          "real": 0.014694986268355525,
          "imag": 0.0
        },
        {
          "real": 0.3487171118581938,
          "imag": 0.0
        },
        {
          "real": -0.11303806481383416,
          "imag": 0.0
        },
        {
          "real": -0.3526247363158735,
          "imag": 0.0
        },
        {
          "real": -0.2598075131672815,
          "imag": 0.0
        }
      ]
    }
  ]
}