{
  "problem_list": [
    {
      "A_matrix": [
        [
          0.7561601383413388,
          0.24832480506793875,
          1.050829916987368,
          1.244147341751431,
          0.9684647048329741,
          0.9791486279848293,
          1.1815249675406725,
          1.0453314421179596
        ],
        [
          0.24832480506793875,
          0.9345346239823129,
          1.0343776504373192,
          0.5918916875903442,
          1.2519178859737095,
          0.8752049642374349,
          1.1156697860146214,
          0.7555282343013379
        ],
        [
          1.050829916987368,
          1.0343776504373192,
          0.22084881996491634,
          1.3466024699463768,
          0.6584426341058839,
          0.8665766632618767,
          0.7735717551510322,
          0.4248905020985937
        ],
        [
          1.244147341751431,
          0.5918916875903442,
          1.3466024699463768,
          1.2405976957807257,
          0.7063796402343699,
          0.520013058974691,
          1.1147507329357869,
          1.079258769097676
        ],
        [
          0.9684647048329741,
          1.2519178859737095,
          0.6584426341058839,
          0.7063796402343699,
          1.0901244837997066,
          0.7032078366162445,
          0.13847354291724356,
          0.5124464850963816
        ],
        [
          0.9791486279848293,
          0.8752049642374349,
          0.8665766632618767,
          0.520013058974691,
          0.7032078366162445,
          1.3255036725905551,
          0.9923088730102663,
          1.2092797175706798
        ],
        [
          1.1815249675406725,
          1.1156697860146214,
          0.7735717551510322,
          1.1147507329357869,
          0.13847354291724356,
          0.9923088730102663,
          1.6863697836681224,
          0.5465304237608785
        ],
        [
          1.0453314421179596,
          0.7555282343013379,
          0.4248905020985937,
          1.079258769097676,
          0.5124464850963816,
          1.2092797175706798,
          0.5465304237608785,
          1.4274595526217482
        ]
      ],
      "b_vector": [
        0.4631851021607096,
        0.5743469811723058,
        0.11188075499436494,
        0.11151958058373501,
        0.25633666034784164,
        0.41270907028645815,
        0.43649762658508007,
        0.06374753339185316
      ]
    }
  ],
  "shots": 3000,
  "backend": "sv1",
  "device_arn": "SV1",
  "aws_region": "eu-west-2",
  "ideal_preprocessing_list": [
    [
      [
        -1.3494585132011443,
        -0.7167250856887675,
        -0.07480812577836457,
        0.2699389385228987,
        0.959983428330209,
        1.121448554032415,
        1.3481823818791672,
        7.123037192653015
      ],
      [
        0.27058229925796623,
        0.09108752951079017,
        0.12547034477874733,
        0.12965092118190258,
        0.2477632711912076,
        0.2845559570405789,
        0.05588694124007748,
        0.8604963864385831
      ]
    ]
  ],
  "probability_threshold": 0,
  "k_qubits": 7,
  "preprocessing_mode": "ideal",
  "projection_mode": "all_components",
  "projection_subset": null,
  "num_solution_qubits": 3,
  "num_projections": 8,
  "projector_basis_states": [
    0,
    1,
    2,
    3,
    4,
    5,
    6,
    7
  ],
  "enhanced_projection_results": [
    {
      "problem_index": 0,
      "projection_tasks": [
        {
          "basis_state": 0,
          "task_id": "arn:aws:braket:eu-west-2:380012739362:quantum-task/a7a8eaf0-d0f5-4a31-a9ae-112d9cb88492",
          "status": "DONE",
          "shots": 3000,
          "created_at": "2025-12-21 12:49:25.750000+00:00",
          "ended_at": "2025-12-21 12:49:29.451000+00:00",
          "execution_time_seconds": 3.701,
          "counts": {
            "10100000000": 594,
            "11000000000": 508,
            "01000000000": 81,
            "00000000000": 516,
            "00100000000": 1016,
            "10000000000": 166,
            "01100000000": 60,
            "10111000001": 3,
            "00000000001": 5,
            "11000000001": 1,
            "11100000000": 7,
            "11100000001": 4,
            "10100000001": 13,
            "10001010001": 1,
            "01000000001": 6,
            "10010100001": 3,
            "10000000001": 2,
            "10011000001": 1,
            "11111000001": 3,
            "01100000001": 2,
            "01010100001": 1,
            "01011000001": 3,
            "00011000001": 1,
            "11111110000": 1,
            "11111000000": 1,
            "01011000000": 1
          },
          "component_probability": 0.12244897959183673,
          "success_rate": 0.01633333333333333
        },
        {
          "basis_state": 1,
          "task_id": "arn:aws:braket:eu-west-2:380012739362:quantum-task/6e6c1081-f25b-4049-9aed-bf045410d28f",
          "status": "DONE",
          "shots": 3000,
          "created_at": "2025-12-21 12:49:27.839000+00:00",
          "ended_at": "2025-12-21 12:49:30.988000+00:00",
          "execution_time_seconds": 3.149,
          "counts": {
            "00100000000": 1054,
            "10000000000": 140,
            "10100000000": 586,
            "00000000000": 536,
            "11000000000": 481,
            "11100000000": 5,
            "01100000000": 61,
            "00000000001": 4,
            "01000000000": 79,
            "10000000001": 2,
            "11100000001": 4,
            "01000000001": 9,
            "01010100001": 1,
            "01010110000": 1,
            "10100000001": 12,
            "11010100001": 2,
            "11010010000": 1,
            "10111000001": 3,
            "01011000001": 4,
            "01111000000": 1,
            "01010000100": 1,
            "11000000001": 1,
            "11011000000": 1,
            "11111000001": 2,
            "00011100001": 1,
            "11101000001": 1,
            "00011000001": 1,
            "01011000000": 1,
            "10011000001": 2,
            "00110010000": 1,
            "10111110001": 1,
            "10111000000": 1
          },
          "component_probability": 0.0,
          "success_rate": 0.016666666666666666
        },
        {
          "basis_state": 2,
          "task_id": "arn:aws:braket:eu-west-2:380012739362:quantum-task/a91341f4-076a-422c-868d-7bdba8321c05",
          "status": "DONE",
          "shots": 3000,
          "created_at": "2025-12-21 12:49:30.032000+00:00",
          "ended_at": "2025-12-21 12:49:34.153000+00:00",
          "execution_time_seconds": 4.121,
          "counts": {
            "11000000000": 472,
            "10100000000": 606,
            "00100000000": 1021,
            "01000000000": 85,
            "01100000000": 60,
            "10000000000": 139,
            "00000000000": 551,
            "01010100001": 1,
            "00110011001": 1,
            "00101100000": 1,
            "10100100001": 1,
            "10110100001": 1,
            "10000000001": 2,
            "11100000001": 13,
            "11011000000": 1,
            "10100000001": 14,
            "11100000000": 6,
            "10010010001": 1,
            "01000000001": 7,
            "11111000000": 1,
            "10011000000": 1,
            "00101000001": 1,
            "10111000000": 4,
            "10111000001": 2,
            "01110011000": 1,
            "00001000001": 1,
            "00000000001": 1,
            "00011000001": 1,
            "10001010001": 1,
            "11000000001": 1,
            "11101000001": 1,
            "01010000100": 1
          },
          "component_probability": 0.16,
          "success_rate": 0.016666666666666666
        },
        {
          "basis_state": 3,
          "task_id": "arn:aws:braket:eu-west-2:380012739362:quantum-task/85389db0-17c6-4737-9d10-6a9bc23b978c",
          "status": "DONE",
          "shots": 3000,
          "created_at": "2025-12-21 12:49:31.927000+00:00",
          "ended_at": "2025-12-21 12:49:35.627000+00:00",
          "execution_time_seconds": 3.7,
          "counts": {
            "00100000000": 1040,
            "10100000000": 603,
            "10100000001": 17,
            "01000000000": 88,
            "01100000000": 74,
            "00000000000": 530,
            "11000000000": 458,
            "10000000000": 146,
            "01011000001": 2,
            "01000000001": 9,
            "10111000000": 3,
            "10111000001": 3,
            "11100000000": 3,
            "11010100001": 1,
            "10011000000": 2,
            "01110110001": 1,
            "11001000000": 1,
            "11100000001": 4,
            "10101000001": 2,
            "11011000001": 1,
            "00101010000": 1,
            "10000000001": 1,
            "00101100001": 1,
            "00011100001": 1,
            "10110100001": 1,
            "11011000000": 1,
            "00010100001": 1,
            "00001001000": 1,
            "01010100001": 1,
            "10010001000": 1,
            "00000000001": 1,
            "10100100001": 1
          },
          "component_probability": 0.020833333333333332,
          "success_rate": 0.016
        },
        {
          "basis_state": 4,
          "task_id": "arn:aws:braket:eu-west-2:380012739362:quantum-task/22df323b-f726-4c87-97c0-29bd740625ef",
          "status": "DONE",
          "shots": 3000,
          "created_at": "2025-12-21 12:49:33.947000+00:00",
          "ended_at": "2025-12-21 12:49:36.951000+00:00",
          "execution_time_seconds": 3.004,
          "counts": {
            "00000000000": 537,
            "11000000000": 482,
            "10100000000": 577,
            "10000000000": 150,
            "01000000000": 101,
            "00100000000": 1037,
            "01100000000": 60,
            "01010100001": 1,
            "10100000001": 15,
            "11000000001": 2,
            "01101101110": 1,
            "01000000001": 7,
            "11100000001": 3,
            "11100000000": 8,
            "10111000001": 4,
            "11111000001": 2,
            "00000000001": 2,
            "01010011010": 1,
            "00110010001": 2,
            "10000000001": 2,
            "01011000001": 3,
            "01011000000": 1,
            "00001000001": 1,
            "10111000000": 1
          },
          "component_probability": 0.045454545454545456,
          "success_rate": 0.014666666666666666
        },
        {
          "basis_state": 5,
          "task_id": "arn:aws:braket:eu-west-2:380012739362:quantum-task/c1849279-01f1-4dbe-969d-454feef5feed",
          "status": "DONE",
          "shots": 3000,
          "created_at": "2025-12-21 12:49:36.076000+00:00",
          "ended_at": "2025-12-21 12:49:39.989000+00:00",
          "execution_time_seconds": 3.913,
          "counts": {
            "00100000000": 1011,
            "10100000000": 588,
            "11000000000": 501,
            "00000000000": 553,
            "01000000000": 84,
            "10000000000": 151,
            "10010010000": 1,
            "01000000001": 10,
            "10100000001": 12,
            "01100000000": 47,
            "01011000000": 1,
            "11100000000": 8,
            "10111000001": 4,
            "11011000000": 2,
            "11011000001": 2,
            "11100000001": 5,
            "00000000001": 3,
            "01001100001": 1,
            "01111000000": 1,
            "01110110000": 1,
            "01100000001": 1,
            "11111000001": 2,
            "01001100000": 1,
            "10000000001": 2,
            "11010100000": 2,
            "10111000000": 1,
            "01011000001": 2,
            "10110010000": 1,
            "11000000001": 1,
            "01010100000": 1
          },
          "component_probability": 0.35555555555555557,
          "success_rate": 0.015
        },
        {
          "basis_state": 6,
          "task_id": "arn:aws:braket:eu-west-2:380012739362:quantum-task/2692857b-c760-460a-b9d6-9ffe2d65cfa4",
          "status": "DONE",
          "shots": 3000,
          "created_at": "2025-12-21 12:49:38.107000+00:00",
          "ended_at": "2025-12-21 12:49:41.781000+00:00",
          "execution_time_seconds": 3.674,
          "counts": {
            "00000000000": 534,
            "00100000000": 1021,
            "01100000000": 64,
            "10100000000": 633,
            "11000000000": 475,
            "01000000001": 10,
            "10000000000": 128,
            "10100000001": 14,
            "01000000000": 87,
            "10111000001": 2,
            "10010100001": 1,
            "00000000001": 6,
            "01011000001": 4,
            "11100000000": 6,
            "01111000001": 1,
            "10000000001": 3,
            "11100000001": 2,
            "01010100000": 1,
            "01110100000": 1,
            "11000000001": 2,
            "10100100000": 1,
            "11011000001": 1,
            "10010100000": 1,
            "10011000000": 1,
            "11111000001": 1
          },
          "component_probability": 0.06382978723404255,
          "success_rate": 0.015666666666666666
        },
        {
          "basis_state": 7,
          "task_id": "arn:aws:braket:eu-west-2:380012739362:quantum-task/c3ad1a9e-c61a-4bb0-9d0b-b538dc26bb09",
          "status": "DONE",
          "shots": 3000,
          "created_at": "2025-12-21 12:49:40.175000+00:00",
          "ended_at": "2025-12-21 12:49:43.809000+00:00",
          "execution_time_seconds": 3.634,
          "counts": {
            "00000000000": 489,
            "00100000000": 1069,
            "10100000000": 613,
            "11000000000": 470,
            "01000000000": 82,
            "10100000001": 18,
            "10000000000": 140,
            "10111000000": 3,
            "01100000000": 65,
            "11100000001": 6,
            "10011000001": 1,
            "11101000000": 1,
            "10010100001": 1,
            "01000000001": 11,
            "10111000001": 4,
            "11100000000": 14,
            "00110011000": 1,
            "00011100001": 2,
            "00111100001": 1,
            "11010010000": 1,
            "10001100000": 1,
            "01011000001": 1,
            "00010100001": 1,
            "11111000001": 1,
            "01010100001": 1,
            "10000000001": 1,
            "00111100000": 1,
            "11111000000": 1
          },
          "component_probability": 0.14285714285714285,
          "success_rate": 0.01633333333333333
        }
      ],
      "depth": 4501,
      "num_projections": 8,
      "ideal_solution": [
        {
          "real": -0.31221036386984985,
          "imag": 0.0
        },
        {
          "real": 0.01968764405531423,
          "imag": 0.0
        },
        {
          "real": 0.5472296889996582,
          "imag": 0.0
        },
        {
          "real": 0.15289777816728226,
          "imag": 0.0
        },
        {
          "real": -0.22138607155468099,
          "imag": 0.0
        },
        {
          "real": 0.5884552401345444,
          "imag": 0.0
        },
        {
          "real": -0.20951771939678349,
          "imag": 0.0
        },
        {
          "real": -0.3743126837434248,
          "imag": 0.0
        }
      ],
      "reconstructed_solution_probabilities": [
        0.1344146608754288,
        0.0,
        0.17563515687722697,
        0.02286916105172226,
        0.04989635138557585,
        0.39030034861605994,
        0.07006721683931927,
        0.15681710435466695
      ],
      "fidelity": 0.9755434772505707,
      "metadata": {
        "measured_components": [
          0,
          1,
          2,
          3,
          4,
          5,
          6,
          7
        ],
        "success_rates": [
          0.01633333333333333,
          0.016666666666666666,
          0.016666666666666666,
          0.016,
          0.014666666666666666,
          0.015,
          0.015666666666666666,
          0.01633333333333333
        ],
        "raw_probabilities": [
          0.12244897959183673,
          0.0,
          0.16,
          0.020833333333333332,
          0.045454545454545456,
          0.35555555555555557,
          0.06382978723404255,
          0.14285714285714285
        ],
        "average_success_rate": 0.015916666666666666,
        "total_probability": 0.9109793440264564
      },
      "total_problem_time_seconds": 18.059,
      "first_created_at": "2025-12-21 12:49:25.750000+00:00",
      "last_ended_at": "2025-12-21 12:49:43.809000+00:00"
    }
  ]
}