{
  "problem_list": [
    {
      "A_matrix": [
        [
          0.07816187584869505,
          0.8718582309899442,
          1.5411888612112465,
          0.9817673123797773,
          1.3669000437347532,
          1.8424277261153528,
          1.6477140344421113,
          0.3096954315347149,
          1.6250666670224563,
          0.9512086214650047,
          1.2676603831075646,
          0.6395142372926569,
          1.5412565715882978,
          0.7904962087401306,
          1.3391195828924374,
          0.4115620899370903
        ],
        [
          0.8718582309899442,
          1.46623406282127,
          0.1980137925911597,
          0.6982822165115493,
          1.1768606789634424,
          1.1534608249170581,
          1.37792598241932,
          1.0489795004746494,
          0.23790090430308053,
          0.6036124676713446,
          1.177799074617416,
          0.9849855421690288,
          0.7896354522969472,
          1.2557975832163173,
          1.0315486301926156,
          0.5934706595224898
        ],
        [
          1.5411888612112465,
          0.1980137925911597,
          0.9418303923037818,
          1.109494704501825,
          1.2243609075147244,
          1.1032100751683112,
          1.4983901698914333,
          1.3089996382635385,
          1.5324836127329151,
          0.4389423750509365,
          0.6238169983341216,
          0.5907054427517497,
          1.4748657984150664,
          1.224558470243522,
          1.0327883723149454,
          0.7967066249600202
        ],
        [
          0.9817673123797773,
          0.6982822165115493,
          1.109494704501825,
          0.28037622545748153,
          0.7854367410751589,
          1.2977073279168405,
          1.4343397035566507,
          0.35104549927561135,
          1.4258169320516911,
          1.3310041278824398,
          1.4705457112525644,
          0.5741893794829817,
          1.1095822567756362,
          1.0021414746891146,
          0.7650864280159486,
          1.926659483541867
        ],
        [
          1.3669000437347532,
          1.1768606789634424,
          1.2243609075147244,
          0.7854367410751589,
          0.02552447640712141,
          0.17776244715953715,
          0.5536269631928266,
          0.5085130229391561,
          0.43783412398218546,
          1.158536440860889,
          1.1937897604987617,
          0.9430275723370097,
          1.0271243663805818,
          0.7149471804381543,
          1.4835082710456815,
          1.3414766635548232
        ],
        [
          1.8424277261153528,
          1.1534608249170581,
          1.1032100751683112,
          1.2977073279168405,
          0.17776244715953715,
          0.7599135394192944,
          1.5799591195889735,
          1.1628610449504215,
          0.4849735530314807,
          1.4077866646382344,
          0.3580861427438866,
          1.0037981922090575,
          1.8328613799081583,
          1.4499564394654219,
          0.7862320348828022,
          1.314157201138906
        ],
        [
          1.6477140344421113,
          1.37792598241932,
          1.4983901698914333,
          1.4343397035566507,
          0.5536269631928266,
          1.5799591195889735,
          1.244753407398077,
          1.3727346671172636,
          0.9523616058355633,
          0.6660686601665362,
          1.3604200329871392,
          1.5840578029970511,
          0.3870548502545995,
          1.0796153354288855,
          1.0909577827523886,
          0.11699312147635721
        ],
        [
          0.3096954315347149,
          1.0489795004746494,
          1.3089996382635385,
          0.35104549927561135,
          0.5085130229391561,
          1.1628610449504215,
          1.3727346671172636,
          0.2917424152874497,
          1.2891143251889687,
          0.9997506176033459,
          1.2793808894428063,
          0.9143320640804872,
          1.4893345544746164,
          0.9759114691396832,
          1.0562211019317838,
          1.7575681808303958
        ],
        [
          1.6250666670224563,
          0.23790090430308053,
          1.5324836127329151,
          1.4258169320516911,
          0.43783412398218546,
          0.4849735530314807,
          0.9523616058355633,
          1.2891143251889687,
          0.9165243897482132,
          1.3094990631478802,
          1.2591508394057802,
          1.2010815265821955,
          0.6657229095451541,
          0.29748172258752936,
          1.094447636567173,
          0.7506185743779373
        ],
        [
          0.9512086214650047,
          0.6036124676713446,
          0.4389423750509365,
          1.3310041278824398,
          1.158536440860889,
          1.4077866646382344,
          0.6660686601665362,
          0.9997506176033459,
          1.3094990631478802,
          0.0962925465069362,
          0.8877023126689879,
          0.5051788429948801,
          1.0113433096450661,
          1.2381412278738897,
          1.7251395790941109,
          0.4071749027346635
        ],
        [
          1.2676603831075646,
          1.177799074617416,
          0.6238169983341216,
          1.4705457112525644,
          1.1937897604987617,
          0.3580861427438866,
          1.3604200329871392,
          1.2793808894428063,
          1.2591508394057802,
          0.8877023126689879,
          0.35145402250173463,
          0.4223074712937369,
          0.9438413231042325,
          0.732410979731147,
          1.3745981874260993,
          1.0105784317893678
        ],
        [
          0.6395142372926569,
          0.9849855421690288,
          0.5907054427517497,
          0.5741893794829817,
          0.9430275723370097,
          1.0037981922090575,
          1.5840578029970511,
          0.9143320640804872,
          1.2010815265821955,
          0.5051788429948801,
          0.4223074712937369,
          0.3055787318235226,
          0.9190465711795051,
          1.140769189896957,
          0.7974565467376952,
          1.5358215166899443
        ],
        [
          1.5412565715882978,
          0.7896354522969472,
          1.4748657984150664,
          1.1095822567756362,
          1.0271243663805818,
          1.8328613799081583,
          0.3870548502545995,
          1.4893345544746164,
          0.6657229095451541,
          1.0113433096450661,
          0.9438413231042325,
          0.9190465711795051,
          0.6570622452754247,
          0.7060840645697761,
          0.4299695739410312,
          1.8805666348072747
        ],
        [
          0.7904962087401306,
          1.2557975832163173,
          1.224558470243522,
          1.0021414746891146,
          0.7149471804381543,
          1.4499564394654219,
          1.0796153354288855,
          0.9759114691396832,
          0.29748172258752936,
          1.2381412278738897,
          0.732410979731147,
          1.140769189896957,
          0.7060840645697761,
          0.37324309441960546,
          0.9330822186469544,
          1.5949159630291136
        ],
        [
          1.3391195828924374,
          1.0315486301926156,
          1.0327883723149454,
          0.7650864280159486,
          1.4835082710456815,
          0.7862320348828022,
          1.0909577827523886,
          1.0562211019317838,
          1.094447636567173,
          1.7251395790941109,
          1.3745981874260993,
          0.7974565467376952,
          0.4299695739410312,
          0.9330822186469544,
          0.6918124964527301,
          0.7622412721044941
        ],
        [
          0.4115620899370903,
          0.5934706595224898,
          0.7967066249600202,
          1.926659483541867,
          1.3414766635548232,
          1.314157201138906,
          0.11699312147635721,
          1.7575681808303958,
          0.7506185743779373,
          0.4071749027346635,
          1.0105784317893678,
          1.5358215166899443,
          1.8805666348072747,
          1.5949159630291136,
          0.7622412721044941,
          1.1110977130173263
        ]
      ],
      "b_vector": [
        0.42023566305107174,
        0.27113561510509454,
        0.1480170506902286,
        0.3321505548767799,
        0.3464692965222334,
        0.06755139431945079,
        0.09017501090611521,
        0.34897604832301515,
        0.10137868188956417,
        0.014278616241058117,
        0.34995953248356904,
        0.23687725178365382,
        0.3169226014367552,
        0.025557105771651763,
        0.2691898766759955,
        0.02267453738496627
      ]
    }
  ],
  "shots": 3000,
  "backend": "sv1",
  "device_arn": "SV1",
  "aws_region": "eu-west-2",
  "ideal_preprocessing_list": [
    [
      [
        -3.079858013003644,
        -3.060738717261853,
        -2.340000581335543,
        -1.9233113317369126,
        -1.342465151848573,
        -1.3196344402400724,
        -0.7016505703681961,
        -0.19341059741728098,
        0.08321296080360345,
        0.23526780643783912,
        0.41653710749790734,
        0.8324539187100986,
        1.499162401939198,
        1.9556711043329085,
        2.377047104291712,
        16.153318633887476
      ],
      [
        0.2757464664796224,
        0.22935605382085433,
        0.0018887292450617335,
        0.06067884924860076,
        0.013828079802087612,
        0.006996656908588472,
        0.0938977914218389,
        0.0868154207915729,
        0.05807143565762314,
        0.21804591411418478,
        0.2467571434534264,
        0.03503254457253982,
        0.18249382830438954,
        0.015498784837697122,
        0.10722183864472645,
        0.8324703619509007
      ]
    ]
  ],
  "probability_threshold": 0,
  "k_qubits": 7,
  "preprocessing_mode": "ideal",
  "projection_mode": "all_components",
  "projection_subset": null,
  "num_solution_qubits": 4,
  "num_projections": 16,
  "projector_basis_states": [
    0,
    1,
    2,
    3,
    4,
    5,
    6,
    7,
    8,
    9,
    10,
    11,
    12,
    13,
    14,
    15
  ],
  "enhanced_projection_results": [
    {
      "problem_index": 0,
      "projection_tasks": [
        {
          "basis_state": 0,
          "task_id": "arn:aws:braket:eu-west-2:380012739362:quantum-task/806655d4-25d4-4865-845b-ff62d121e6b7",
          "shots": 3000,
          "projector_index": 0
        },
        {
          "basis_state": 1,
          "task_id": "arn:aws:braket:eu-west-2:380012739362:quantum-task/0a76dd7b-42b4-4ced-9048-3e6ecc7136e1",
          "shots": 3000,
          "projector_index": 1
        },
        {
          "basis_state": 2,
          "task_id": "arn:aws:braket:eu-west-2:380012739362:quantum-task/383aa73e-a8db-4de7-a86a-01d410df6fdd",
          "shots": 3000,
          "projector_index": 2
        },
        {
          "basis_state": 3,
          "task_id": "arn:aws:braket:eu-west-2:380012739362:quantum-task/6d400e6a-f4d2-4a72-8dcb-c5f422cc904d",
          "shots": 3000,
          "projector_index": 3
        },
        {
          "basis_state": 4,
          "task_id": "arn:aws:braket:eu-west-2:380012739362:quantum-task/dee38331-6adf-45b9-86f3-e5926fe6deec",
          "shots": 3000,
          "projector_index": 4
        },
        {
          "basis_state": 5,
          "task_id": "arn:aws:braket:eu-west-2:380012739362:quantum-task/3aea7d7a-c227-451e-8231-d5d7d5c74dc1",
          "shots": 3000,
          "projector_index": 5
        },
        {
          "basis_state": 6,
          "task_id": "arn:aws:braket:eu-west-2:380012739362:quantum-task/f1c92de4-817c-4bb9-92f3-b77e17c86b88",
          "shots": 3000,
          "projector_index": 6
        },
        {
          "basis_state": 7,
          "task_id": "arn:aws:braket:eu-west-2:380012739362:quantum-task/5f4990a2-8a90-43ae-a56a-3463b524e865",
          "shots": 3000,
          "projector_index": 7
        },
        {
          "basis_state": 8,
          "task_id": "arn:aws:braket:eu-west-2:380012739362:quantum-task/e8507335-f450-4a5b-a51e-0986d170715d",
          "shots": 3000,
          "projector_index": 8
        },
        {
          "basis_state": 9,
          "task_id": "arn:aws:braket:eu-west-2:380012739362:quantum-task/c1439390-332f-42c1-bd35-7909d82da927",
          "shots": 3000,
          "projector_index": 9
        },
        {
          "basis_state": 10,
          "task_id": "arn:aws:braket:eu-west-2:380012739362:quantum-task/d6813d65-5220-4dfa-ba7e-095dfb4cb81e",
          "shots": 3000,
          "projector_index": 10
        },
        {
          "basis_state": 11,
          "task_id": "arn:aws:braket:eu-west-2:380012739362:quantum-task/80b96924-495e-4f1a-a1df-cc8f1a79eba6",
          "shots": 3000,
          "projector_index": 11
        },
        {
          "basis_state": 12,
          "task_id": "arn:aws:braket:eu-west-2:380012739362:quantum-task/bc9e8145-97d2-41a8-95ad-7039f0138d58",
          "shots": 3000,
          "projector_index": 12
        },
        {
          "basis_state": 13,
          "task_id": "arn:aws:braket:eu-west-2:380012739362:quantum-task/8eafcb49-6964-41e1-9613-bce93b8873be",
          "shots": 3000,
          "projector_index": 13
        },
        {
          "basis_state": 14,
          "task_id": "arn:aws:braket:eu-west-2:380012739362:quantum-task/7fddec3c-5faf-42bf-af4d-b072e1eed518",
          "shots": 3000,
          "projector_index": 14
        },
        {
          "basis_state": 15,
          "task_id": "arn:aws:braket:eu-west-2:380012739362:quantum-task/5b15300b-cebb-4b97-b7a5-0f94b9a41239",
          "shots": 3000,
          "projector_index": 15
        }
      ],
      "depth": 13498,
      "num_projections": 16,
      "ideal_solution": [
        {
          "real": 0.03573287331776355,
          "imag": 0.0
        },
        {
          "real": 0.3731119483985472,
          "imag": 0.0
        },
        {
          "real": 0.1060867967218031,
          "imag": 0.0
        },
        {
          "real": -0.05581254947678405,
          "imag": 0.0
        },
        {
          "real": -0.03365862164541891,
          "imag": 0.0
        },
        {
          "real": -0.08964578134155232,
          "imag": 0.0
        },
        {
          "real": -0.01686298502795838,
          "imag": 0.0
        },
        {
          "real": 0.27923252614207567,
          "imag": 0.0
        },
        {
          "real": 0.012489118615924348,
          "imag": 0.0
        },
        {
          "real": -0.19259315560527646,
          "imag": 0.0
        },
        {
          "real": 0.442158713245893,
          "imag": 0.0
        },
        {
          "real": -0.5131728214013095,
          "imag": 0.0
        },
        {
          "real": 0.32878971536385065,
          "imag": 0.0
        },
        {
          "real": -0.3267854453900615,
          "imag": 0.0
        },
        {
          "real": -0.21179069764693562,
          "imag": 0.0
        },
        {
          "real": -0.04325824677580514,
          "imag": 0.0
        }
      ]
    }
  ]
}