{
  "problem_list": [
    {
      "A_matrix": [
        [
          0.7955553100243842,
          0.8171536179144167,
          1.6157687765111932,
          0.33431431492687236,
          1.1011128082575423,
          1.2943610462622537,
          0.3996231742187142,
          1.0646616945952465,
          0.5145677099325597,
          1.1240435778564315,
          1.6354341655695515,
          0.7564253045315361,
          1.3938065593697249,
          1.0072375979784471,
          1.0717784951726315,
          0.8379277628641604
        ],
        [
          0.8171536179144167,
          0.5836511838646203,
          0.8040491568074231,
          1.8867337247675138,
          0.9811875778593604,
          1.4000992039572804,
          0.9564086741716258,
          0.2091605969178597,
          0.7838626214334637,
          1.3539676182950913,
          1.1784998334173056,
          0.6945421097502029,
          1.7256945134127024,
          1.59693066003002,
          1.7707108396977749,
          1.377751368861352
        ],
        [
          1.6157687765111932,
          0.8040491568074231,
          1.3005230807699848,
          1.0690190728967799,
          1.4601344026131187,
          0.8080563803421399,
          0.8139396535451147,
          0.8327833684629614,
          1.1254934064585318,
          1.2985639162426263,
          1.099060559242035,
          1.16303954098167,
          1.174043389452977,
          1.507833175016363,
          1.5399896965375408,
          1.2439911741185408
        ],
        [
          0.33431431492687236,
          1.8867337247675138,
          1.0690190728967799,
          1.6210250501081631,
          1.1573861259403113,
          0.8341943568610231,
          0.5282733102297605,
          1.0738390258060768,
          0.9158553610824012,
          0.894453888650843,
          0.44163216165126473,
          1.0478036541795221,
          0.8863045654202256,
          0.918251835708589,
          1.2198120274141977,
          0.5906319250663503
        ],
        [
          1.1011128082575423,
          0.9811875778593604,
          1.4601344026131187,
          1.1573861259403113,
          0.6075019578705312,
          0.14812324436593693,
          0.9762992704957212,
          1.231382949008196,
          1.0086736650955337,
          1.3329206774247377,
          1.4233014104800592,
          1.0187383649295594,
          1.1908000208444978,
          1.3051377742349315,
          0.9667190131257596,
          1.2265591279550903
        ],
        [
          1.2943610462622537,
          1.4000992039572804,
          0.8080563803421399,
          0.8341943568610231,
          0.14812324436593693,
          1.1664001430356337,
          1.4566346802910588,
          1.1633377189514484,
          0.4273623737334019,
          0.8494333483421903,
          0.9478083918808321,
          0.6777474879994019,
          0.8933361519497137,
          0.7235652583310421,
          1.4639192395398335,
          1.4409282803491843
        ],
        [
          0.3996231742187142,
          0.9564086741716258,
          0.8139396535451147,
          0.5282733102297605,
          0.9762992704957212,
          1.4566346802910588,
          1.7087720524409484,
          1.873544785772727,
          0.6344515369077187,
          0.588589212028892,
          1.7178950893007534,
          0.46366270643999896,
          0.5695109454937247,
          0.42873416678813103,
          1.473090321426536,
          0.9969528726960047
        ],
        [
          1.0646616945952465,
          0.2091605969178597,
          0.8327833684629614,
          1.0738390258060768,
          1.231382949008196,
          1.1633377189514484,
          1.873544785772727,
          1.1412613767371291,
          0.9480992956521003,
          0.4902278546729346,
          1.013593784169469,
          0.21659752072532235,
          1.3279474806065479,
          1.0074815695466701,
          0.8338498252377768,
          1.3393131143889148
        ],
        [
          0.5145677099325597,
          0.7838626214334637,
          1.1254934064585318,
          0.9158553610824012,
          1.0086736650955337,
          0.4273623737334019,
          0.6344515369077187,
          0.9480992956521003,
          1.8447162016571435,
          0.5486000539008911,
          0.9942533650305089,
          0.9465351672530508,
          0.21856150670247,
          0.21065172723718417,
          0.9665123343965318,
          1.1909737582552475
        ],
        [
          1.1240435778564315,
          1.3539676182950913,
          1.2985639162426263,
          0.894453888650843,
          1.3329206774247377,
          0.8494333483421903,
          0.588589212028892,
          0.4902278546729346,
          0.5486000539008911,
          1.998811077356187,
          0.6586005219879405,
          1.656190804112073,
          0.9430682341372344,
          1.5662898571973445,
          0.5420465814682985,
          0.4243318876699266
        ],
        [
          1.6354341655695515,
          1.1784998334173056,
          1.099060559242035,
          0.44163216165126473,
          1.4233014104800592,
          0.9478083918808321,
          1.7178950893007534,
          1.013593784169469,
          0.9942533650305089,
          0.6586005219879405,
          1.578084206364418,
          1.6456378690669453,
          1.4203745442059657,
          0.9143456546523525,
          1.22487050781135,
          0.8310694697150142
        ],
        [
          0.7564253045315361,
          0.6945421097502029,
          1.16303954098167,
          1.0478036541795221,
          1.0187383649295594,
          0.6777474879994019,
          0.46366270643999896,
          0.21659752072532235,
          0.9465351672530508,
          1.656190804112073,
          1.6456378690669453,
          1.6129559385728827,
          0.22334653216254063,
          1.8082534963761996,
          1.255209735642481,
          0.9346529227709685
        ],
        [
          1.3938065593697249,
          1.7256945134127024,
          1.174043389452977,
          0.8863045654202256,
          1.1908000208444978,
          0.8933361519497137,
          0.5695109454937247,
          1.3279474806065479,
          0.21856150670247,
          0.9430682341372344,
          1.4203745442059657,
          0.22334653216254063,
          1.9968343564225506,
          0.9389429097061387,
          0.5909494511072124,
          1.4731058162752662
        ],
        [
          1.0072375979784471,
          1.59693066003002,
          1.507833175016363,
          0.918251835708589,
          1.3051377742349315,
          0.7235652583310421,
          0.42873416678813103,
          1.0074815695466701,
          0.21065172723718417,
          1.5662898571973445,
          0.9143456546523525,
          1.8082534963761996,
          0.9389429097061387,
          1.6687430059023596,
          0.7141438563733461,
          0.517472165205728
        ],
        [
          1.0717784951726315,
          1.7707108396977749,
          1.5399896965375408,
          1.2198120274141977,
          0.9667190131257596,
          1.4639192395398335,
          1.473090321426536,
          0.8338498252377768,
          0.9665123343965318,
          0.5420465814682985,
          1.22487050781135,
          1.255209735642481,
          0.5909494511072124,
          0.7141438563733461,
          0.4401450996378502,
          0.9434555768552833
        ],
        [
          0.8379277628641604,
          1.377751368861352,
          1.2439911741185408,
          0.5906319250663503,
          1.2265591279550903,
          1.4409282803491843,
          0.9969528726960047,
          1.3393131143889148,
          1.1909737582552475,
          0.4243318876699266,
          0.8310694697150142,
          0.9346529227709685,
          1.4731058162752662,
          0.517472165205728,
          0.9434555768552833,
          0.06330367116246527
        ]
      ],
      "b_vector": [
        0.23369331177395317,
        0.17824805265197474,
        0.32531652823884205,
        0.2467849852064569,
        0.32476332207903685,
        0.1725660521619697,
        0.29126696083294856,
        0.13035370821318826,
        0.2926104922251311,
        0.024356891506976532,
        0.3120825537025779,
        0.3478201135125912,
        0.13005035944422041,
        0.03314898937977189,
        0.3353125896603189,
        0.2734366682763564
      ]
    }
  ],
  "shots": 3000,
  "backend": "sv1",
  "device_arn": "SV1",
  "aws_region": "eu-west-2",
  "ideal_preprocessing_list": [
    [
      [
        -2.618889723150453,
        -1.730679988701706,
        -1.6404404991045276,
        -1.2131833281901971,
        -0.8205611570216541,
        -0.36457464120987293,
        -0.11927250493564706,
        0.19161044663021848,
        0.5266025266447583,
        0.7821001487225565,
        1.091665883542931,
        1.6669106938597644,
        1.958701252113751,
        2.3791233747426364,
        3.486538441834851,
        16.552632786149843
      ],
      [
        0.00729997315837419,
        0.06153686397262871,
        0.05331502355273606,
        0.0043856509065251376,
        0.06852806576707404,
        0.1388284751533448,
        0.030761599540069434,
        0.10201001231936188,
        0.07442628884644388,
        0.07996668783763217,
        0.13428171819126022,
        0.07851748691193466,
        0.03833459599144623,
        0.2749071436310019,
        0.12786621171722637,
        0.9101937557292525
      ]
    ]
  ],
  "probability_threshold": 0,
  "k_qubits": 7,
  "preprocessing_mode": "ideal",
  "projection_mode": "all_components",
  "projection_subset": null,
  "num_solution_qubits": 4,
  "num_projections": 16,
  "projector_basis_states": [
    0,
    1,
    2,
    3,
    4,
    5,
    6,
    7,
    8,
    9,
    10,
    11,
    12,
    13,
    14,
    15
  ],
  "enhanced_projection_results": [
    {
      "problem_index": 0,
      "projection_tasks": [
        {
          "basis_state": 0,
          "task_id": "arn:aws:braket:eu-west-2:380012739362:quantum-task/ac9fcc80-e6d1-4735-bca8-aa6471e83bac",
          "status": "DONE",
          "shots": 3000,
          "created_at": "2025-12-21 13:21:59.448000+00:00",
          "ended_at": "2025-12-21 13:22:09.256000+00:00",
          "execution_time_seconds": 9.808,
          "counts": {
            "010100000000": 108,
            "101100000000": 379,
            "001000000000": 224,
            "101000000000": 310,
            "100000000000": 306,
            "111000000000": 275,
            "111100000000": 281,
            "011100000000": 59,
            "000100000000": 108,
            "011000000000": 216,
            "000000000000": 179,
            "010000000000": 273,
            "101100000001": 14,
            "001100000000": 170,
            "010100000001": 4,
            "100111110001": 1,
            "110000000000": 46,
            "110100000000": 13,
            "111100000001": 7,
            "000000000001": 4,
            "001010000001": 1,
            "011100000001": 1,
            "000100111100": 1,
            "000100000001": 3,
            "110000000001": 1,
            "001000000001": 4,
            "100010000001": 1,
            "111000000001": 5,
            "101110001001": 1,
            "000000011011": 1,
            "101000000001": 2,
            "110110000000": 1,
            "010000000001": 1
          },
          "component_probability": 0.09803921568627451,
          "success_rate": 0.017
        },
        {
          "basis_state": 1,
          "task_id": "arn:aws:braket:eu-west-2:380012739362:quantum-task/33d5f1fb-1589-4aba-b9bb-8bd290b69697",
          "status": "DONE",
          "shots": 3000,
          "created_at": "2025-12-21 13:22:05.769000+00:00",
          "ended_at": "2025-12-21 13:22:15.483000+00:00",
          "execution_time_seconds": 9.714,
          "counts": {
            "010000000000": 262,
            "001000000000": 259,
            "101100000000": 398,
            "011000000000": 235,
            "000000000000": 143,
            "000100000000": 111,
            "100000000000": 312,
            "111100000000": 274,
            "111000000000": 293,
            "001100000000": 157,
            "110100000000": 18,
            "101000000000": 267,
            "010100000000": 98,
            "011100000000": 81,
            "111001000001": 1,
            "110100110000": 1,
            "001000000001": 3,
            "000001000000": 1,
            "110000000000": 46,
            "111000000001": 3,
            "000100000001": 1,
            "010100000001": 6,
            "111100000001": 9,
            "000000000001": 4,
            "101100000001": 7,
            "110110000001": 2,
            "001100000001": 1,
            "000011100001": 1,
            "110110000000": 1,
            "011100000001": 1,
            "001011000001": 1,
            "010010000000": 1,
            "101000000001": 1,
            "100110011100": 1
          },
          "component_probability": 0.024390243902439025,
          "success_rate": 0.013666666666666667
        },
        {
          "basis_state": 2,
          "task_id": "arn:aws:braket:eu-west-2:380012739362:quantum-task/b5aaa684-a139-4037-8d78-e1478cc4b1a7",
          "status": "DONE",
          "shots": 3000,
          "created_at": "2025-12-21 13:22:12.116000+00:00",
          "ended_at": "2025-12-21 13:22:19.963000+00:00",
          "execution_time_seconds": 7.847,
          "counts": {
            "010100000000": 128,
            "100000000000": 308,
            "101100000000": 405,
            "001000000000": 254,
            "000000000000": 140,
            "101000000000": 267,
            "111100000000": 255,
            "000100000000": 89,
            "010000000000": 270,
            "011100000000": 65,
            "110000000000": 66,
            "011000000000": 227,
            "001100000000": 162,
            "111000000000": 305,
            "110001101001": 1,
            "101100000001": 11,
            "111101010001": 1,
            "111101100001": 1,
            "111100000001": 8,
            "000000000001": 7,
            "110110000001": 1,
            "000010000000": 1,
            "001010000001": 1,
            "110100000000": 12,
            "100010000000": 1,
            "101000000001": 2,
            "011100000001": 1,
            "110000000001": 1,
            "001000000001": 2,
            "011000000001": 1,
            "001100000001": 1,
            "111000000001": 1,
            "111011000001": 1,
            "010010011111": 1,
            "010100000001": 1,
            "100100000001": 1,
            "010010000000": 1
          },
          "component_probability": 0.06818181818181818,
          "success_rate": 0.014666666666666666
        },
        {
          "basis_state": 3,
          "task_id": "arn:aws:braket:eu-west-2:380012739362:quantum-task/70645a1b-09b7-4cee-995f-ac3e77bd5f90",
          "status": "DONE",
          "shots": 3000,
          "created_at": "2025-12-21 13:22:19.219000+00:00",
          "ended_at": "2025-12-21 13:22:28.791000+00:00",
          "execution_time_seconds": 9.572,
          "counts": {
            "010100000000": 110,
            "111100000000": 276,
            "101100000000": 419,
            "000100000000": 93,
            "001000000000": 241,
            "100000000000": 296,
            "001100000000": 149,
            "011000000000": 220,
            "101000000000": 305,
            "110000000000": 65,
            "000000000000": 157,
            "111000000000": 269,
            "010000000000": 263,
            "011100000000": 74,
            "011100000001": 1,
            "111100000001": 4,
            "001000000001": 3,
            "001100000001": 1,
            "010001000001": 1,
            "110100000000": 19,
            "100100000000": 2,
            "101100000001": 7,
            "111000000001": 4,
            "000000000001": 1,
            "111001000001": 1,
            "010110000000": 1,
            "110000000001": 2,
            "001000100001": 1,
            "001010000000": 1,
            "110110000001": 1,
            "010100000001": 1,
            "011101000001": 1,
            "010000000001": 1,
            "110101000001": 1,
            "100011100001": 1,
            "011111000001": 1,
            "111101100001": 1,
            "000111110001": 1,
            "011000000001": 1,
            "101010000000": 1,
            "000000100000": 1,
            "101000000001": 1,
            "001110000000": 1
          },
          "component_probability": 0.02702702702702703,
          "success_rate": 0.012333333333333333
        },
        {
          "basis_state": 4,
          "task_id": "arn:aws:braket:eu-west-2:380012739362:quantum-task/2179c84b-61e5-49ec-913c-3c127e32893b",
          "status": "DONE",
          "shots": 3000,
          "created_at": "2025-12-21 13:22:25.863000+00:00",
          "ended_at": "2025-12-21 13:22:33.681000+00:00",
          "execution_time_seconds": 7.818,
          "counts": {
            "101000000000": 268,
            "001000000000": 255,
            "011000000000": 220,
            "100000000000": 300,
            "111100000000": 260,
            "101100000000": 419,
            "111000000000": 307,
            "010100000000": 115,
            "001100000000": 148,
            "011100000000": 66,
            "010000000000": 279,
            "110000000000": 62,
            "000000000000": 134,
            "011100000001": 2,
            "000100000000": 102,
            "111000000001": 4,
            "110101000001": 1,
            "110110000001": 1,
            "111100000001": 13,
            "101100000001": 9,
            "110100000000": 16,
            "101000010011": 1,
            "001000000001": 1,
            "001010000000": 1,
            "001010000001": 1,
            "000000000001": 2,
            "001110000000": 1,
            "010010011111": 1,
            "100111110101": 1,
            "101000000001": 3,
            "000100000001": 2,
            "011101000001": 1,
            "101110100000": 1,
            "110000000001": 1,
            "111110100001": 1,
            "011000000001": 1
          },
          "component_probability": 0.021739130434782608,
          "success_rate": 0.015333333333333332
        },
        {
          "basis_state": 5,
          "task_id": "arn:aws:braket:eu-west-2:380012739362:quantum-task/9ebe95f0-8d5b-462d-bf58-ff3d3840975f",
          "status": "DONE",
          "shots": 3000,
          "created_at": "2025-12-21 13:22:32.222000+00:00",
          "ended_at": "2025-12-21 13:22:39.387000+00:00",
          "execution_time_seconds": 7.165,
          "counts": {
            "001000000000": 248,
            "001100000000": 185,
            "111100000000": 276,
            "100000000000": 273,
            "101000000000": 301,
            "000000000000": 137,
            "010000000000": 265,
            "101100000000": 417,
            "011000000000": 209,
            "011100000000": 59,
            "111000000000": 301,
            "110000000000": 48,
            "000100000000": 100,
            "110100000000": 23,
            "010100000000": 108,
            "111100000001": 9,
            "111110000000": 1,
            "001010000000": 1,
            "101100000001": 5,
            "111000000001": 7,
            "011100000001": 1,
            "000000000001": 1,
            "011000000001": 1,
            "101101100001": 1,
            "001000000001": 5,
            "011101111101": 1,
            "001110000000": 1,
            "000010000001": 1,
            "010000000001": 1,
            "101000000001": 1,
            "001000100001": 1,
            "000000010100": 1,
            "110000000001": 1,
            "000100000001": 2,
            "010100000001": 2,
            "110110000000": 1,
            "011101000000": 1,
            "111101000000": 1,
            "111101000001": 1,
            "100100000000": 1,
            "111100010000": 1
          },
          "component_probability": 0.04878048780487805,
          "success_rate": 0.013666666666666667
        },
        {
          "basis_state": 6,
          "task_id": "arn:aws:braket:eu-west-2:380012739362:quantum-task/0eb85c4c-2686-45c3-bc04-e22c4a8c7137",
          "status": "DONE",
          "shots": 3000,
          "created_at": "2025-12-21 13:22:38.280000+00:00",
          "ended_at": "2025-12-21 13:22:45.126000+00:00",
          "execution_time_seconds": 6.846,
          "counts": {
            "101100000000": 395,
            "010100000000": 118,
            "010000000000": 291,
            "011000000000": 214,
            "011100000000": 78,
            "111000000000": 271,
            "000100000000": 93,
            "100000000000": 324,
            "101000000000": 292,
            "001000000000": 209,
            "001100000000": 163,
            "000000000000": 170,
            "100010000001": 3,
            "101100000001": 15,
            "111100000000": 254,
            "011100000001": 5,
            "110100000000": 15,
            "110000000000": 56,
            "000000000001": 5,
            "111000000001": 2,
            "101000000001": 2,
            "001001000001": 2,
            "010100000001": 1,
            "111100000001": 8,
            "000010100000": 1,
            "001010000001": 2,
            "000100000001": 2,
            "010010000000": 1,
            "110000000001": 1,
            "101001000001": 1,
            "100010000000": 1,
            "011000000001": 1,
            "100001000001": 1,
            "011000100001": 1,
            "001000000001": 1,
            "101000011100": 1
          },
          "component_probability": 0.03773584905660377,
          "success_rate": 0.017666666666666667
        },
        {
          "basis_state": 7,
          "task_id": "arn:aws:braket:eu-west-2:380012739362:quantum-task/cf1a4c60-6e45-4615-bd7b-d7624641b9df",
          "status": "DONE",
          "shots": 3000,
          "created_at": "2025-12-21 13:22:44.805000+00:00",
          "ended_at": "2025-12-21 13:22:51.862000+00:00",
          "execution_time_seconds": 7.057,
          "counts": {
            "110000000000": 63,
            "100000000000": 296,
            "101000000000": 265,
            "000000000000": 140,
            "011100000000": 77,
            "111000000000": 285,
            "001100000000": 173,
            "010000000000": 272,
            "001000000000": 243,
            "101100000000": 393,
            "011000000000": 235,
            "001100100001": 1,
            "110100000000": 13,
            "000100000000": 96,
            "111100000000": 264,
            "001010000001": 3,
            "010100000000": 132,
            "110010010001": 1,
            "111100000001": 8,
            "010100000001": 5,
            "001000000001": 4,
            "011100000001": 2,
            "011100100000": 1,
            "111000000001": 5,
            "101100000001": 7,
            "111010000001": 1,
            "111110100000": 1,
            "001100000001": 2,
            "110101000001": 1,
            "011000000001": 1,
            "101000000001": 2,
            "001010000000": 1,
            "011101000001": 1,
            "011110010111": 1,
            "101101000000": 1,
            "110110000001": 1,
            "000100000001": 1,
            "101101100001": 1,
            "000010010001": 1
          },
          "component_probability": 0.08163265306122448,
          "success_rate": 0.01633333333333333
        },
        {
          "basis_state": 8,
          "task_id": "arn:aws:braket:eu-west-2:380012739362:quantum-task/ec2084f8-84fd-4ed7-a0b3-97300161eaba",
          "status": "DONE",
          "shots": 3000,
          "created_at": "2025-12-21 13:22:50.246000+00:00",
          "ended_at": "2025-12-21 13:22:59.394000+00:00",
          "execution_time_seconds": 9.148,
          "counts": {
            "010100000000": 118,
            "100000000000": 338,
            "101000000000": 294,
            "011100000000": 67,
            "010000000000": 277,
            "111100000000": 260,
            "011000000000": 214,
            "101100000000": 404,
            "110000000000": 52,
            "000100000000": 80,
            "001100000000": 167,
            "111000000000": 298,
            "001000000000": 241,
            "000000000000": 134,
            "111000000001": 4,
            "101100000001": 12,
            "110100000000": 16,
            "111100000001": 5,
            "000000000001": 2,
            "010100100000": 1,
            "000100000001": 3,
            "010100000001": 2,
            "111000010101": 1,
            "001010000001": 1,
            "111101000000": 1,
            "101110011111": 1,
            "110101000001": 1,
            "011110000000": 1,
            "110000000001": 1,
            "011100000001": 1,
            "010000100001": 1,
            "110001111001": 1,
            "010010000001": 1
          },
          "component_probability": 0.0,
          "success_rate": 0.012333333333333333
        },
        {
          "basis_state": 9,
          "task_id": "arn:aws:braket:eu-west-2:380012739362:quantum-task/1eb009fc-b5fd-4b32-a129-a7e280c195b9",
          "status": "DONE",
          "shots": 3000,
          "created_at": "2025-12-21 13:22:56.138000+00:00",
          "ended_at": "2025-12-21 13:23:04.746000+00:00",
          "execution_time_seconds": 8.608,
          "counts": {
            "101100000000": 405,
            "100000000000": 312,
            "101000000000": 300,
            "001100000000": 143,
            "000000000000": 165,
            "010000000000": 264,
            "011000000000": 233,
            "001000000000": 242,
            "010100000000": 116,
            "111100000000": 261,
            "111000000000": 256,
            "111000000001": 4,
            "110000000000": 65,
            "000100000000": 86,
            "011100000000": 77,
            "111100000001": 9,
            "110110000001": 1,
            "110100000000": 20,
            "001000000001": 4,
            "001011010100": 1,
            "000100000001": 2,
            "101100000001": 6,
            "010100000001": 5,
            "011100000001": 5,
            "010110000000": 1,
            "110000000001": 2,
            "100010000001": 1,
            "100011000001": 1,
            "011000000001": 3,
            "000000000001": 1,
            "101000000001": 2,
            "001100000001": 1,
            "111010010100": 1,
            "110001000000": 1,
            "111101000000": 1,
            "111100100000": 1,
            "011001110000": 1,
            "110110000000": 1
          },
          "component_probability": 0.0,
          "success_rate": 0.015666666666666666
        },
        {
          "basis_state": 10,
          "task_id": "arn:aws:braket:eu-west-2:380012739362:quantum-task/cc50f4a1-072f-4e0f-a44a-b603de88dca2",
          "status": "DONE",
          "shots": 3000,
          "created_at": "2025-12-21 13:23:02.942000+00:00",
          "ended_at": "2025-12-21 13:23:12.762000+00:00",
          "execution_time_seconds": 9.82,
          "counts": {
            "011000000000": 221,
            "010000000000": 257,
            "100000000000": 319,
            "111000000000": 301,
            "000100000000": 101,
            "001100000000": 174,
            "000000000000": 131,
            "001000000000": 233,
            "101000000000": 274,
            "101100000000": 384,
            "011100000000": 65,
            "010100000001": 4,
            "111100000000": 280,
            "010100000000": 128,
            "110100000000": 21,
            "110000000000": 55,
            "110000000001": 1,
            "100101010101": 1,
            "101010100001": 1,
            "001000000001": 4,
            "011100000001": 4,
            "110110100000": 1,
            "111100000001": 12,
            "000110010101": 1,
            "101100000001": 8,
            "101000000001": 5,
            "011000000001": 2,
            "001001000001": 2,
            "111110000000": 1,
            "110110000000": 1,
            "100010000001": 2,
            "001100000001": 2,
            "000000000001": 1,
            "001010000001": 1,
            "110110000001": 1,
            "101100100000": 1
          },
          "component_probability": 0.11538461538461539,
          "success_rate": 0.017333333333333333
        },
        {
          "basis_state": 11,
          "task_id": "arn:aws:braket:eu-west-2:380012739362:quantum-task/d21be8b6-9fdd-48d8-b0f5-deb4ee1cff56",
          "status": "DONE",
          "shots": 3000,
          "created_at": "2025-12-21 13:23:09.241000+00:00",
          "ended_at": "2025-12-21 13:23:15.867000+00:00",
          "execution_time_seconds": 6.626,
          "counts": {
            "111100000000": 273,
            "101000000000": 276,
            "001000000000": 257,
            "101100000000": 444,
            "000000000000": 160,
            "111000000000": 300,
            "100000000000": 324,
            "011000000000": 186,
            "010000000000": 249,
            "000100000000": 86,
            "001100000000": 136,
            "011100000000": 70,
            "110000000000": 50,
            "010100000000": 113,
            "110100000000": 16,
            "101000000001": 4,
            "001000000001": 2,
            "111010000001": 1,
            "111011011111": 1,
            "101100000001": 7,
            "111100000001": 11,
            "010100000001": 6,
            "111000000001": 2,
            "011100000001": 3,
            "101110000000": 2,
            "000000000001": 4,
            "101110100001": 1,
            "111110000000": 1,
            "001000100000": 1,
            "011101000001": 2,
            "011100100001": 1,
            "110110000001": 1,
            "010010000000": 1,
            "100010000001": 1,
            "110000000001": 1,
            "011001000001": 1,
            "011000000001": 1,
            "000101000000": 2,
            "100100000000": 1,
            "110101000001": 1,
            "000100000001": 1
          },
          "component_probability": 0.15384615384615385,
          "success_rate": 0.017333333333333333
        },
        {
          "basis_state": 12,
          "task_id": "arn:aws:braket:eu-west-2:380012739362:quantum-task/04e57f01-95be-4b7d-a6d4-88b171d87a59",
          "status": "DONE",
          "shots": 3000,
          "created_at": "2025-12-21 13:23:15.344000+00:00",
          "ended_at": "2025-12-21 13:23:22.371000+00:00",
          "execution_time_seconds": 7.027,
          "counts": {
            "111100000000": 279,
            "101100000000": 420,
            "111000000000": 302,
            "001000000000": 264,
            "000000000000": 138,
            "010000000000": 257,
            "011000000000": 218,
            "100000000000": 296,
            "001100000000": 164,
            "101000000000": 283,
            "011100000000": 72,
            "000100000000": 80,
            "110000000000": 63,
            "010100000000": 111,
            "100100000000": 1,
            "010100000001": 2,
            "001010000000": 1,
            "001010000001": 3,
            "110100000000": 14,
            "111100000001": 8,
            "101100000001": 7,
            "000000000001": 4,
            "001000000001": 1,
            "011101000001": 1,
            "110000000001": 1,
            "000100000001": 3,
            "101000000001": 1,
            "111110000000": 1,
            "011000000001": 1,
            "100001000001": 1,
            "011100000001": 1,
            "010111000001": 1,
            "111000000001": 1
          },
          "component_probability": 0.027777777777777776,
          "success_rate": 0.012
        },
        {
          "basis_state": 13,
          "task_id": "arn:aws:braket:eu-west-2:380012739362:quantum-task/e9450744-fed9-41f6-8155-0a46785e4395",
          "status": "DONE",
          "shots": 3000,
          "created_at": "2025-12-21 13:23:21.631000+00:00",
          "ended_at": "2025-12-21 13:23:31.285000+00:00",
          "execution_time_seconds": 9.654,
          "counts": {
            "101100000000": 404,
            "001000000000": 238,
            "010100000000": 116,
            "000000000000": 154,
            "111100000000": 269,
            "010000000000": 279,
            "001100000000": 183,
            "101000000000": 257,
            "011000000000": 197,
            "111000000000": 287,
            "000100000000": 115,
            "100000000000": 307,
            "111100000001": 11,
            "011100000000": 58,
            "001000000001": 5,
            "101100000001": 9,
            "110000000000": 70,
            "110100000000": 20,
            "000001000000": 1,
            "100111000001": 1,
            "110000000001": 2,
            "001010011100": 1,
            "111000000001": 4,
            "011000000001": 1,
            "011101000001": 1,
            "101001010101": 1,
            "111110100001": 1,
            "100100000000": 1,
            "000100000001": 2,
            "110011110001": 1,
            "101000000001": 1,
            "000011110001": 1,
            "101110000000": 1,
            "110110000001": 1
          },
          "component_probability": 0.023809523809523808,
          "success_rate": 0.014
        },
        {
          "basis_state": 14,
          "task_id": "arn:aws:braket:eu-west-2:380012739362:quantum-task/599c260e-4d51-44b0-95d4-234255c61f68",
          "status": "DONE",
          "shots": 3000,
          "created_at": "2025-12-21 13:23:28.132000+00:00",
          "ended_at": "2025-12-21 13:23:35.541000+00:00",
          "execution_time_seconds": 7.409,
          "counts": {
            "101000000000": 275,
            "001000000000": 243,
            "010000000000": 288,
            "101100000000": 375,
            "010100000000": 125,
            "111100000000": 266,
            "001100000000": 173,
            "000000000000": 156,
            "100000000000": 324,
            "011100000000": 85,
            "011000000000": 206,
            "110000000000": 56,
            "000100000000": 90,
            "111000000000": 262,
            "010100100001": 1,
            "011100000001": 8,
            "111100000001": 7,
            "001010000001": 1,
            "101100000001": 12,
            "110100000000": 17,
            "010110000000": 1,
            "010100000001": 1,
            "001000000001": 5,
            "111101000000": 1,
            "110000000001": 2,
            "000001100001": 1,
            "111000000001": 4,
            "101110000000": 2,
            "111011011001": 1,
            "001100000001": 1,
            "000000000001": 1,
            "000100000001": 1,
            "110110000000": 1,
            "101000100000": 1,
            "111011010100": 1,
            "011000000001": 1,
            "101000000001": 1,
            "111010000001": 1,
            "100010000001": 1,
            "100100000000": 1,
            "100010000000": 1
          },
          "component_probability": 0.12,
          "success_rate": 0.016666666666666666
        },
        {
          "basis_state": 15,
          "task_id": "arn:aws:braket:eu-west-2:380012739362:quantum-task/cc6c0aa3-2054-46f9-875b-c51bda80cd9a",
          "status": "DONE",
          "shots": 3000,
          "created_at": "2025-12-21 13:23:34.928000+00:00",
          "ended_at": "2025-12-21 13:23:42.824000+00:00",
          "execution_time_seconds": 7.896,
          "counts": {
            "111100000000": 247,
            "100000000000": 331,
            "000100000000": 104,
            "010000000000": 270,
            "101100000000": 380,
            "001000000000": 224,
            "111000000000": 292,
            "110000000000": 56,
            "010100000000": 110,
            "001100000000": 153,
            "011000000000": 232,
            "101000000000": 318,
            "000000000000": 142,
            "101100000001": 7,
            "111101000000": 1,
            "011100000000": 66,
            "110010110000": 1,
            "011000010001": 1,
            "001000000001": 6,
            "101000000001": 2,
            "110110000000": 1,
            "110101000001": 1,
            "111100000001": 12,
            "110100000000": 21,
            "001001000001": 2,
            "011001110000": 1,
            "011100000001": 3,
            "111001000001": 1,
            "111100010000": 1,
            "111000000001": 1,
            "001010000001": 1,
            "110110000001": 2,
            "100010000001": 1,
            "000000000001": 1,
            "011110000001": 1,
            "010100000001": 1,
            "011101000001": 1,
            "010101000000": 1,
            "000100000001": 1,
            "000000100000": 1,
            "000101100001": 1,
            "110000000001": 1
          },
          "component_probability": 0.2553191489361702,
          "success_rate": 0.015666666666666666
        }
      ],
      "depth": 13342,
      "num_projections": 16,
      "ideal_solution": [
        {
          "real": 0.1373888340960895,
          "imag": 0.0
        },
        {
          "real": 0.23507191753135728,
          "imag": 0.0
        },
        {
          "real": 0.37255530366087364,
          "imag": 0.0
        },
        {
          "real": 0.0282536817178633,
          "imag": 0.0
        },
        {
          "real": 0.06172064736019371,
          "imag": 0.0
        },
        {
          "real": -0.2611691526023589,
          "imag": 0.0
        },
        {
          "real": 0.178420435006504,
          "imag": 0.0
        },
        {
          "real": -0.28290679467567925,
          "imag": 0.0
        },
        {
          "real": 0.13125035683326788,
          "imag": 0.0
        },
        {
          "real": -0.10870947181004116,
          "imag": 0.0
        },
        {
          "real": 0.2733566830283024,
          "imag": 0.0
        },
        {
          "real": -0.45847814300623124,
          "imag": 0.0
        },
        {
          "real": -0.2013352841404181,
          "imag": 0.0
        },
        {
          "real": 0.06791600884654518,
          "imag": 0.0
        },
        {
          "real": 0.3390807350083583,
          "imag": 0.0
        },
        {
          "real": -0.35817061772583136,
          "imag": 0.0
        }
      ],
      "reconstructed_solution_probabilities": [
        0.08883070139936743,
        0.02209934522618409,
        0.06177771506410552,
        0.024488463629014807,
        0.01969724248420756,
        0.04419869045236818,
        0.034191439783907464,
        0.07396515545090185,
        0.0,
        0.0,
        0.1045469024161786,
        0.13939586988823813,
        0.02516869872982077,
        0.021573170339846376,
        0.10872877851282572,
        0.23133782662303345
      ],
      "fidelity": 0.8685768974974581,
      "metadata": {
        "measured_components": [
          0,
          1,
          2,
          3,
          4,
          5,
          6,
          7,
          8,
          9,
          10,
          11,
          12,
          13,
          14,
          15
        ],
        "success_rates": [
          0.017,
          0.013666666666666667,
          0.014666666666666666,
          0.012333333333333333,
          0.015333333333333332,
          0.013666666666666667,
          0.017666666666666667,
          0.01633333333333333,
          0.012333333333333333,
          0.015666666666666666,
          0.017333333333333333,
          0.017333333333333333,
          0.012,
          0.014,
          0.016666666666666666,
          0.015666666666666666
        ],
        "raw_probabilities": [
          0.09803921568627451,
          0.024390243902439025,
          0.06818181818181818,
          0.02702702702702703,
