{
  "problem_list": [
    {
      "A_matrix": [
        [
          0.9941254725514923,
          1.2675574126479563,
          0.36251466211466055,
          0.6565064221241291,
          1.093304844371934,
          1.1939627768775685,
          0.7373364666336234,
          0.6822582666310577
        ],
        [
          1.2675574126479563,
          1.9232649502039778,
          0.7173598775138685,
          0.827999722397736,
          0.6111243615044485,
          0.7304495527701816,
          1.0317099143628234,
          0.8472182614782
        ],
        [
          0.36251466211466055,
          0.7173598775138685,
          1.323034859794131,
          0.6865481952182487,
          1.465855012039611,
          1.3147423260677544,
          1.2374735448817487,
          0.9976601179832263
        ],
        [
          0.6565064221241291,
          0.827999722397736,
          0.6865481952182487,
          0.844520375565414,
          0.37523275299439784,
          1.0971048687058844,
          0.6897767870526306,
          0.8773412989009245
        ],
        [
          1.093304844371934,
          0.6111243615044485,
          1.465855012039611,
          0.37523275299439784,
          0.9958924164733607,
          0.8921863369678958,
          1.0546978045683002,
          1.5801297356683084
        ],
        [
          1.1939627768775685,
          0.7304495527701816,
          1.3147423260677544,
          1.0971048687058844,
          0.8921863369678958,
          0.7273425753462819,
          0.8765539942201854,
          0.9670911268185621
        ],
        [
          0.7373364666336234,
          1.0317099143628234,
          1.2374735448817487,
          0.6897767870526306,
          1.0546978045683002,
          0.8765539942201854,
          1.7909774372099079,
          0.24553147119622165
        ],
        [
          0.6822582666310577,
          0.8472182614782,
          0.9976601179832263,
          0.8773412989009245,
          1.5801297356683084,
          0.9670911268185621,
          0.24553147119622165,
          1.162743771571868
        ]
      ],
      "b_vector": [
        0.4806070549258661,
        0.20135187602571086,
        0.020703801791432656,
        0.043801643940463486,
        0.4518958717555907,
        0.5228064035309642,
        0.3234935967970856,
        0.37939758526440875
      ]
    }
  ],
  "shots": 3000,
  "backend": "sv1",
  "device_arn": "SV1",
  "aws_region": "eu-west-2",
  "ideal_preprocessing_list": [
    [
      [
        -1.1032624360881584,
        -0.6962654279083766,
        -0.029406438159699077,
        0.41124354675455416,
        0.6496126733197624,
        1.3699911139145622,
        1.6006051678045128,
        7.559383659079279
      ],
      [
        0.11825599866094111,
        0.23593425322644235,
        0.07944669071396268,
        0.3752800240095786,
        0.14612809149131412,
        0.13439652743433914,
        0.0027760793850388696,
        0.862426878942846
      ]
    ]
  ],
  "probability_threshold": 0,
  "k_qubits": 7,
  "preprocessing_mode": "ideal",
  "projection_mode": "all_components",
  "projection_subset": null,
  "num_solution_qubits": 3,
  "num_projections": 8,
  "projector_basis_states": [
    0,
    1,
    2,
    3,
    4,
    5,
    6,
    7
  ],
  "enhanced_projection_results": [
    {
      "problem_index": 0,
      "projection_tasks": [
        {
          "basis_state": 0,
          "task_id": "arn:aws:braket:eu-west-2:380012739362:quantum-task/fc316260-ae2c-418e-9226-f52f941abe86",
          "shots": 3000,
          "projector_index": 0
        },
        {
          "basis_state": 1,
          "task_id": "arn:aws:braket:eu-west-2:380012739362:quantum-task/eee1fe64-df5d-44f5-8c2e-99c385c89b08",
          "shots": 3000,
          "projector_index": 1
        },
        {
          "basis_state": 2,
          "task_id": "arn:aws:braket:eu-west-2:380012739362:quantum-task/1d2bf890-9a47-4813-86f1-d823bfcd10de",
          "shots": 3000,
          "projector_index": 2
        },
        {
          "basis_state": 3,
          "task_id": "arn:aws:braket:eu-west-2:380012739362:quantum-task/459e9883-6fa6-4b97-a00f-9e138bc93459",
          "shots": 3000,
          "projector_index": 3
        },
        {
          "basis_state": 4,
          "task_id": "arn:aws:braket:eu-west-2:380012739362:quantum-task/2aa37c02-4ff1-4a5d-8190-5ddf200a9cda",
          "shots": 3000,
          "projector_index": 4
        },
        {
          "basis_state": 5,
          "task_id": "arn:aws:braket:eu-west-2:380012739362:quantum-task/cb5cd0dc-89d9-445e-ad47-2035bca43d9a",
          "shots": 3000,
          "projector_index": 5
        },
        {
          "basis_state": 6,
          "task_id": "arn:aws:braket:eu-west-2:380012739362:quantum-task/1e9d9ee8-83ab-49e5-8f66-0b9958916447",
          "shots": 3000,
          "projector_index": 6
        },
        {
          "basis_state": 7,
          "task_id": "arn:aws:braket:eu-west-2:380012739362:quantum-task/cbdcd53b-5422-4673-b8cc-700da0b21e7f",
          "shots": 3000,
          "projector_index": 7
        }
      ],
      "depth": 4865,
      "num_projections": 8,
      "ideal_solution": [
        {
          "real": 0.41306002941738873,
          "imag": 0.0
        },
        {
          "real": 0.036280053646795755,
          "imag": 0.0
        },
        {
          "real": 0.4665551942418717,
          "imag": 0.0
        },
        {
          "real": -0.3451829452313298,
          "imag": 0.0
        },
        {
          "real": -0.028732640583253942,
          "imag": 0.0
        },
        {
          "real": 0.3428463440946382,
          "imag": 0.0
        },
        {
          "real": -0.4061677424927639,
          "imag": 0.0
        },
        {
          "real": -0.45595914237663004,
          "imag": 0.0
        }
      ]
    }
  ]
}