{
  "problem_list": [
    {
      "A_matrix": [
        [
          1.374830041009995,
          0.9160421314208194,
          0.26447722998979606,
          0.27941580599185945,
          1.1361518954597156,
          1.2306030352853519,
          0.9741158741632232,
          0.8266776304195615
        ],
        [
          0.9160421314208194,
          1.8835707647641484,
          0.902634998636119,
          0.6318584050873534,
          1.156575718350501,
          1.7308329267691374,
          1.289429556279949,
          1.5391718111015116
        ],
        [
          0.26447722998979606,
          0.902634998636119,
          0.5209511473326156,
          0.7650585635808624,
          0.9322766478865874,
          0.8878935230627569,
          0.35193508162700404,
          0.8023727524915291
        ],
        [
          0.27941580599185945,
          0.6318584050873534,
          0.7650585635808624,
          0.35105986247718435,
          1.3283343847483766,
          0.8553808310658875,
          1.2530013438096834,
          1.6774906247056007
        ],
        [
          1.1361518954597156,
          1.156575718350501,
          0.9322766478865874,
          1.3283343847483766,
          1.211597135257862,
          1.1738948647681857,
          1.813702772179106,
          1.2361404345642435
        ],
        [
          1.2306030352853519,
          1.7308329267691374,
          0.8878935230627569,
          0.8553808310658875,
          1.1738948647681857,
          1.9648013050662774,
          1.0656170448733804,
          0.3985014863944484
        ],
        [
          0.9741158741632232,
          1.289429556279949,
          0.35193508162700404,
          1.2530013438096834,
          1.813702772179106,
          1.0656170448733804,
          0.64986086514445,
          1.2302757169777148
        ],
        [
          0.8266776304195615,
          1.5391718111015116,
          0.8023727524915291,
          1.6774906247056007,
          1.2361404345642435,
          0.3985014863944484,
          1.2302757169777148,
          0.01348667944087878
        ]
      ],
      "b_vector": [
        0.24789246377694887,
        0.47442184662450715,
        0.32408495259926084,
        0.4736694490583314,
        0.348281056679049,
        0.4220266023656574,
        0.19671888417339267,
        0.214417740495739
      ]
    }
  ],
  "shots": 3000,
  "backend": "sv1",
  "device_arn": "SV1",
  "aws_region": "eu-west-2",
  "ideal_preprocessing_list": [
    [
      [
        -1.8598498112949686,
        -1.1023249269234463,
        -0.41522884957413714,
        0.03508925441003034,
        0.4392123135984316,
        0.9448250653874012,
        1.4886555921201412,
        8.43977916276996
      ],
      [
        0.18250799224846115,
        0.08812362738354335,
        0.09586457364723666,
        0.07870600562550181,
        0.08239389771067787,
        0.15792954530069592,
        0.018314463146876375,
        0.9547117324307444
      ]
    ]
  ],
  "probability_threshold": 0,
  "k_qubits": 7,
  "preprocessing_mode": "ideal",
  "projection_mode": "all_components",
  "projection_subset": null,
  "num_solution_qubits": 3,
  "num_projections": 8,
  "projector_basis_states": [
    0,
    1,
    2,
    3,
    4,
    5,
    6,
    7
  ],
  "enhanced_projection_results": [
    {
      "problem_index": 0,
      "projection_tasks": [
        {
          "basis_state": 0,
          "task_id": "arn:aws:braket:eu-west-2:380012739362:quantum-task/b2ad901c-9d51-4a28-b0b4-645b0260bf3b",
          "status": "DONE",
          "shots": 3000,
          "created_at": "2025-12-21 12:45:06.840000+00:00",
          "ended_at": "2025-12-21 12:45:10.788000+00:00",
          "execution_time_seconds": 3.948,
          "counts": {
            "10000000000": 352,
            "10100000000": 572,
            "00000000000": 137,
            "01100000000": 714,
            "11000000000": 158,
            "00100000000": 700,
            "10000111001": 1,
            "11100000000": 124,
            "01000000000": 218,
            "01011000001": 4,
            "11000000001": 2,
            "10100000001": 2,
            "01000000001": 13,
            "10111000000": 1,
            "00000000001": 2
          },
          "component_probability": 0.08333333333333333,
          "success_rate": 0.008
        },
        {
          "basis_state": 1,
          "task_id": "arn:aws:braket:eu-west-2:380012739362:quantum-task/e0f8c1e4-5c5f-43ad-975d-f3d22763abe5",
          "status": "DONE",
          "shots": 3000,
          "created_at": "2025-12-21 12:45:09.346000+00:00",
          "ended_at": "2025-12-21 12:45:13.488000+00:00",
          "execution_time_seconds": 4.142,
          "counts": {
            "00100000000": 694,
            "01100000000": 653,
            "10100000000": 597,
            "10000000000": 384,
            "00000000000": 132,
            "01000000000": 246,
            "11100000000": 131,
            "11000000000": 149,
            "01000000001": 6,
            "11100000001": 1,
            "01010000000": 1,
            "00001000001": 1,
            "01011000001": 2,
            "01110000001": 1,
            "00000000001": 1,
            "10001100001": 1
          },
          "component_probability": 0.0,
          "success_rate": 0.004333333333333333
        },
        {
          "basis_state": 2,
          "task_id": "arn:aws:braket:eu-west-2:380012739362:quantum-task/80fd037f-2e94-42c6-bf86-e04d3e32718a",
          "status": "DONE",
          "shots": 3000,
          "created_at": "2025-12-21 12:45:11.578000+00:00",
          "ended_at": "2025-12-21 12:45:15.431000+00:00",
          "execution_time_seconds": 3.853,
          "counts": {
            "01100000000": 709,
            "01000000000": 220,
            "11000000000": 151,
            "00100000000": 669,
            "10100000000": 585,
            "00000000000": 134,
            "10000000000": 378,
            "11100000000": 129,
            "01000000001": 13,
            "01011000000": 1,
            "01011000001": 2,
            "11000000001": 2,
            "01100000001": 1,
            "01010000001": 1,
            "11010110000": 1,
            "10100000001": 1,
            "01001000000": 1,
            "00011000000": 1,
            "00000000001": 1
          },
          "component_probability": 0.7619047619047619,
          "success_rate": 0.007
        },
        {
          "basis_state": 3,
          "task_id": "arn:aws:braket:eu-west-2:380012739362:quantum-task/af7d13a5-d0af-4dd1-8e4e-aa3aa8b0a4ab",
          "status": "DONE",
          "shots": 3000,
          "created_at": "2025-12-21 12:45:14.139000+00:00",
          "ended_at": "2025-12-21 12:45:17.915000+00:00",
          "execution_time_seconds": 3.776,
          "counts": {
            "01100000000": 719,
            "10000000000": 375,
            "00000000000": 154,
            "10100000000": 591,
            "00100000000": 651,
            "01000000000": 209,
            "11100000000": 127,
            "01000000001": 12,
            "11000000000": 151,
            "01011000000": 1,
            "11100000001": 1,
            "00000000001": 2,
            "01111000000": 1,
            "01010000000": 1,
            "01000100000": 1,
            "10011100001": 1,
            "01011100001": 1,
            "11000000001": 1,
            "00101000000": 1
          },
          "component_probability": 0.0,
          "success_rate": 0.006
        },
        {
          "basis_state": 4,
          "task_id": "arn:aws:braket:eu-west-2:380012739362:quantum-task/862844cb-06eb-4289-a3ee-f6f64cd1fba9",
          "status": "DONE",
          "shots": 3000,
          "created_at": "2025-12-21 12:45:16.146000+00:00",
          "ended_at": "2025-12-21 12:45:19.924000+00:00",
          "execution_time_seconds": 3.778,
          "counts": {
            "01100000000": 688,
            "00100000000": 671,
            "10100000000": 566,
            "01000000000": 241,
            "10000000000": 383,
            "11000000000": 147,
            "11100000000": 133,
            "00000000000": 151,
            "01000000001": 11,
            "11101110001": 1,
            "01100101001": 1,
            "11000000001": 2,
            "10111110000": 1,
            "00000000001": 1,
            "10011110001": 1,
            "01000100000": 1,
            "11110101011": 1
          },
          "component_probability": 0.05555555555555555,
          "success_rate": 0.006
        },
        {
          "basis_state": 5,
          "task_id": "arn:aws:braket:eu-west-2:380012739362:quantum-task/4116aacf-ccd8-493e-8965-ab8db27f6e6b",
          "status": "DONE",
          "shots": 3000,
          "created_at": "2025-12-21 12:45:18.119000+00:00",
          "ended_at": "2025-12-21 12:45:22.013000+00:00",
          "execution_time_seconds": 3.894,
          "counts": {
            "01100000000": 694,
            "00100000000": 667,
            "11000000000": 163,
            "10100000000": 601,
            "11100000000": 123,
            "10000000000": 366,
            "00000000000": 128,
            "01000000000": 239,
            "01100100001": 1,
            "01000000001": 10,
            "00000000001": 3,
            "11000000001": 2,
            "10110101101": 1,
            "01101000000": 1,
            "01100000001": 1
          },
          "component_probability": 0.05555555555555555,
          "success_rate": 0.006
        },
        {
          "basis_state": 6,
          "task_id": "arn:aws:braket:eu-west-2:380012739362:quantum-task/5f420041-278c-467e-b9e2-e19d2c6e08ec",
          "status": "DONE",
          "shots": 3000,
          "created_at": "2025-12-21 12:45:20.212000+00:00",
          "ended_at": "2025-12-21 12:45:23.576000+00:00",
          "execution_time_seconds": 3.364,
          "counts": {
            "10100000000": 597,
            "10000000000": 393,
            "01100000000": 682,
            "01000000000": 215,
            "00000000000": 133,
            "00100000000": 677,
            "11000000000": 150,
            "11100000000": 130,
            "01111110001": 1,
            "01111000001": 1,
            "01000000001": 10,
            "01000100001": 1,
            "00011000001": 1,
            "00000000001": 3,
            "01010010001": 1,
            "11001000001": 1,
            "01010100001": 1,
            "01011000000": 2,
            "01011100001": 1
          },
          "component_probability": 0.047619047619047616,
          "success_rate": 0.007
        },
        {
          "basis_state": 7,
          "task_id": "arn:aws:braket:eu-west-2:380012739362:quantum-task/e7442fb8-70fa-4968-a05b-d5be50bbf0e0",
          "status": "DONE",
          "shots": 3000,
          "created_at": "2025-12-21 12:45:22.345000+00:00",
          "ended_at": "2025-12-21 12:45:25.883000+00:00",
          "execution_time_seconds": 3.538,
          "counts": {
            "10100000000": 563,
            "01100000000": 681,
            "00100000000": 729,
            "10000000000": 378,
            "11100000000": 126,
            "01000000000": 222,
            "11000000000": 156,
            "00000000000": 125,
            "11000000001": 7,
            "11100100010": 1,
            "01000000001": 7,
            "01001100001": 1,
            "01001010001": 1,
            "10111000000": 1,
            "10100000001": 1,
            "11100111000": 1
          },
          "component_probability": 0.0,
          "success_rate": 0.005666666666666667
        }
      ],
      "depth": 4832,
      "num_projections": 8,
      "ideal_solution": [
        {
          "real": 0.36123267079478016,
          "imag": 0.0
        },
        {
          "real": -0.06668141794653659,
          "imag": 0.0
        },
        {
          "real": 0.8071690061190376,
          "imag": 0.0
        },
        {
          "real": -0.13999071081004932,
          "imag": 0.0
        },
        {
          "real": 0.01576693091794848,
          "imag": 0.0
        },
        {
          "real": -0.21164631005657272,
          "imag": 0.0
        },
        {
          "real": -0.3668509845581563,
          "imag": 0.0
        },
        {
          "real": 0.11967848994864647,
          "imag": 0.0
        }
      ],
      "reconstructed_solution_probabilities": [
        0.08300395256916995,
        0.0,
        0.758893280632411,
        0.0,
        0.05533596837944664,
        0.05533596837944664,
        0.04743083003952569,
        0.0
      ],
      "fidelity": 0.8847745483653577,
      "metadata": {
        "measured_components": [
          0,
          1,
          2,
          3,
          4,
          5,
          6,
          7
        ],
        "success_rates": [
          0.008,
          0.004333333333333333,
          0.007,
          0.006,
          0.006,
          0.006,
          0.007,
          0.005666666666666667
        ],
        "raw_probabilities": [
          0.08333333333333333,
          0.0,
          0.7619047619047619,
          0.0,
          0.05555555555555555,
          0.05555555555555555,
          0.047619047619047616,
          0.0
        ],
        "average_success_rate": 0.00625,
        "total_probability": 1.003968253968254
      },
      "total_problem_time_seconds": 19.043,
      "first_created_at": "2025-12-21 12:45:06.840000+00:00",
      "last_ended_at": "2025-12-21 12:45:25.883000+00:00"
    }
  ]
}