{
  "problem_list": [
    {
      "A_matrix": [
        [
          1.8611011630552925,
          0.9552417753827063,
          1.8162024778374422,
          0.6344075809302169,
          1.11528760618531,
          0.775679449685048,
          0.8452550388809662,
          0.5333735308183051
        ],
        [
          0.9552417753827063,
          0.6198386879959037,
          1.167184905843381,
          1.3831442224133728,
          1.756134601233936,
          0.9684215568965299,
          1.4381623153962155,
          1.0869610675508343
        ],
        [
          1.8162024778374422,
          1.167184905843381,
          0.9797469096059266,
          0.5336519656007038,
          1.1046607040345635,
          1.4159172681779766,
          0.7892507456534874,
          0.2689391694048233
        ],
        [
          0.6344075809302169,
          1.3831442224133728,
          0.5336519656007038,
          1.8170772525780765,
          1.4789662837595658,
          0.9852232718148586,
          1.0419670056414239,
          1.0054051641756465
        ],
        [
          1.11528760618531,
          1.756134601233936,
          1.1046607040345635,
          1.4789662837595658,
          0.7694533368659431,
          1.3795437819613514,
          0.649453023772383,
          1.1942758737669186
        ],
        [
          0.775679449685048,
          0.9684215568965299,
          1.4159172681779766,
          0.9852232718148586,
          1.3795437819613514,
          0.9657050745837563,
          0.9334095165455896,
          0.9880129881786848
        ],
        [
          0.8452550388809662,
          1.4381623153962155,
          0.7892507456534874,
          1.0419670056414239,
          0.649453023772383,
          0.9334095165455896,
          1.2812601810612099,
          0.7472026003584977
        ],
        [
          0.5333735308183051,
          1.0869610675508343,
          0.2689391694048233,
          1.0054051641756465,
          1.1942758737669186,
          0.9880129881786848,
          0.7472026003584977,
          1.9862229414454504
        ]
      ],
      "b_vector": [
        0.5422609407726618,
        0.2752670177358972,
        0.39068090871485966,
        0.5143712579732931,
        0.022671733454729844,
        0.37801061989099516,
        0.24590110948572205,
        0.09538545854222681
      ]
    }
  ],
  "shots": 3000,
  "backend": "sv1",
  "device_arn": "SV1",
  "aws_region": "eu-west-2",
  "ideal_preprocessing_list": [
    [
      [
        -1.3781436261971634,
        -0.8155308453693811,
        -0.2659064703581098,
        0.3871247298826487,
        0.6049989223673735,
        0.993811329374867,
        2.175391331172672,
        8.578660176318644
      ],
      [
        0.19194905074994845,
        0.08780948611736403,
        0.31971404866964903,
        0.11658041279657103,
        0.04953477903059167,
        0.15692209561020626,
        0.24581914996178986,
        0.8672552666817281
      ]
    ]
  ],
  "probability_threshold": 0,
  "k_qubits": 7,
  "preprocessing_mode": "ideal",
  "projection_mode": "all_components",
  "projection_subset": null,
  "num_solution_qubits": 3,
  "num_projections": 8,
  "projector_basis_states": [
    0,
    1,
    2,
    3,
    4,
    5,
    6,
    7
  ],
  "enhanced_projection_results": [
    {
      "problem_index": 0,
      "projection_tasks": [
        {
          "basis_state": 0,
          "task_id": "arn:aws:braket:eu-west-2:380012739362:quantum-task/83185e62-5487-454e-9957-cffd574cd8bc",
          "shots": 3000,
          "projector_index": 0
        },
        {
          "basis_state": 1,
          "task_id": "arn:aws:braket:eu-west-2:380012739362:quantum-task/34b97a66-714c-42fb-91f8-004168abbfbd",
          "shots": 3000,
          "projector_index": 1
        },
        {
          "basis_state": 2,
          "task_id": "arn:aws:braket:eu-west-2:380012739362:quantum-task/58d40dfb-6f66-4809-a012-9b2c1ab32834",
          "shots": 3000,
          "projector_index": 2
        },
        {
          "basis_state": 3,
          "task_id": "arn:aws:braket:eu-west-2:380012739362:quantum-task/7b136e30-d427-4682-b1a8-11de5a150629",
          "shots": 3000,
          "projector_index": 3
        },
        {
          "basis_state": 4,
          "task_id": "arn:aws:braket:eu-west-2:380012739362:quantum-task/d7bc7340-06e8-47ce-b142-ed649f1962c4",
          "shots": 3000,
          "projector_index": 4
        },
        {
          "basis_state": 5,
          "task_id": "arn:aws:braket:eu-west-2:380012739362:quantum-task/04b19bda-b44c-458c-8270-82305cf8060a",
          "shots": 3000,
          "projector_index": 5
        },
        {
          "basis_state": 6,
          "task_id": "arn:aws:braket:eu-west-2:380012739362:quantum-task/606da2b3-5af0-4cc4-99d9-8066ffefac55",
          "shots": 3000,
          "projector_index": 6
        },
        {
          "basis_state": 7,
          "task_id": "arn:aws:braket:eu-west-2:380012739362:quantum-task/6adddde3-740c-4006-8d80-dd8eeea92869",
          "shots": 3000,
          "projector_index": 7
        }
      ],
      "depth": 4719,
      "num_projections": 8,
      "ideal_solution": [
        {
          "real": 0.025550139958465494,
          "imag": 0.0
        },
        {
          "real": 0.5301171552457842,
          "imag": 0.0
        },
        {
          "real": -0.04297607496606457,
          "imag": 0.0
        },
        {
          "real": -0.22465345220160382,
          "imag": 0.0
        },
        {
          "real": 0.5809188228675,
          "imag": 0.0
        },
        {
          "real": -0.5317360633171692,
          "imag": 0.0
        },
        {
          "real": -0.03609682088301614,
          "imag": 0.0
        },
        {
          "real": -0.2109359504327559,
          "imag": 0.0
        }
      ]
    }
  ]
}