{
  "problem_list": [
    {
      "A_matrix": [
        [
          0.9568124170683159,
          1.0820079483822127,
          1.1261520615774758,
          0.4820064105171208,
          0.9778177808412298,
          0.7255935814018736,
          1.1351291336396363,
          1.353852924304666,
          1.3642726799574785,
          0.9983216197532654,
          1.4177989668231676,
          0.2928526214505415,
          0.8515701975765473,
          0.6026171111192583,
          0.8799739314137341,
          0.165324504582394
        ],
        [
          1.0820079483822127,
          1.8077231437785732,
          1.783966680334506,
          1.0527159240215043,
          0.20284577818294636,
          0.5613760746230908,
          0.6697128961182702,
          1.562732409356001,
          1.4400878347538368,
          0.7249158118191914,
          0.4083607726657874,
          1.3052066135175715,
          1.1088799918389118,
          0.44356998103364753,
          1.889717245459094,
          0.9048294399081684
        ],
        [
          1.1261520615774758,
          1.783966680334506,
          0.20459386534845914,
          1.854916347511913,
          0.48215156562808403,
          1.5380092736299278,
          0.18109809762035955,
          1.6783506908362371,
          0.921253271983618,
          1.1750020687154819,
          1.1510441600844574,
          0.7176684636613716,
          1.5852028917020262,
          1.0447802325482645,
          0.6309018430191623,
          1.015094916984761
        ],
        [
          0.4820064105171208,
          1.0527159240215043,
          1.854916347511913,
          0.26174253627940725,
          0.31503269544232126,
          0.996585971305676,
          0.8596992495873356,
          0.31725755006442335,
          0.8759893132919194,
          1.455024481676284,
          1.7768955757974996,
          1.0841769976996962,
          0.5600295551799178,
          1.346367356499814,
          0.8315144756420213,
          0.766183722648002
        ],
        [
          0.9778177808412298,
          0.20284577818294636,
          0.48215156562808403,
          0.31503269544232126,
          1.305390737822897,
          0.7614061102192847,
          1.7858269491847543,
          1.2531244543385351,
          1.0155571622108104,
          1.7136747480817118,
          1.6310096552949418,
          0.8572869676469145,
          1.2983125003255052,
          1.0852305262431317,
          0.6813836188644656,
          1.2953535892578811
        ],
        [
          0.7255935814018736,
          0.5613760746230908,
          1.5380092736299278,
          0.996585971305676,
          0.7614061102192847,
          1.177592596263295,
          1.2860680517599534,
          0.9725419366851228,
          1.0359046232984699,
          0.8840360539240191,
          0.9850636928454415,
          0.4069626259590452,
          0.9548927086837781,
          1.0271074798438584,
          0.5037611074508775,
          0.7220574911824224
        ],
        [
          1.1351291336396363,
          0.6697128961182702,
          0.18109809762035955,
          0.8596992495873356,
          1.7858269491847543,
          1.2860680517599534,
          0.33779860887448043,
          1.1284158512289388,
          1.4304390508185236,
          1.5053159071083713,
          0.6407870163659078,
          1.389689154126959,
          1.8128322631468556,
          1.1109915454339423,
          0.7386396779961446,
          0.9626796054783388
        ],
        [
          1.353852924304666,
          1.562732409356001,
          1.6783506908362371,
          0.31725755006442335,
          1.2531244543385351,
          0.9725419366851228,
          1.1284158512289388,
          1.5356623560722615,
          0.45112235389177224,
          1.4888428842827304,
          1.8915180324672112,
          1.6103282832621844,
          0.9228021512259362,
          0.7088260822020646,
          1.8822694560260291,
          0.16671570046162243
        ],
        [
          1.3642726799574785,
          1.4400878347538368,
          0.921253271983618,
          0.8759893132919194,
          1.0155571622108104,
          1.0359046232984699,
          1.4304390508185236,
          0.45112235389177224,
          0.8512669203107317,
          0.8530341543261057,
          1.274028762793993,
          0.1976420606393945,
          0.840055844476449,
          1.1964817408867323,
          0.8029170724815575,
          0.4575437240174042
        ],
        [
          0.9983216197532654,
          0.7249158118191914,
          1.1750020687154819,
          1.455024481676284,
          1.7136747480817118,
          0.8840360539240191,
          1.5053159071083713,
          1.4888428842827304,
          0.8530341543261057,
          1.224030605861141,
          1.015234077051172,
          1.6246404813924684,
          1.8187759979928302,
          1.1415049364839946,
          1.2550715532019243,
          1.1069718157667623
        ],
        [
          1.4177989668231676,
          0.4083607726657874,
          1.1510441600844574,
          1.7768955757974996,
          1.6310096552949418,
          0.9850636928454415,
          0.6407870163659078,
          1.8915180324672112,
          1.274028762793993,
          1.015234077051172,
          1.0909480837126169,
          1.1186866890266378,
          0.9574851250208329,
          1.2085308773979937,
          1.3249747542584294,
          0.8346223697607902
        ],
        [
          0.2928526214505415,
          1.3052066135175715,
          0.7176684636613716,
          1.0841769976996962,
          0.8572869676469145,
          0.4069626259590452,
          1.389689154126959,
          1.6103282832621844,
          0.1976420606393945,
          1.6246404813924684,
          1.1186866890266378,
          1.2241009476736986,
          0.43222454506967223,
          0.9428228123983393,
          1.483408271105065,
          1.137524485566702
        ],
        [
          0.8515701975765473,
          1.1088799918389118,
          1.5852028917020262,
          0.5600295551799178,
          1.2983125003255052,
          0.9548927086837781,
          1.8128322631468556,
          0.9228021512259362,
          0.840055844476449,
          1.8187759979928302,
          0.9574851250208329,
          0.43222454506967223,
          0.41872544747590723,
          1.249548193755679,
          0.7281037564993099,
          0.1487417583449313
        ],
        [
          0.6026171111192583,
          0.44356998103364753,
          1.0447802325482645,
          1.346367356499814,
          1.0852305262431317,
          1.0271074798438584,
          1.1109915454339423,
          0.7088260822020646,
          1.1964817408867323,
          1.1415049364839946,
          1.2085308773979937,
          0.9428228123983393,
          1.249548193755679,
          0.5519385105321704,
          0.8875558962641611,
          1.4396673083305163
        ],
        [
          0.8799739314137341,
          1.889717245459094,
          0.6309018430191623,
          0.8315144756420213,
          0.6813836188644656,
          0.5037611074508775,
          0.7386396779961446,
          1.8822694560260291,
          0.8029170724815575,
          1.2550715532019243,
          1.3249747542584294,
          1.483408271105065,
          0.7281037564993099,
          0.8875558962641611,
          1.411137143074404,
          1.5842764974704817
        ],
        [
          0.165324504582394,
          0.9048294399081684,
          1.015094916984761,
          0.766183722648002,
          1.2953535892578811,
          0.7220574911824224,
          0.9626796054783388,
          0.16671570046162243,
          0.4575437240174042,
          1.1069718157667623,
          0.8346223697607902,
          1.137524485566702,
          0.1487417583449313,
          1.4396673083305163,
          1.5842764974704817,
          0.1104041751722149
        ]
      ],
      "b_vector": [
        0.46190864264910314,
        0.1511323785512621,
        0.2915639414652811,
        0.2548315463368289,
        0.4597061103791281,
        0.13498102153243619,
        0.1055546777052079,
        0.21881186999342064,
        0.14100115437101401,
        0.1542904600165972,
        0.0820985982919366,
        0.032780765279369836,
        0.3773975919716335,
        0.07994168665751598,
        0.3104207503220944,
        0.16911080561849168
      ]
    }
  ],
  "shots": 3000,
  "backend": "sv1",
  "device_arn": "SV1",
  "aws_region": "eu-west-2",
  "ideal_preprocessing_list": [
    [
      [
        -3.333624851399212,
        -2.0541131509159185,
        -1.8204080128990199,
        -1.6590979647069635,
        -1.096571701887122,
        -0.7309784332287025,
        -0.5412003525412115,
        -0.42996001954455315,
        -0.047529251026668086,
        0.2833804275425107,
        0.9738199438617798,
        1.2367430481291768,
        1.7914993551966432,
        2.3258823071806245,
        3.001834459733729,
        16.570192291825485
      ],
      [
        0.16376101648651686,
        0.2647769457759037,
        0.028865248046386505,
        0.04075949628616789,
        0.1505223171038428,
        0.05407498986661955,
        0.18233339680664573,
        0.0073486670574615075,
        0.2527694863621808,
        0.04595418861631139,
        0.04218031612856929,
        0.05238932685535789,
        0.18821433418485617,
        0.11341487294316216,
        0.08090593248827412,
        0.8463681564043171
      ]
    ]
  ],
  "probability_threshold": 0,
  "k_qubits": 7,
  "preprocessing_mode": "ideal",
  "projection_mode": "all_components",
  "projection_subset": null,
  "num_solution_qubits": 4,
  "num_projections": 16,
  "projector_basis_states": [
    0,
    1,
    2,
    3,
    4,
    5,
    6,
    7,
    8,
    9,
    10,
    11,
    12,
    13,
    14,
    15
  ],
  "enhanced_projection_results": [
    {
      "problem_index": 0,
      "projection_tasks": [
        {
          "basis_state": 0,
          "task_id": "arn:aws:braket:eu-west-2:380012739362:quantum-task/2432cec0-a59d-4acf-aaf7-7f84a390c021",
          "status": "DONE",
          "shots": 3000,
          "created_at": "2025-12-21 13:00:49.731000+00:00",
          "ended_at": "2025-12-21 13:00:59.333000+00:00",
          "execution_time_seconds": 9.602,
          "counts": {
            "001000000000": 183,
            "000000000000": 742,
            "101100000001": 47,
            "010000000000": 510,
            "011000000001": 23,
            "100000000000": 127,
            "001100000000": 253,
            "111000000000": 183,
            "101100000000": 66,
            "011100000000": 136,
            "100100000000": 44,
            "011000000000": 105,
            "111100000000": 26,
            "010100000000": 82,
            "110000000000": 276,
            "111100000001": 10,
            "001000000001": 6,
            "000100000000": 55,
            "111000000001": 11,
            "111011000000": 2,
            "110000000001": 11,
            "101110000001": 5,
            "110100000000": 11,
            "001100000001": 3,
            "101000000000": 20,
            "100000000001": 13,
            "111111000001": 1,
            "110010100000": 2,
            "101110000000": 2,
            "101111000000": 5,
            "001111000000": 1,
            "010011000000": 1,
            "110010000000": 3,
            "010000000001": 6,
            "111110000001": 1,
            "011011000000": 1,
            "101111000001": 4,
            "011000010101": 1,
            "010011000001": 1,
            "010010100000": 1,
            "000001000001": 1,
            "010100000001": 2,
            "111010000000": 1,
            "101011111101": 1,
            "000011000000": 1,
            "100100000001": 1,
            "011011000001": 1,
            "110011000001": 2,
            "101101000000": 1,
            "011001000000": 1,
            "101101000001": 1,
            "111010100000": 1,
            "011010000001": 1,
            "101110100001": 1,
            "010110000000": 1,
            "000000000001": 1,
            "101100100000": 1,
            "001010100000": 1
          },
          "component_probability": 0.012903225806451613,
          "success_rate": 0.051666666666666666
        },
        {
          "basis_state": 1,
          "task_id": "arn:aws:braket:eu-west-2:380012739362:quantum-task/b292a337-4ffc-47c0-ab2d-6d02543c592b",
          "status": "DONE",
          "shots": 3000,
          "created_at": "2025-12-21 13:00:54.472000+00:00",
          "ended_at": "2025-12-21 13:01:04.818000+00:00",
          "execution_time_seconds": 10.346,
          "counts": {
            "010000000000": 523,
            "000100000000": 57,
            "101000000000": 25,
            "111000000000": 194,
            "001111000001": 1,
            "101100000000": 60,
            "011000000000": 91,
            "110000000000": 271,
            "000000000000": 700,
            "011100000000": 149,
            "001000000000": 177,
            "001100000000": 257,
            "011011000001": 1,
            "101100000001": 52,
            "111100000000": 39,
            "111000000001": 14,
            "010100000000": 101,
            "110100000000": 10,
            "100100000000": 41,
            "001000000001": 11,
            "110000000001": 10,
            "100000000000": 112,
            "000001100001": 1,
            "111000100001": 1,
            "111100000001": 16,
            "010000000001": 6,
            "110110100000": 1,
            "100000000001": 9,
            "111011000000": 3,
            "101101000000": 2,
            "011000000001": 18,
            "100100000001": 3,
            "001000000101": 1,
            "101111000001": 4,
            "110011000001": 1,
            "101111000000": 2,
            "000000000001": 2,
            "101110000000": 3,
            "101101100001": 1,
            "000001000101": 1,
            "010111100001": 1,
            "010111000001": 1,
            "010100001000": 1,
            "001011000001": 1,
            "111010000000": 2,
            "100011000000": 1,
            "110010000000": 2,
            "101100100001": 1,
            "000001000001": 1,
            "000011000000": 1,
            "111100100000": 1,
            "110110000001": 1,
            "011010000001": 1,
            "010100000001": 1,
            "010011000001": 1,
            "111011000001": 1,
            "101110000101": 1,
            "000010100001": 1,
            "111010100000": 1,
            "110111011101": 1,
            "101101000001": 1,
            "110101011001": 1,
            "010110100001": 1,
            "111100100001": 1,
            "011111000001": 1,
            "100010000001": 1,
            "101110000001": 1
          },
          "component_probability": 0.0,
          "success_rate": 0.057666666666666665
        },
        {
          "basis_state": 2,
          "task_id": "arn:aws:braket:eu-west-2:380012739362:quantum-task/8a403d20-d29d-454e-93d8-5fb7a9266e4a",
          "status": "DONE",
          "shots": 3000,
          "created_at": "2025-12-21 13:00:59.149000+00:00",
          "ended_at": "2025-12-21 13:01:08.215000+00:00",
          "execution_time_seconds": 9.066,
          "counts": {
            "001100000000": 217,
            "110000000000": 315,
            "010000000000": 524,
            "001000000000": 149,
            "011011000000": 3,
            "100000000000": 125,
            "101100000000": 79,
            "001000000001": 9,
            "000000000000": 706,
            "011100000000": 161,
            "101100000001": 46,
            "111100000000": 33,
            "000011000001": 1,
            "101101100000": 1,
            "100100000000": 57,
            "010100000001": 4,
            "101111000001": 6,
            "111000000000": 193,
            "011000000000": 79,
            "011000000001": 12,
            "110100000000": 10,
            "010100000000": 80,
            "111000000001": 13,
            "000100000000": 72,
            "011001000000": 1,
            "110100000001": 1,
            "101110100001": 1,
            "101110000000": 2,
            "110000000001": 7,
            "101101000000": 3,
            "101000000000": 24,
            "100000000001": 16,
            "111100000001": 12,
            "010000000001": 8,
            "001001000000": 1,
            "111011000001": 2,
            "010011000001": 2,
            "001111000000": 1,
            "010001011100": 1,
            "101110100000": 1,
            "011010000001": 2,
            "100010000000": 1,
            "110010000001": 1,
            "010011000000": 1,
            "001110000001": 1,
            "111010100000": 1,
            "110011000001": 1,
            "111111010000": 1,
            "100100000001": 2,
            "011011000001": 1,
            "110010110001": 1,
            "110010100001": 1,
            "111010100001": 2,
            "110010100000": 1,
            "100011000000": 1,
            "011010000000": 1,
            "111010000000": 1,
            "001010000000": 1,
            "111111000001": 1
          },
          "component_probability": 0.058823529411764705,
          "success_rate": 0.051
        },
        {
          "basis_state": 3,
          "task_id": "arn:aws:braket:eu-west-2:380012739362:quantum-task/c3a8b54b-06cb-4164-8c71-01cb01165554",
          "status": "DONE",
          "shots": 3000,
          "created_at": "2025-12-21 13:01:04.235000+00:00",
          "ended_at": "2025-12-21 13:01:14.079000+00:00",
          "execution_time_seconds": 9.844,
          "counts": {
            "100000000000": 128,
            "101100000000": 80,
            "111000000000": 200,
            "000000000000": 706,
            "110000000000": 312,
            "010000000000": 492,
            "001000000000": 163,
            "011100000000": 136,
            "000100000000": 71,
            "101100000001": 49,
            "011000000001": 16,
            "011000000000": 90,
            "001100000001": 7,
            "001100000000": 229,
            "101000000000": 20,
            "010100000000": 85,
            "100010000000": 1,
            "101110100001": 1,
            "111000000001": 11,
            "001011000001": 2,
            "001000000001": 4,
            "111100000000": 31,
            "101111000000": 4,
            "010000000001": 12,
            "010100000001": 1,
            "100100000000": 57,
            "110000000001": 9,
            "110100000000": 4,
            "101101100001": 2,
            "111001000001": 2,
            "110111111111": 1,
            "101111000001": 7,
            "100000000001": 18,
            "100100111000": 1,
            "110011000001": 2,
            "101101000001": 3,
            "010010000001": 2,
            "111001100001": 1,
            "010011000001": 1,
            "111100100001": 1,
            "111100000001": 9,
            "100100000001": 2,
            "101110000000": 1,
            "101111101001": 1,
            "010111000000": 1,
            "000000100001": 1,
            "011011000001": 1,
            "111011000001": 1,
            "100010010001": 1,
            "010011000000": 1,
            "110100000001": 2,
            "111010000001": 1,
            "011000011111": 1,
            "111111000000": 2,
            "111111000001": 2,
            "100011000001": 2,
            "001010000000": 1,
            "110110000000": 1,
            "101110000001": 1,
            "101110010001": 1,
            "111010000000": 1,
            "111110000001": 1,
            "100100110001": 1,
            "010101000000": 1,
            "000001100001": 1
          },
          "component_probability": 0.03867403314917127,
          "success_rate": 0.060333333333333336
        },
        {
          "basis_state": 4,
          "task_id": "arn:aws:braket:eu-west-2:380012739362:quantum-task/cb1a5fb3-331d-4606-b871-15c5cb5c73ee",
          "status": "DONE",
          "shots": 3000,
          "created_at": "2025-12-21 13:01:09.646000+00:00",
          "ended_at": "2025-12-21 13:01:18.896000+00:00",
          "execution_time_seconds": 9.25,
          "counts": {
            "100100000000": 51,
            "001100000000": 232,
            "110000000000": 299,
            "011000000000": 101,
            "010100000000": 79,
            "010000000000": 525,
            "111000000000": 197,
            "000000000000": 693,
            "110000000001": 9,
            "101000000000": 22,
            "011100000000": 144,
            "111001000001": 1,
            "100000000000": 120,
            "001000000000": 164,
            "101100000000": 77,
            "000100000000": 61,
            "111100000000": 37,
            "010000000001": 13,
            "010010100001": 1,
            "101100000001": 47,
            "011000000001": 20,
            "010001001001": 1,
            "001000000001": 16,
            "110100000000": 13,
            "000011000001": 2,
            "111000000001": 8,
            "100000000001": 14,
            "101110000001": 1,
            "101111000001": 7,
            "000001000001": 1,
            "010100000001": 1,
            "111100000001": 8,
            "101111000000": 1,
            "001100000001": 5,
            "110001000000": 2,
            "111110110101": 1,
            "000000000001": 2,
            "101110010000": 1,
            "110100000001": 2,
            "111010100001": 1,
            "001010000000": 1,
            "111011000000": 1,
            "110011000001": 1,
            "100010000000": 1,
            "110001100001": 1,
            "010011000001": 1,
            "110010000001": 1,
            "101110000000": 2,
            "111110000001": 1,
            "101100100000": 1,
            "111111000001": 1,
            "011011000000": 1,
            "111111000000": 1,
            "101110100000": 1,
            "110011000000": 1,
            "010010000001": 1,
            "001011000001": 1,
            "100100011111": 1,
            "111110000000": 1
          },
          "component_probability": 0.1,
          "success_rate": 0.056666666666666664
        },
        {
          "basis_state": 5,
          "task_id": "arn:aws:braket:eu-west-2:380012739362:quantum-task/c13ec3b4-c04c-4f1e-98db-964d695d8980",
          "status": "DONE",
          "shots": 3000,
          "created_at": "2025-12-21 13:01:14.739000+00:00",
          "ended_at": "2025-12-21 13:01:21.423000+00:00",
          "execution_time_seconds": 6.684,
          "counts": {
            "000000000000": 708,
            "010000000000": 522,
            "011100000000": 139,
            "011000000001": 32,
            "100000000000": 121,
            "001000000000": 183,
            "011000000000": 105,
            "111111000001": 1,
            "111000000000": 193,
            "110000000000": 263,
            "110000000001": 7,
            "001100000000": 272,
            "000100000000": 60,
            "101100000000": 67,
            "010100000000": 66,
            "101111000000": 1,
            "001100000001": 7,
            "101000000000": 23,
            "111100000000": 37,
            "111100000001": 17,
            "100100000000": 44,
            "010000000001": 10,
            "010000011100": 1,
            "100000000001": 10,
            "101100000001": 41,
            "001011000000": 1,
            "110001010001": 1,
            "101110100000": 3,
            "001000000001": 9,
            "011010000001": 1,
            "110001100001": 1,
            "011011000000": 4,
            "100001000000": 1,
            "101111000001": 2,
            "010011000001": 1,
            "101101000001": 1,
            "101110000000": 4,
            "100010000101": 1,
            "101010000001": 1,
            "111110000101": 1,
            "111000000001": 6,
            "111011000001": 1,
            "110110000000": 1,
            "001101101001": 1,
            "111101100001": 1,
            "110100000000": 9,
            "001001110001": 1,
            "100010000001": 1,
            "010010000000": 1,
            "000001000000": 1,
            "100100000001": 1,
            "011010000000": 2,
            "010100000001": 1,
            "011110101000": 1,
            "111000010000": 1,
            "111011000000": 1,
            "001011000001": 1,
            "111010000001": 1,
            "111110000001": 1,
            "111100010001": 1,
            "100110000001": 1,
            "001010000000": 1,
            "110110100001": 1,
            "110101100001": 1
          },
          "component_probability": 0.006097560975609756,
          "success_rate": 0.05466666666666667
        },
        {
          "basis_state": 6,
          "task_id": "arn:aws:braket:eu-west-2:380012739362:quantum-task/c2ba6e28-c974-4ac6-b151-3f129a2e3dd0",
          "status": "DONE",
          "shots": 3000,
          "created_at": "2025-12-21 13:01:19.910000+00:00",
          "ended_at": "2025-12-21 13:01:28.188000+00:00",
          "execution_time_seconds": 8.278,
          "counts": {
            "000000000000": 670,
            "010000000000": 454,
            "001100000000": 245,
            "011100000000": 153,
            "111100000000": 37,
            "101000000000": 23,
            "111000000000": 208,
            "110000000000": 297,
            "010100000000": 92,
            "100000000001": 12,
            "001000000000": 188,
            "100000000000": 106,
            "011000000000": 115,
            "100100000000": 54,
            "110000000001": 14,
            "101100000001": 55,
            "111000000001": 15,
            "011000000001": 20,
            "111100000001": 10,
            "000100000000": 73,
            "101110000001": 2,
            "111010000001": 1,
            "101111000001": 7,
            "010000000001": 8,
            "011001000001": 1,
            "101100000000": 71,
            "101101000000": 1,
            "010100000001": 6,
            "110100000000": 12,
            "001000000001": 8,
            "110100000001": 3,
            "101111000000": 4,
            "010010100001": 1,
            "010011000000": 2,
            "011010001001": 1,
            "011010100000": 1,
            "100100000001": 3,
            "110010100001": 1,
            "101110100001": 2,
            "000011000001": 1,
            "011010000001": 1,
            "110011000000": 1,
            "101110000000": 2,
            "001001000000": 1,
            "011011000001": 2,
            "001100000001": 2,
            "111111000000": 1,
            "000000000001": 2,
            "010011000001": 1,
            "110010000001": 1,
            "100011000001": 1,
            "001010000000": 1,
            "001011000001": 1,
            "111010100001": 1,
            "100011000000": 1,
            "011011000000": 1,
            "100010010000": 1,
            "000010100001": 1,
            "111001000001": 1
          },
          "component_probability": 0.13513513513513514,
          "success_rate": 0.06166666666666667
        },
        {
          "basis_state": 7,
          "task_id": "arn:aws:braket:eu-west-2:380012739362:quantum-task/f9fdcf3c-2d60-48af-a194-7a020afce33c",
          "status": "DONE",
          "shots": 3000,
          "created_at": "2025-12-21 13:01:25.248000+00:00",
          "ended_at": "2025-12-21 13:01:34.345000+00:00",
          "execution_time_seconds": 9.097,
          "counts": {
            "101100000001": 44,
            "110000000000": 319,
            "011100000000": 144,
            "001100000000": 259,
            "010100000000": 86,
            "000000000000": 688,
            "001000000000": 169,
            "100100000000": 44,
            "010000000000": 474,
            "011000000000": 104,
            "100000000000": 121,
            "111000000000": 197,
            "011000000001": 17,
            "101100000000": 72,
            "100000000001": 16,
            "110000000001": 14,
            "111100000000": 32,
            "101111000001": 9,
            "000100000000": 56,
            "101000000001": 1,
            "111000000001": 15,
            "010100000001": 5,
            "101000000000": 25,
            "000111000000": 1,
            "110100000000": 9,
            "110011000001": 2,
            "010000000001": 12,
            "111010001001": 1,
            "010011000000": 1,
            "111010000001": 1,
            "001100000001": 5,
            "001000000001": 11,
            "111100000001": 10,
            "101111000000": 2,
            "110100000001": 2,
            "110001100000": 1,
            "110010000001": 1,
            "000001000000": 1,
            "101110100001": 1,
            "011100110001": 1,
            "011011000000": 1,
            "111001000000": 1,
            "000011000001": 1,
            "111010000000": 1,
            "001110000000": 1,
            "111010100001": 1,
            "101110010001": 1,
            "111110000001": 1,
            "111111000001": 1,
            "000000100001": 1,
            "001111000001": 1,
            "110010100000": 1,
            "001001001100": 1,
            "000010110000": 1,
            "101110000000": 2,
            "011011000001": 1,
            "101101100001": 1,
            "101110000001": 2,
            "111011000000": 1,
            "100111000001": 1,
            "000001100001": 1,
            "111011000001": 2,
            "100010100001": 1,
            "010010000001": 1
          },
          "component_probability": 0.005405405405405406,
          "success_rate": 0.06166666666666667
        },
        {
          "basis_state": 8,
          "task_id": "arn:aws:braket:eu-west-2:380012739362:quantum-task/ecf4017f-d6de-4cd5-b7d3-111acd039fe3",
          "status": "DONE",
          "shots": 3000,
          "created_at": "2025-12-21 13:01:30.319000+00:00",
          "ended_at": "2025-12-21 13:01:40.563000+00:00",
          "execution_time_seconds": 10.244,
          "counts": {
            "000000000000": 682,
            "010000000000": 504,
            "110000000000": 300,
            "011011000001": 3,
            "100000000000": 120,
            "101100000000": 69,
            "111000000000": 193,
            "011000000000": 87,
            "001100000000": 246,
            "100100000000": 62,
            "011100000000": 150,
            "000100000000": 57,
            "111100000000": 36,
            "001000000000": 165,
            "010100000000": 92,
            "011000000001": 22,
            "101110000000": 3,
            "101000000000": 24,
            "001000000001": 9,
            "110000000001": 17,
            "110100000001": 4,
            "101100000001": 48,
            "110010100000": 2,
            "101111000000": 2,
            "010011000001": 2,
            "101111000001": 6,
            "111000000001": 10,
            "010000000001": 10,
            "101101000001": 1,
            "000000000001": 2,
            "011001000000": 1,
            "100000000001": 12,
            "111100000001": 11,
            "110100000000": 10,
            "010111000001": 1,
            "010100000001": 1,
            "100100000001": 2,
            "011010000001": 2,
            "101110000001": 1,
            "111010000000": 1,
            "001100000001": 4,
            "110011000001": 3,
            "111111000001": 1,
            "011011000000": 2,
            "010010000000": 1,
            "111010100000": 1,
            "110010100001": 1,
            "100101111101": 1,
            "110111000000": 1,
            "001010000001": 1,
            "000000100001": 1,
            "101100010001": 1,
            "110101010001": 1,
            "011010000000": 1,
            "111111000000": 1,
            "110001100001": 1,
            "010000010111": 1,
            "000001101000": 1,
            "100100100001": 1,
            "010011000000": 1,
            "111100010110": 1,
            "100100100000": 1,
            "111110000001": 1,
            "111011000001": 1
          },
          "component_probability": 0.06557377049180328,
          "success_rate": 0.061
        },
        {
          "basis_state": 9,
          "task_id": "arn:aws:braket:eu-west-2:380012739362:quantum-task/7319b324-d6c9-4950-b6a7-52f2bcf2e3d1",
          "status": "DONE",
          "shots": 3000,
          "created_at": "2025-12-21 13:01:35.368000+00:00",
          "ended_at": "2025-12-21 13:01:43.002000+00:00",
          "execution_time_seconds": 7.634,
          "counts": {
            "010000000000": 522,
            "000000000000": 683,
            "001000000000": 165,
            "101111000000": 5,
            "100100000000": 47,
            "011100000000": 148,
            "110000000000": 294,
            "001100000000": 258,
            "011000000000": 96,
            "111000000000": 190,
            "000100000000": 62,
            "101100000001": 68,
            "010000000001": 12,
            "101100000000": 66,
            "011000000001": 15,
            "111100000001": 12,
            "010100000000": 74,
            "100000000000": 124,
            "101110100001": 1,
            "111100000000": 37,
            "111000000001": 10,
            "001110000000": 1,
            "100000000001": 10,
            "001000000001": 9,
            "111011000000": 1,
            "110000000001": 10,
            "101000100001": 1,
            "100100000001": 4,
            "101111000001": 6,
            "101000000000": 24,
            "000001010101": 1,
            "110100000000": 4,
            "110100000001": 1,
            "101101100001": 1,
            "100010000001": 2,
            "001100011101": 1,
            "010011000000": 1,
            "010101111001": 1,
            "001100100001": 1,
            "001100000001": 5,
            "010100000001": 2,
            "111110000000": 1,
            "101101000000": 1,
            "111011000001": 2,
            "010010000001": 1,
            "101110000000": 2,
            "010010000000": 1,
            "001111000001": 1,
            "010000100001": 1,
            "000011011000": 1,
            "110010100000": 2,
            "010111000001": 1,
            "110010000000": 1,
            "110011000000": 1,
            "101110100000": 1,
            "011011000000": 1,
            "011010000001": 1,
            "010001000000": 1,
            "011110101001": 1,
            "011011000001": 1,
            "101110000001": 1,
            "011001000000": 1,
            "110011000001": 1
          },
          "component_probability": 0.021739130434782608,
          "success_rate": 0.06133333333333333
        },
        {
          "basis_state": 10,
          "task_id": "arn:aws:braket:eu-west-2:380012739362:quantum-task/6255d66a-7ecd-4523-981c-a4bd86b15560",
          "status": "DONE",
          "shots": 3000,
          "created_at": "2025-12-21 13:01:40.077000+00:00",
          "ended_at": "2025-12-21 13:01:46.468000+00:00",
          "execution_time_seconds": 6.391,
          "counts": {
            "011000000001": 18,
            "101100000000": 70,
            "101100000001": 51,
            "111000000000": 205,
            "011100000000": 148,
            "000000000000": 696,
            "001100000000": 239,
            "010100000000": 101,
            "010000000000": 497,
            "110000000000": 292,
            "011000000000": 96,
            "001000000000": 178,
            "111100000001": 14,
            "100000000000": 122,
            "000100000000": 65,
            "111000000001": 10,
            "100100000000": 41,
            "111100000000": 32,
            "101000000000": 19,
            "001111000001": 4,
            "010011000001": 2,
            "111100100001": 3,
            "011011000001": 2,
            "001000000001": 4,
            "010000000001": 11,
            "011010100000": 1,
            "100000000001": 11,
            "101110000000": 2,
            "110111000001": 1,
            "101111000000": 4,
            "111011000001": 3,
            "101111000001": 6,
            "101110000001": 2,
            "001100000001": 3,
            "111111000000": 1,
            "110000000001": 7,
            "110100000001": 5,
            "111111000001": 1,
            "111000010000": 1,
            "001010000001": 1,
            "001101011100": 1,
            "000001110000": 1,
            "110100000000": 8,
            "011010000000": 2,
            "110010010001": 1,
            "110010000000": 2,
            "010110100000": 1,
            "000001000000": 1,
            "101000000001": 1,
            "001011000000": 1,
            "101110001000": 1,
            "110011000000": 1,
            "000010110000": 1,
            "100001101100": 1,
            "011011000000": 3,
            "111010000001": 1,
            "100010010001": 1,
            "100011000001": 1,
            "010110000000": 1,
            "101110100001": 1
          },
          "component_probability": 0.006060606060606061,
          "success_rate": 0.055
        },
        {
          "basis_state": 11,
          "task_id": "arn:aws:braket:eu-west-2:380012739362:quantum-task/c273c653-1f00-49f6-a469-3ce46c3e9e29",
          "status": "DONE",
          "shots": 3000,
          "created_at": "2025-12-21 13:01:45.260000+00:00",
          "ended_at": "2025-12-21 13:01:52.471000+00:00",
          "execution_time_seconds": 7.211,
          "counts": {
            "001000000000": 206,
            "100100000000": 52,
            "010000000000": 501,
            "000000000000": 680,
            "100000000000": 127,
            "000100000000": 65,
            "100000000001": 14,
            "011000000001": 19,
            "011100000000": 150,
            "001100000000": 235,
            "110000000000": 266,
            "111100000000": 42,
            "101100000001": 47,
            "010100000000": 74,
            "111000000000": 204,
            "101000000000": 29,
            "111111000001": 2,
            "011000000000": 102,
            "101101000000": 1,
            "111000000001": 9,
            "010011000001": 2,
            "110111000001": 1,
            "001011000000": 3,
            "110000000001": 10,
            "101100000000": 63,
            "001100000001": 5,
            "001010100000": 1,
            "011001011000": 1,
            "010000000001": 9,
            "101111000000": 4,
            "101110010001": 1,
            "100010000000": 2,
            "111011000000": 2,
            "100100111001": 1,
            "001000000001": 7,
            "011001000000": 2,
            "110100000000": 12,
            "101111000001": 3,
            "011010100001": 1,
            "011010000000": 1,
            "110100000001": 1,
            "101110000000": 2,
            "111100000001": 9,
            "110001100000": 1,
            "111010100000": 1,
            "100100000001": 3,
            "111010000000": 3,
            "110001000000": 1,
            "001111000001": 1,
            "011011000000": 1,
            "000001100000": 1,
            "101110100001": 3,
            "110110000000": 2,
            "001011000001": 1,
            "010110000000": 1,
            "110010100000": 1,
            "010100000001": 1,
            "110011000001": 1,
            "101110100000": 1,
            "111100010000": 1,
            "111101000000": 1,
            "110010010001": 1,
            "011011000001": 1,
            "110011000000": 2,
            "111110000001": 1,
            "100011000001": 1,
            "000000000001": 1
          },
          "component_probability": 0.34615384615384615,
          "success_rate": 0.052
        },
        {
          "basis_state": 12,
          "task_id": "arn:aws:braket:eu-west-2:380012739362:quantum-task/96fe4202-495f-4a12-9dc2-9a9e9f2b4caf",
          "status": "DONE",
          "shots": 3000,
          "created_at": "2025-12-21 13:01:50.381000+00:00",
