{
  "problem_list": [
    {
      "A_matrix": [
        [
          0.44509922517362077,
          0.5303140104231452,
          0.5506062911248765,
          1.0279856446876492,
          1.768131568195572,
          1.0814980840447173,
          1.1430495690606168,
          1.492569226228615,
          0.9413349340745847,
          1.0430029247766692,
          0.6112455654282833,
          1.531387244048433,
          0.9327508922168632,
          0.5864979119326168,
          1.860510587236372,
          1.0705754003217063
        ],
        [
          0.5303140104231452,
          0.633697817689729,
          0.7303879491611436,
          0.8534624089217369,
          0.6084190643456437,
          1.0069678964978608,
          0.8352986092613464,
          1.278477990811469,
          1.4183826159643529,
          1.2162991563539287,
          1.8084550200486655,
          1.3888870944883052,
          0.918665239656083,
          0.5920364024936697,
          1.2417794383713963,
          1.0922320427501986
        ],
        [
          0.5506062911248765,
          0.7303879491611436,
          0.6050663625820798,
          0.8367050782457804,
          0.312083301973897,
          0.746863089478061,
          1.5467604295935784,
          0.3932972466891431,
          1.2317667717801446,
          0.5620017232587884,
          1.0787094370560015,
          1.1949286133865678,
          1.0050839321241702,
          1.6214440234546994,
          1.1699970686408463,
          1.1974532622632883
        ],
        [
          1.0279856446876492,
          0.8534624089217369,
          0.8367050782457804,
          1.8626695607579118,
          1.1381079968373276,
          0.4524739377284436,
          0.7602639336894188,
          0.2374647846909098,
          1.1454662629538257,
          0.9967518409271652,
          0.2889693292550999,
          1.4105714469766313,
          0.8821120549763051,
          1.3517387744853449,
          1.1052515510645944,
          1.1914715214824003
        ],
        [
          1.768131568195572,
          0.6084190643456437,
          0.312083301973897,
          1.1381079968373276,
          1.6953976796558992,
          0.651769103097762,
          0.7276830928061533,
          0.35241327500127795,
          0.2977104483356311,
          1.2286865966044123,
          0.5601375869143527,
          0.6097271298996593,
          1.2041171919460296,
          1.198173353271641,
          1.1532615909357706,
          0.7797090151743796
        ],
        [
          1.0814980840447173,
          1.0069678964978608,
          0.746863089478061,
          0.4524739377284436,
          0.651769103097762,
          1.3330018557933403,
          0.6326985317813382,
          1.755877956812488,
          1.1990532546832193,
          1.1010065514822642,
          0.9786426504732527,
          1.6297344396683289,
          0.5923732194693683,
          1.9105916899609983,
          1.0947959209887346,
          0.9746628583504063
        ],
        [
          1.1430495690606168,
          0.8352986092613464,
          1.5467604295935784,
          0.7602639336894188,
          0.7276830928061533,
          0.6326985317813382,
          0.9864959295296398,
          1.0060158279751286,
          1.5440377103562155,
          0.7716787205814225,
          1.18224797662585,
          1.0772730225903029,
          1.83328094485074,
          1.1235309658378947,
          0.7598020210956866,
          1.5125231561261843
        ],
        [
          1.492569226228615,
          1.278477990811469,
          0.3932972466891431,
          0.2374647846909098,
          0.35241327500127795,
          1.755877956812488,
          1.0060158279751286,
          0.1187530212036092,
          1.1852740022311505,
          0.15293673612642145,
          1.0585555432949922,
          1.8329580059377089,
          1.4336538704044401,
          0.19989209308715816,
          1.5417021523809464,
          1.54772194111567
        ],
        [
          0.9413349340745847,
          1.4183826159643529,
          1.2317667717801446,
          1.1454662629538257,
          0.2977104483356311,
          1.1990532546832193,
          1.5440377103562155,
          1.1852740022311505,
          0.005267876896538404,
          1.1852914939663297,
          0.9680948339634624,
          0.40010853139543756,
          0.1335443212913744,
          1.23820986013679,
          0.934857181282583,
          0.20396212897404808
        ],
        [
          1.0430029247766692,
          1.2162991563539287,
          0.5620017232587884,
          0.9967518409271652,
          1.2286865966044123,
          1.1010065514822642,
          0.7716787205814225,
          0.15293673612642145,
          1.1852914939663297,
          0.3240361926408104,
          1.013987433334501,
          0.5900460739745187,
          1.1181788536351898,
          1.3046138450397513,
          0.5436874763230665,
          1.502697424992157
        ],
        [
          0.6112455654282833,
          1.8084550200486655,
          1.0787094370560015,
          0.2889693292550999,
          0.5601375869143527,
          0.9786426504732527,
          1.18224797662585,
          1.0585555432949922,
          0.9680948339634624,
          1.013987433334501,
          1.0646482970522144,
          0.30420721756786395,
          0.17666036428594578,
          1.5317898741424796,
          1.1261225273869073,
          0.5120119205741069
        ],
        [
          1.531387244048433,
          1.3888870944883052,
          1.1949286133865678,
          1.4105714469766313,
          0.6097271298996593,
          1.6297344396683289,
          1.0772730225903029,
          1.8329580059377089,
          0.40010853139543756,
          0.5900460739745187,
          0.30420721756786395,
          0.4708118309551945,
          0.988243817869275,
          1.265685445146236,
          1.5940160866485351,
          0.702065347024632
        ],
        [
          0.9327508922168632,
          0.918665239656083,
          1.0050839321241702,
          0.8821120549763051,
          1.2041171919460296,
          0.5923732194693683,
          1.83328094485074,
          1.4336538704044401,
          0.1335443212913744,
          1.1181788536351898,
          0.17666036428594578,
          0.988243817869275,
          0.030591067115095738,
          0.5473482387365282,
          0.9473140699965125,
          0.2456061929123634
        ],
        [
          0.5864979119326168,
          0.5920364024936697,
          1.6214440234546994,
          1.3517387744853449,
          1.198173353271641,
          1.9105916899609983,
          1.1235309658378947,
          0.19989209308715816,
          1.23820986013679,
          1.3046138450397513,
          1.5317898741424796,
          1.265685445146236,
          0.5473482387365282,
          0.68970953599808,
          0.07543750997795273,
          0.4369356107186363
        ],
        [
          1.860510587236372,
          1.2417794383713963,
          1.1699970686408463,
          1.1052515510645944,
          1.1532615909357706,
          1.0947959209887346,
          0.7598020210956866,
          1.5417021523809464,
          0.934857181282583,
          0.5436874763230665,
          1.1261225273869073,
          1.5940160866485351,
          0.9473140699965125,
          0.07543750997795273,
          0.7067760388788666,
          1.162795912729793
        ],
        [
          1.0705754003217063,
          1.0922320427501986,
          1.1974532622632883,
          1.1914715214824003,
          0.7797090151743796,
          0.9746628583504063,
          1.5125231561261843,
          1.54772194111567,
          0.20396212897404808,
          1.502697424992157,
          0.5120119205741069,
          0.702065347024632,
          0.2456061929123634,
          0.4369356107186363,
          1.162795912729793,
          0.9258226928106075
        ]
      ],
      "b_vector": [
        0.26552381963411703,
        0.28783318365990657,
        0.2714950169444671,
        0.27705985744063877,
        0.03503557148428849,
        0.09751293174726935,
        0.18723983433230282,
        0.12204543123251757,
        0.12836705717113187,
        0.456785763462543,
        0.3919371434140907,
        0.07689825892138445,
        0.41831052840198857,
        0.1723653824415935,
        0.20701002445192082,
        0.05728236767422504
      ]
    }
  ],
  "shots": 3000,
  "backend": "sv1",
  "device_arn": "SV1",
  "aws_region": "eu-west-2",
  "ideal_preprocessing_list": [
    [
      [
        -3.6429404966289605,
        -2.4155802322463127,
        -2.1458796395368367,
        -1.7344454605072013,
        -1.206572914075215,
        -1.108959906146068,
        -0.7322120911022322,
        -0.24684596849994234,
        0.08798930156191265,
        0.6079979583827433,
        0.9616017036134806,
        1.281496149614481,
        1.4868675658665398,
        2.454313644722658,
        2.6371763144456253,
        15.613839055268578
      ],
      [
        0.02963428550917227,
        0.006532861350581506,
        0.10956931300837969,
        0.09103749613549836,
        0.15341082764622282,
        0.3176808394055556,
        0.13496117005217662,
        0.07339626627235052,
        0.16295759199295692,
        0.12794524169000798,
        0.0862058106219627,
        0.16538933986418058,
        0.11283342578912597,
        0.13418574408951248,
        0.09620448493931866,
        0.8444084365403579
      ]
    ]
  ],
  "probability_threshold": 0,
  "k_qubits": 7,
  "preprocessing_mode": "ideal",
  "projection_mode": "all_components",
  "projection_subset": null,
  "num_solution_qubits": 4,
  "num_projections": 16,
  "projector_basis_states": [
    0,
    1,
    2,
    3,
    4,
    5,
    6,
    7,
    8,
    9,
    10,
    11,
    12,
    13,
    14,
    15
  ],
  "enhanced_projection_results": [
    {
      "problem_index": 0,
      "projection_tasks": [
        {
          "basis_state": 0,
          "task_id": "arn:aws:braket:eu-west-2:380012739362:quantum-task/a4ab3955-3b9f-41a5-aa0f-dd2950788281",
          "status": "DONE",
          "shots": 3000,
          "created_at": "2025-12-21 13:05:34.344000+00:00",
          "ended_at": "2025-12-21 13:05:41.304000+00:00",
          "execution_time_seconds": 6.96,
          "counts": {
            "001000000000": 306,
            "101000000000": 512,
            "111000000000": 171,
            "000000000000": 235,
            "100100000000": 527,
            "110000000000": 409,
            "011000000000": 97,
            "100000000000": 44,
            "001100000000": 232,
            "011100000000": 47,
            "111100000000": 19,
            "001000000001": 10,
            "010100000000": 24,
            "111000000001": 12,
            "110100000000": 111,
            "100110100001": 1,
            "000100000000": 162,
            "101000000001": 2,
            "101100000000": 10,
            "111011000001": 2,
            "110000000001": 13,
            "010000000000": 6,
            "000100000001": 10,
            "101011000000": 1,
            "011011100101": 1,
            "111011000000": 1,
            "111010100001": 1,
            "001100000001": 1,
            "100100000001": 2,
            "101001010000": 1,
            "101011000001": 1,
            "000000000001": 4,
            "110011000000": 3,
            "100000000001": 5,
            "110111000001": 1,
            "000010000000": 1,
            "111110010000": 1,
            "111010010000": 1,
            "101001110001": 1,
            "001011000001": 2,
            "011011000000": 1,
            "011000000001": 1,
            "011111000000": 2,
            "011011000001": 1,
            "100111001001": 1,
            "011111000001": 1,
            "100100110001": 1,
            "100111000000": 1,
            "010011000001": 1
          },
          "component_probability": 0.05333333333333334,
          "success_rate": 0.025
        },
        {
          "basis_state": 1,
          "task_id": "arn:aws:braket:eu-west-2:380012739362:quantum-task/9af5674c-3cca-4366-8acb-dfd21fc66157",
          "status": "DONE",
          "shots": 3000,
          "created_at": "2025-12-21 13:05:42.700000+00:00",
          "ended_at": "2025-12-21 13:05:49.479000+00:00",
          "execution_time_seconds": 6.779,
          "counts": {
            "100100000000": 513,
            "011000000000": 86,
            "101000000000": 513,
            "110000000000": 391,
            "001100000000": 208,
            "010000000000": 8,
            "001000000000": 326,
            "111000000000": 211,
            "010100000000": 23,
            "000000000000": 282,
            "000100000000": 160,
            "110100000000": 104,
            "110011000000": 3,
            "111100000000": 28,
            "000000000001": 3,
            "011100000000": 21,
            "000100000001": 9,
            "110000000001": 11,
            "001011000001": 3,
            "101100000000": 16,
            "101110011100": 1,
            "111011000001": 3,
            "001011000000": 1,
            "001000000001": 18,
            "110011000001": 4,
            "111011000000": 1,
            "100000000000": 25,
            "111000000001": 6,
            "101000000001": 3,
            "101000110001": 1,
            "001001100000": 1,
            "101011000001": 1,
            "111110100000": 1,
            "110110001001": 1,
            "111010010001": 1,
            "000111000001": 1,
            "111010010000": 1,
            "111001000000": 1,
            "100000000001": 3,
            "101010010000": 1,
            "100010000101": 1,
            "111010100001": 1,
            "100110010001": 1,
            "111011100001": 1,
            "011100000001": 1,
            "110001100000": 1
          },
          "component_probability": 0.136986301369863,
          "success_rate": 0.024333333333333332
        },
        {
          "basis_state": 2,
          "task_id": "arn:aws:braket:eu-west-2:380012739362:quantum-task/76f7c580-63c5-4a88-8f0e-18c8ef844649",
          "status": "DONE",
          "shots": 3000,
          "created_at": "2025-12-21 13:05:52.281000+00:00",
          "ended_at": "2025-12-21 13:06:00.112000+00:00",
          "execution_time_seconds": 7.831,
          "counts": {
            "110000000000": 386,
            "000000000000": 246,
            "100100000000": 576,
            "100000000000": 44,
            "101000000000": 525,
            "000100000000": 178,
            "001000000001": 13,
            "110100000000": 95,
            "111000000000": 163,
            "001000000000": 300,
            "011100000000": 29,
            "011000000000": 89,
            "101100000000": 17,
            "001100000000": 210,
            "010100000000": 26,
            "001011000001": 1,
            "111100000000": 21,
            "110000000001": 12,
            "111000000001": 6,
            "111010100001": 1,
            "111011000001": 4,
            "110001000001": 1,
            "100000000001": 2,
            "110100000001": 3,
            "000100000001": 15,
            "000110100001": 1,
            "000000000001": 3,
            "010000000000": 5,
            "110010100001": 1,
            "010011000001": 1,
            "111100000001": 4,
            "101000000001": 1,
            "111111000001": 2,
            "101010010001": 2,
            "001010001000": 1,
            "100100000001": 1,
            "001010100001": 1,
            "110011000001": 2,
            "011010100001": 1,
            "111110100000": 1,
            "011100000001": 2,
            "100110010001": 1,
            "100111000000": 1,
            "011011000111": 1,
            "000011000000": 1,
            "111101000001": 1,
            "110010000000": 1,
            "100011000000": 1,
            "111011000000": 1
          },
          "component_probability": 0.18072289156626506,
          "success_rate": 0.027666666666666666
        },
        {
          "basis_state": 3,
          "task_id": "arn:aws:braket:eu-west-2:380012739362:quantum-task/1320fa5a-7bf3-4205-b0de-b49e5d2819d8",
          "status": "DONE",
          "shots": 3000,
          "created_at": "2025-12-21 13:05:57.493000+00:00",
          "ended_at": "2025-12-21 13:06:03.999000+00:00",
          "execution_time_seconds": 6.506,
          "counts": {
            "001000000000": 296,
            "000000000000": 275,
            "010100000000": 29,
            "101000000000": 531,
            "110000000000": 389,
            "110100000000": 126,
            "100000000000": 37,
            "100100000000": 532,
            "001100000000": 205,
            "011000000000": 93,
            "111000000000": 184,
            "000100000000": 164,
            "011100000000": 27,
            "101100000000": 13,
            "111100000000": 23,
            "111000000001": 7,
            "010000000000": 5,
            "000100000001": 10,
            "001100000001": 2,
            "101000000001": 3,
            "000000000001": 3,
            "000011000001": 1,
            "001000000001": 8,
            "110000000001": 5,
            "011011000001": 1,
            "000110010001": 1,
            "111011000000": 2,
            "000010100000": 1,
            "111100000001": 2,
            "111100100001": 1,
            "100110100001": 1,
            "111011000001": 1,
            "011011000110": 1,
            "011000000001": 3,
            "011100000001": 1,
            "101011000001": 1,
            "001011000000": 1,
            "100011000000": 1,
            "000101000001": 1,
            "110001100000": 1,
            "100100000001": 2,
            "111010000000": 1,
            "110100000001": 2,
            "110011000000": 1,
            "110111000001": 1,
            "110011000001": 1,
            "100111000001": 1,
            "000110000000": 1,
            "000111000001": 1,
            "110010100001": 1
          },
          "component_probability": 0.03278688524590164,
          "success_rate": 0.02033333333333333
        },
        {
          "basis_state": 4,
          "task_id": "arn:aws:braket:eu-west-2:380012739362:quantum-task/65cf3cb2-8fa5-424e-b2ba-49add7713d57",
          "status": "DONE",
          "shots": 3000,
          "created_at": "2025-12-21 13:06:03.156000+00:00",
          "ended_at": "2025-12-21 13:06:11.199000+00:00",
          "execution_time_seconds": 8.043,
          "counts": {
            "110000000000": 387,
            "101000000000": 517,
            "111000000000": 202,
            "100100000000": 516,
            "001000000000": 339,
            "000100000000": 190,
            "110100000000": 103,
            "011000000000": 91,
            "000000000000": 236,
            "001100000000": 200,
            "111100000000": 22,
            "010100000000": 32,
            "100000000000": 30,
            "110111000001": 1,
            "011100000000": 33,
            "000010100000": 1,
            "110010100001": 2,
            "111000000001": 7,
            "101000000001": 3,
            "000100000001": 12,
            "111100000001": 5,
            "110011000000": 1,
            "001000000001": 11,
            "101100000000": 13,
            "001100000001": 1,
            "000011100100": 1,
            "000000000001": 4,
            "110001100000": 1,
            "110000000001": 8,
            "010000000000": 6,
            "100000000001": 3,
            "100100000001": 2,
            "001010100001": 1,
            "100011010000": 1,
            "011000000001": 2,
            "011100000001": 2,
            "010011000000": 1,
            "110011000001": 2,
            "101001001001": 1,
            "101100000001": 1,
            "111011000001": 2,
            "111110100000": 1,
            "100000100001": 1,
            "100111000001": 1,
            "010000000001": 1,
            "001011000000": 1,
            "101011000000": 1,
            "011111000000": 1
          },
          "component_probability": 0.0136986301369863,
          "success_rate": 0.024333333333333332
        },
        {
          "basis_state": 5,
          "task_id": "arn:aws:braket:eu-west-2:380012739362:quantum-task/959b6ae2-d378-47da-9546-9b921eb091ac",
          "status": "DONE",
          "shots": 3000,
          "created_at": "2025-12-21 13:06:08.508000+00:00",
          "ended_at": "2025-12-21 13:06:18.738000+00:00",
          "execution_time_seconds": 10.23,
          "counts": {
            "000000000000": 291,
            "000100000000": 162,
            "001000000000": 303,
            "101000000000": 530,
            "011100000000": 35,
            "100100000000": 510,
            "100000000001": 3,
            "000000000001": 1,
            "100000000000": 30,
            "110100000000": 102,
            "111000000000": 186,
            "110000000000": 394,
            "011000000000": 101,
            "001100000000": 211,
            "010100000000": 26,
            "111000000001": 8,
            "100011010000": 1,
            "111100000000": 17,
            "101100000000": 20,
            "111100000001": 6,
            "010000000000": 5,
            "000100000001": 8,
            "001010000000": 1,
            "111011000000": 2,
            "111111000000": 2,
            "111111100000": 1,
            "001000000001": 9,
            "001011000000": 2,
            "100011000001": 2,
            "001100000001": 2,
            "011000000001": 2,
            "000011000001": 1,
            "100101001000": 1,
            "101000000001": 4,
            "001011000001": 2,
            "110000000001": 5,
            "100110100001": 1,
            "110011000001": 2,
            "101100000001": 1,
            "101000110001": 1,
            "111011000001": 1,
            "010000000001": 1,
            "001010100000": 1,
            "000110100001": 1,
            "000111000001": 1,
            "110100000001": 1,
            "011100000001": 1,
            "100111000001": 1,
            "101011000000": 1
          },
          "component_probability": 0.0,
          "success_rate": 0.021666666666666667
        },
        {
          "basis_state": 6,
          "task_id": "arn:aws:braket:eu-west-2:380012739362:quantum-task/79721284-8038-454a-96ce-981cba17683a",
          "status": "DONE",
          "shots": 3000,
          "created_at": "2025-12-21 13:06:14.138000+00:00",
          "ended_at": "2025-12-21 13:06:23.259000+00:00",
          "execution_time_seconds": 9.121,
          "counts": {
            "111000000000": 176,
            "000000000000": 261,
            "101000000000": 514,
            "000100000000": 182,
            "100100000000": 520,
            "001100000000": 181,
            "110000000000": 416,
            "101100000000": 15,
            "001000000000": 345,
            "011000000000": 83,
            "111000000001": 5,
            "010100000000": 33,
            "111100000000": 24,
            "100000000000": 35,
            "101000000001": 2,
            "110100000000": 96,
            "011100000000": 37,
            "111111000000": 1,
            "110000000001": 6,
            "001000000001": 9,
            "110011000001": 3,
            "001001100001": 1,
            "110001000001": 1,
            "000101000000": 1,
            "000100000001": 9,
            "100000000001": 4,
            "100111000001": 1,
            "111001110001": 1,
            "001011000001": 3,
            "111010100001": 1,
            "111100000001": 4,
            "110010000000": 1,
            "011100110110": 1,
            "000011000001": 1,
            "110001000000": 1,
            "110001100000": 1,
            "010000000000": 7,
            "110111101001": 1,
            "000111000000": 1,
            "101011000001": 1,
            "000111000111": 1,
            "111010010001": 1,
            "010110101001": 1,
            "110010100000": 1,
            "111011000000": 1,
            "110100000001": 1,
            "000110100000": 1,
            "101011000000": 1,
            "110101100001": 1,
            "011110000000": 1,
            "100101011001": 1,
            "000111000001": 1,
            "111111000001": 1,
            "001100000001": 2
          },
          "component_probability": 0.0,
          "success_rate": 0.021
        },
        {
          "basis_state": 7,
          "task_id": "arn:aws:braket:eu-west-2:380012739362:quantum-task/8e51bf55-d8b6-4804-b992-3a58661114b9",
          "status": "DONE",
          "shots": 3000,
          "created_at": "2025-12-21 13:06:19.757000+00:00",
          "ended_at": "2025-12-21 13:06:27.713000+00:00",
          "execution_time_seconds": 7.956,
          "counts": {
            "000100000000": 197,
            "111000000000": 179,
            "101000000000": 561,
            "100100000000": 511,
            "001100000000": 233,
            "000000000000": 258,
            "100000000000": 31,
            "010100000000": 27,
            "001000000000": 326,
            "110100000000": 84,
            "111100000001": 4,
            "001000000001": 9,
            "101100000001": 1,
            "110000000000": 364,
            "110000000001": 7,
            "011000000000": 86,
            "101000000001": 4,
            "111000000001": 10,
            "011100000000": 24,
            "010000000000": 9,
            "110011000001": 3,
            "111100000000": 17,
            "000100000001": 9,
            "001011000001": 1,
            "111011000001": 3,
            "111110110101": 1,
            "001010100000": 2,
            "111111000001": 2,
            "011011000000": 1,
            "100100000001": 1,
            "101100000000": 7,
            "000000000001": 2,
            "101011000001": 2,
            "110001000001": 1,
            "100110100000": 1,
            "111010100001": 1,
            "011100000001": 1,
            "011000000001": 2,
            "111110001001": 1,
            "111011100001": 1,
            "011111000001": 1,
            "101011000000": 1,
            "000111000001": 2,
            "101110010001": 1,
            "100011000000": 1,
            "110100000001": 1,
            "001100000001": 2,
            "100111000001": 1,
            "001011000000": 1,
            "100000000001": 1,
            "100111000000": 1,
            "110011000000": 2,
            "000011110111": 1
          },
          "component_probability": 0.02631578947368421,
          "success_rate": 0.025333333333333333
        },
        {
          "basis_state": 8,
          "task_id": "arn:aws:braket:eu-west-2:380012739362:quantum-task/46ceb057-0f38-40c6-92c2-e51af9600262",
          "status": "DONE",
          "shots": 3000,
          "created_at": "2025-12-21 13:06:24.981000+00:00",
          "ended_at": "2025-12-21 13:06:34.600000+00:00",
          "execution_time_seconds": 9.619,
          "counts": {
            "110000000000": 366,
            "001000000000": 326,
            "100100000000": 519,
            "011100000000": 36,
            "100000000000": 39,
            "100011000001": 1,
            "000000000000": 281,
            "101000000000": 528,
            "000100000000": 163,
            "001100000000": 212,
            "011000000000": 90,
            "110100000000": 97,
            "111000000000": 188,
            "000100000001": 11,
            "111100000000": 23,
            "101100000000": 14,
            "101110010000": 1,
            "010100000000": 20,
            "110000000001": 3,
            "001000000001": 12,
            "101000000001": 5,
            "100111000000": 1,
            "010000000000": 10,
            "001011000001": 2,
            "000010100001": 1,
            "100000000001": 1,
            "000111100001": 1,
            "111100000001": 4,
            "111011000001": 3,
            "100100000001": 3,
            "000000000001": 1,
            "001000110001": 1,
            "000111000000": 1,
            "110100000001": 1,
            "111110100001": 1,
            "111000000001": 10,
            "111010010000": 1,
            "101111101001": 1,
            "110010100000": 1,
            "000000100111": 1,
            "001001100001": 1,
            "001010010000": 1,
            "110011000001": 2,
            "111010000000": 1,
            "011011000001": 1,
            "011100000001": 3,
            "001100000001": 2,
            "111001100000": 1,
            "111011000000": 1,
            "000101000001": 1,
            "010000000001": 1,
            "100011100000": 1,
            "110010100001": 1,
            "001001000001": 1,
            "100111000001": 1,
            "000110100000": 1
          },
          "component_probability": 0.025974025974025976,
          "success_rate": 0.025666666666666667
        },
        {
          "basis_state": 9,
          "task_id": "arn:aws:braket:eu-west-2:380012739362:quantum-task/4c108b8e-b6e4-45cb-b3ff-44cadc45cdda",
          "status": "DONE",
          "shots": 3000,
          "created_at": "2025-12-21 13:06:30.849000+00:00",
          "ended_at": "2025-12-21 13:06:37.771000+00:00",
          "execution_time_seconds": 6.922,
          "counts": {
            "100100000000": 522,
            "001000000001": 13,
            "001000000000": 300,
            "110000000000": 384,
            "011100000000": 42,
            "000100000000": 159,
            "101000000000": 507,
            "100000000000": 45,
            "111000000000": 190,
            "001100000000": 214,
            "110100000000": 97,
            "000000000000": 280,
            "010100000000": 30,
            "011000000000": 95,
            "101100000000": 15,
            "001011000001": 6,
            "111100000000": 22,
            "111000000001": 9,
            "010000000000": 8,
            "000000000001": 1,
            "010000000001": 1,
            "000100000001": 8,
            "000110100001": 2,
            "000111000000": 3,
            "111010000000": 1,
            "001011000000": 5,
            "000111110000": 1,
            "110011000000": 1,
            "111100000001": 5,
            "101000000001": 2,
            "110011000001": 2,
            "011100000001": 3,
            "110010100001": 1,
            "011011000001": 1,
            "110000000001": 7,
            "001110100001": 1,
            "001010001001": 1,
            "100111000000": 1,
            "100011000001": 1,
            "111011000000": 1,
            "100000000001": 2,
            "000111000101": 1,
            "001010100000": 1,
            "100100000001": 2,
            "110001000001": 1,
            "001100000001": 1,
            "100111100001": 1,
            "110010100000": 1,
            "100111000001": 1,
            "101100000001": 1,
            "000111000001": 1
          },
          "component_probability": 0.05333333333333334,
          "success_rate": 0.025
        },
        {
          "basis_state": 10,
          "task_id": "arn:aws:braket:eu-west-2:380012739362:quantum-task/0767b8bb-a966-4c35-84a9-412d356e0a1c",
          "status": "DONE",
          "shots": 3000,
          "created_at": "2025-12-21 13:06:36.302000+00:00",
          "ended_at": "2025-12-21 13:06:44.502000+00:00",
          "execution_time_seconds": 8.2,
          "counts": {
            "100100000000": 530,
            "110000000000": 401,
            "110000001001": 1,
            "101000000000": 525,
            "111000000000": 200,
            "110100000000": 101,
            "001011000001": 1,
            "001000000000": 306,
            "001100000000": 199,
            "000100000000": 172,
            "010100000000": 31,
            "111011000001": 1,
            "000000000000": 250,
            "101100000000": 11,
            "011000000000": 92,
            "100000000000": 34,
            "000100000001": 12,
            "101011000001": 1,
            "011100000000": 37,
            "100111000000": 2,
            "100111000001": 2,
            "001100000001": 2,
            "000111000001": 2,
            "000011000001": 1,
            "111100000000": 18,
            "110011000001": 4,
            "100100000001": 5,
            "001011000000": 4,
            "110000000001": 8,
            "000000000001": 4,
            "111000000001": 8,
            "000111000000": 1,
            "111110100001": 2,
            "011100000001": 2,
            "111100000001": 3,
            "001000000001": 6,
            "010000000001": 1,
            "010000000000": 2,
            "100011000001": 1,
            "101000000001": 3,
            "011011000000": 2,
            "010011000001": 1,
            "011011000101": 1,
            "100000000001": 2,
            "110011000000": 1,
            "000110100000": 1,
            "001111000000": 2,
            "100011000000": 1,
            "000101100000": 1,
            "101011000000": 1,
            "000111010001": 1
          },
          "component_probability": 0.05333333333333334,
          "success_rate": 0.025
        },
        {
          "basis_state": 11,
          "task_id": "arn:aws:braket:eu-west-2:380012739362:quantum-task/ae786e81-f1df-4774-85d2-b30a793f2f70",
          "status": "DONE",
          "shots": 3000,
          "created_at": "2025-12-21 13:06:41.953000+00:00",
          "ended_at": "2025-12-21 13:06:48.794000+00:00",
          "execution_time_seconds": 6.841,
          "counts": {
            "101000000000": 577,
            "001100000000": 215,
            "100100000000": 529,
            "001000000000": 338,
            "000000000000": 253,
            "110000000000": 358,
            "111000000000": 195,
            "110100000000": 98,
            "010100000000": 29,
            "011000000000": 79,
            "000100000000": 151,
            "100000000000": 40,
            "111100000000": 21,
            "000100000001": 11,
            "001001010101": 1,
            "000000000001": 2,
            "111011100001": 1,
            "101011000110": 1,
            "001100000001": 2,
            "101100000000": 10,
            "100110010000": 1,
            "111000000001": 10,
            "010000000000": 10,
            "101000000001": 7,
            "000111000000": 1,
            "011100000000": 22,
            "111100000001": 3,
            "110000000001": 6,
            "001000000001": 4,
            "001011000001": 2,
            "000110100000": 1,
            "001011000000": 2,
            "100011000001": 2,
            "101010111001": 1,
            "111011000000": 1,
            "000111000001": 1,
            "110010100001": 1,
            "100011000000": 1,
            "000110010001": 1,
            "100100000001": 2,
            "111011000001": 2,
            "011110000000": 1,
            "100000000001": 1,
            "000010000000": 1,
            "100111000001": 1,
            "110010000000": 1,
            "110011000001": 1,
            "001010100000": 1,
            "011000000001": 1
          },
          "component_probability": 0.0,
          "success_rate": 0.021
        },
        {
          "basis_state": 12,
          "task_id": "arn:aws:braket:eu-west-2:380012739362:quantum-task/e84902ad-68dc-451c-91d8-6e51a6dab488",
          "status": "DONE",
          "shots": 3000,
          "created_at": "2025-12-21 13:06:47.477000+00:00",
          "ended_at": "2025-12-21 13:06:56.810000+00:00",
          "execution_time_seconds": 9.333,
          "counts": {
            "100100000000": 543,
            "110100000000": 100,
            "001000000000": 331,
            "000100000001": 12,
            "101000000000": 492,
            "000100000000": 166,
            "100000000000": 50,
            "011000000000": 88,
            "110000000000": 379,
            "001100000000": 227,
            "111000000000": 187,
            "101100000000": 19,
            "000000000000": 243,
            "011100000000": 29,
            "111100000000": 26,
            "111100000001": 6,
            "010100000000": 29,
            "001000000001": 14,
            "110011000001": 3,
            "100100000001": 2,
            "001011000001": 1,
            "001010100001": 1,
            "001100000001": 2,
            "001010001001": 1,
            "111000000001": 10,
            "000000000001": 1,
            "100111000001": 1,
            "100010000001": 1,
            "001011000000": 1,
            "101010100000": 1,
            "110000000001": 6,
            "111000100001": 1,
            "110010100001": 2,
            "100011000001": 2,
            "111111001000": 1,
            "100000000001": 3,
            "010000000000": 8,
            "111011000000": 2,
            "100011000110": 1,
            "011000000001": 1,
            "011111000001": 1,
            "011100000001": 1,
            "101000110001": 1,
            "000111000100": 1,
            "000111000001": 1,
            "000001110110": 1,
            "101011000000": 1
          },
          "component_probability": 0.14864864864864866,
          "success_rate": 0.024666666666666667
        },
        {
          "basis_state": 13,
          "task_id": "arn:aws:braket:eu-west-2:380012739362:quantum-task/c34e6cc7-388e-498f-86f1-13b6524805af",
          "status": "DONE",
          "shots": 3000,
          "created_at": "2025-12-21 13:06:52.419000+00:00",
          "ended_at": "2025-12-21 13:06:59.925000+00:00",
          "execution_time_seconds": 7.506,
          "counts": {
            "110000000000": 394,
            "100100000000": 542,
            "111000000000": 180,
            "101000000000": 508,
            "001000000000": 334,
            "110000000001": 9,
            "001100000000": 214,
            "000000000001": 1,
            "000000000000": 265,
            "000100000000": 195,
            "111100000000": 23,
            "010100000000": 22,
            "001000000001": 12,
            "011100000000": 23,
            "110100000000": 101,
            "011000000000": 72,
            "100000000000": 36,
            "101100000000": 15,
            "010000000000": 5,
            "001011000001": 3,
            "000111000001": 1,
            "101000000001": 2,
            "110011000001": 1,
            "001010100000": 2,
            "111000000001": 6,
            "011000000001": 2,
            "100110100000": 1,
            "001010010000": 2,
            "000100000001": 9,
            "100011000001": 1,
            "111100000001": 3,
            "100100000001": 1,
            "011011000000": 1,
            "110110000001": 1,
            "000001100001": 1,
            "000111100001": 1,
            "110011000000": 1,
            "000111000101": 1,
            "001011000000": 1,
            "000111011001": 1,
            "100000000001": 1,
            "100011000000": 1,
            "101010010001": 1,
            "011100000001": 1,
            "000110010000": 1,
            "010000000001": 1,
            "101011010001": 1
          },
          "component_probability": 0.01639344262295082,
          "success_rate": 0.02033333333333333
        },
        {
          "basis_state": 14,
          "task_id": "arn:aws:braket:eu-west-2:380012739362:quantum-task/1314fb12-21ba-4b15-ab64-a8b7cd054c24",
          "status": "DONE",
          "shots": 3000,
          "created_at": "2025-12-21 13:06:57.318000+00:00",
          "ended_at": "2025-12-21 13:07:04.446000+00:00",
          "execution_time_seconds": 7.128,
          "counts": {
            "001000000000": 302,
            "000000000000": 289,
            "000100000000": 140,
            "111000000001": 9,
            "101000000000": 509,
            "100100000000": 560,
            "110100000000": 95,
            "110000000000": 381,
            "001100000000": 209,
            "111000000000": 183,
            "000100000001": 14,
            "011100000000": 30,
            "011000000000": 91,
            "001010100000": 1,
            "100000000000": 38,
