{
  "problem_list": [
    {
      "A_matrix": [
        [
          0.8292523385966195,
          1.3381661353846295,
          1.3394887749972986,
          1.5754554816082682,
          1.7090286665511552,
          0.7205335262355391,
          1.6720530789994186,
          0.8825876959969629
        ],
        [
          1.3381661353846295,
          0.5962253624893912,
          1.1135646744684196,
          0.9687754124857676,
          1.6710369639956444,
          1.3701742303205953,
          0.6529433573880972,
          1.2056027078409497
        ],
        [
          1.3394887749972986,
          1.1135646744684196,
          0.03216213264950918,
          0.890578556943202,
          0.42194312321216343,
          0.8787105769116618,
          0.8643734954863115,
          1.6338203142338352
        ],
        [
          1.5754554816082682,
          0.9687754124857676,
          0.890578556943202,
          0.436363362188968,
          0.2421140431888924,
          1.476142471002524,
          0.7538142909169855,
          0.7944211606160537
        ],
        [
          1.7090286665511552,
          1.6710369639956444,
          0.42194312321216343,
          0.2421140431888924,
          0.6524572237816797,
          1.3568905556379092,
          1.2500448242816962,
          0.8419527917538064
        ],
        [
          0.7205335262355391,
          1.3701742303205953,
          0.8787105769116618,
          1.476142471002524,
          1.3568905556379092,
          1.8150145442400325,
          1.4956003944884055,
          1.3195213872668177
        ],
        [
          1.6720530789994186,
          0.6529433573880972,
          0.8643734954863115,
          0.7538142909169855,
          1.2500448242816962,
          1.4956003944884055,
          0.7701162042732499,
          1.5503646184862598
        ],
        [
          0.8825876959969629,
          1.2056027078409497,
          1.6338203142338352,
          0.7944211606160537,
          0.8419527917538064,
          1.3195213872668177,
          1.5503646184862598,
          1.5954979258935063
        ]
      ],
      "b_vector": [
        0.16117683984561396,
        0.043820687072821704,
        0.1074567697998967,
        0.1994326448184907,
        0.675771867539228,
        0.6351938722720287,
        0.2367170080152354,
        0.06787946871953045
      ]
    }
  ],
  "shots": 3000,
  "backend": "sv1",
  "device_arn": "SV1",
  "aws_region": "eu-west-2",
  "ideal_preprocessing_list": [
    [
      [
        -2.030509802128283,
        -1.4367531537603098,
        -1.13877113159431,
        0.11690733575678242,
        0.4616381099200533,
        0.7874564193953068,
        0.990308235933006,
        8.976813080590706
      ],
      [
        0.19443208550858482,
        0.30092958066275755,
        0.033928773474266975,
        0.13974277264577178,
        0.18867010371120074,
        0.4057457499831102,
        0.25742087180821144,
        0.7645042972570345
      ]
    ]
  ],
  "probability_threshold": 0,
  "k_qubits": 7,
  "preprocessing_mode": "ideal",
  "projection_mode": "all_components",
  "projection_subset": null,
  "num_solution_qubits": 3,
  "num_projections": 8,
  "projector_basis_states": [
    0,
    1,
    2,
    3,
    4,
    5,
    6,
    7
  ],
  "enhanced_projection_results": [
    {
      "problem_index": 0,
      "projection_tasks": [
        {
          "basis_state": 0,
          "task_id": "arn:aws:braket:eu-west-2:380012739362:quantum-task/4b506056-cb26-4bc7-b71c-48bf1d9fc597",
          "shots": 3000,
          "projector_index": 0
        },
        {
          "basis_state": 1,
          "task_id": "arn:aws:braket:eu-west-2:380012739362:quantum-task/f3447b84-cd76-4c16-a305-15e58e9a4aa5",
          "shots": 3000,
          "projector_index": 1
        },
        {
          "basis_state": 2,
          "task_id": "arn:aws:braket:eu-west-2:380012739362:quantum-task/223364ae-ad75-42cd-93cb-7fc0b013d27b",
          "shots": 3000,
          "projector_index": 2
        },
        {
          "basis_state": 3,
          "task_id": "arn:aws:braket:eu-west-2:380012739362:quantum-task/cdb5ad10-ebb4-4fbf-8075-23be62d577d3",
          "shots": 3000,
          "projector_index": 3
        },
        {
          "basis_state": 4,
          "task_id": "arn:aws:braket:eu-west-2:380012739362:quantum-task/292048c8-d0a8-416f-b841-73f20f33ceab",
          "shots": 3000,
          "projector_index": 4
        },
        {
          "basis_state": 5,
          "task_id": "arn:aws:braket:eu-west-2:380012739362:quantum-task/52320002-6c19-4ba6-982b-a4f29258f7fe",
          "shots": 3000,
          "projector_index": 5
        },
        {
          "basis_state": 6,
          "task_id": "arn:aws:braket:eu-west-2:380012739362:quantum-task/5fc1365d-645f-46fc-b190-8dc5608f2133",
          "shots": 3000,
          "projector_index": 6
        },
        {
          "basis_state": 7,
          "task_id": "arn:aws:braket:eu-west-2:380012739362:quantum-task/071179c6-9477-4569-8d1c-5c113d61b7b3",
          "shots": 3000,
          "projector_index": 7
        }
      ],
      "depth": 4700,
      "num_projections": 8,
      "ideal_solution": [
        {
          "real": 0.020238505785264913,
          "imag": 0.0
        },
        {
          "real": -0.33849693977155415,
          "imag": 0.0
        },
        {
          "real": -0.4317215701269524,
          "imag": 0.0
        },
        {
          "real": -0.17739434095035994,
          "imag": 0.0
        },
        {
          "real": 0.1101081977848664,
          "imag": 0.0
        },
        {
          "real": 0.3561423075520284,
          "imag": 0.0
        },
        {
          "real": 0.6925364561697902,
          "imag": 0.0
        },
        {
          "real": -0.22043152397661422,
          "imag": 0.0
        }
      ]
    }
  ]
}