{
  "problem_list": [
    {
      "A_matrix": [
        [
          1.4527458833714417,
          0.9526753850399798,
          0.6375576073518905,
          1.0307007847217622,
          1.1922440149075682,
          0.7464083932317511,
          0.7012544621679875,
          0.6179699038244953,
          1.1111284784142195,
          1.6571750448820404,
          0.21723522994416666,
          1.140782273014461,
          0.6189826198276851,
          1.3038254111871872,
          0.8152569128183278,
          1.4355451373440213
        ],
        [
          0.9526753850399798,
          1.0663992471268395,
          1.0561258026152673,
          1.2502901432563895,
          0.9463699309245727,
          0.8194845602306533,
          1.33332484631475,
          0.730655922289378,
          0.26065919662526216,
          0.7973108620875478,
          0.6126968251349251,
          0.9266454583917697,
          0.7696199209557023,
          0.8510405335869561,
          0.9222489543239226,
          0.9134074599933577
        ],
        [
          0.6375576073518905,
          1.0561258026152673,
          1.954142998069894,
          0.4789311664326149,
          0.2924692397334855,
          1.187250977135033,
          0.6470976834086449,
          1.4520964195938086,
          1.4491083909018636,
          0.9142202184291205,
          0.38867557163881394,
          0.5789337376419532,
          1.6653529336396047,
          1.1255066809023018,
          0.5034060900263093,
          0.5550499318783672
        ],
        [
          1.0307007847217622,
          1.2502901432563895,
          0.4789311664326149,
          0.7912043868942986,
          1.0547743045152371,
          0.567024072823516,
          0.6263585053095331,
          1.688605911207031,
          1.0831006853086707,
          1.216965087681137,
          0.970690885925691,
          1.5347680427795611,
          1.6178551586561145,
          1.1144430317199245,
          1.0121377192801764,
          0.7684469904512162
        ],
        [
          1.1922440149075682,
          0.9463699309245727,
          0.2924692397334855,
          1.0547743045152371,
          0.17978243901410096,
          0.7970600249930693,
          0.578711806064191,
          0.5489053082566014,
          0.7206411163953887,
          0.9318381339381827,
          1.1870472807831054,
          1.299622280445068,
          0.8424260875283685,
          1.9629293296316441,
          0.5568260164241723,
          0.9160771718867945
        ],
        [
          0.7464083932317511,
          0.8194845602306533,
          1.187250977135033,
          0.567024072823516,
          0.7970600249930693,
          1.6840505235721088,
          1.5402839803449089,
          1.03676131386458,
          0.725797742636094,
          1.2527142856705855,
          0.916815493024614,
          0.0870574221232766,
          1.1975471138403218,
          1.8307869703460637,
          1.4899791038629107,
          1.000208711450901
        ],
        [
          0.7012544621679875,
          1.33332484631475,
          0.6470976834086449,
          0.6263585053095331,
          0.578711806064191,
          1.5402839803449089,
          0.8639554988931153,
          0.8228023583877027,
          0.813121313378927,
          0.45568771849530887,
          1.2913988625733146,
          0.9853793416315996,
          1.352563670939468,
          1.0497463400878804,
          1.7733213981399696,
          1.4381205415089604
        ],
        [
          0.6179699038244953,
          0.730655922289378,
          1.4520964195938086,
          1.688605911207031,
          0.5489053082566014,
          1.03676131386458,
          0.8228023583877027,
          0.013701336008716591,
          0.7765663463105693,
          0.7049689474994979,
          1.2706825117004144,
          1.3004126109744294,
          0.7183146198217996,
          0.7066589446471667,
          0.9875662368266716,
          1.10483736225425
        ],
        [
          1.1111284784142195,
          0.26065919662526216,
          1.4491083909018636,
          1.0831006853086707,
          0.7206411163953887,
          0.725797742636094,
          0.813121313378927,
          0.7765663463105693,
          0.4599638457175408,
          1.1933057938770417,
          1.0021630580874543,
          0.3456932011770665,
          1.2959741301760286,
          0.9038134275355271,
          0.5613865260019478,
          1.2931855160751269
        ],
        [
          1.6571750448820404,
          0.7973108620875478,
          0.9142202184291205,
          1.216965087681137,
          0.9318381339381827,
          1.2527142856705855,
          0.45568771849530887,
          0.7049689474994979,
          1.1933057938770417,
          1.8653105355196113,
          0.4897525406886255,
          0.8666057400626999,
          0.5975304232180821,
          0.34617409506876284,
          1.312143445976684,
          0.7240394294331439
        ],
        [
          0.21723522994416666,
          0.6126968251349251,
          0.38867557163881394,
          0.970690885925691,
          1.1870472807831054,
          0.916815493024614,
          1.2913988625733146,
          1.2706825117004144,
          1.0021630580874543,
          0.4897525406886255,
          0.31548454323297603,
          0.5589253528199939,
          1.0621703324049834,
          1.7047352710750034,
          0.7675794259660076,
          1.421488772167391
        ],
        [
          1.140782273014461,
          0.9266454583917697,
          0.5789337376419532,
          1.5347680427795611,
          1.299622280445068,
          0.0870574221232766,
          0.9853793416315996,
          1.3004126109744294,
          0.3456932011770665,
          0.8666057400626999,
          0.5589253528199939,
          0.7721961818609284,
          1.798342121673818,
          1.0017691667144628,
          1.3322859415602644,
          1.3705687650583913
        ],
        [
          0.6189826198276851,
          0.7696199209557023,
          1.6653529336396047,
          1.6178551586561145,
          0.8424260875283685,
          1.1975471138403218,
          1.352563670939468,
          0.7183146198217996,
          1.2959741301760286,
          0.5975304232180821,
          1.0621703324049834,
          1.798342121673818,
          0.690999830842908,
          0.4835230962407413,
          1.5949528097864183,
          1.1732361693002629
        ],
        [
          1.3038254111871872,
          0.8510405335869561,
          1.1255066809023018,
          1.1144430317199245,
          1.9629293296316441,
          1.8307869703460637,
          1.0497463400878804,
          0.7066589446471667,
          0.9038134275355271,
          0.34617409506876284,
          1.7047352710750034,
          1.0017691667144628,
          0.4835230962407413,
          1.776046862768034,
          0.8687303408559722,
          1.3044217071010962
        ],
        [
          0.8152569128183278,
          0.9222489543239226,
          0.5034060900263093,
          1.0121377192801764,
          0.5568260164241723,
          1.4899791038629107,
          1.7733213981399696,
          0.9875662368266716,
          0.5613865260019478,
          1.312143445976684,
          0.7675794259660076,
          1.3322859415602644,
          1.5949528097864183,
          0.8687303408559722,
          1.660372900284182,
          1.7285146149769108
        ],
        [
          1.4355451373440213,
          0.9134074599933577,
          0.5550499318783672,
          0.7684469904512162,
          0.9160771718867945,
          1.000208711450901,
          1.4381205415089604,
          1.10483736225425,
          1.2931855160751269,
          0.7240394294331439,
          1.421488772167391,
          1.3705687650583913,
          1.1732361693002629,
          1.3044217071010962,
          1.7285146149769108,
          1.8529887202038586
        ]
      ],
      "b_vector": [
        0.3412289712759063,
        0.3961487696694864,
        0.23074619868889645,
        0.05215546006994199,
        0.017381002783982802,
        0.13318002277555166,
        0.04473815911349074,
        0.37835492107627705,
        0.26965395775781353,
        0.308224769895521,
        0.21192540421304962,
        0.06503981474875933,
        0.1628308363420777,
        0.2900687771287295,
        0.4094624135855955,
        0.11090721025211914
      ]
    }
  ],
  "shots": 3000,
  "backend": "sv1",
  "device_arn": "SV1",
  "aws_region": "eu-west-2",
  "ideal_preprocessing_list": [
    [
      [
        -2.662691086857821,
        -1.8996863096738439,
        -1.5481000257769677,
        -1.3712341457091135,
        -0.8107054592105944,
        -0.7385301652670451,
        -0.4425649669600067,
        -0.1674096107713751,
        0.2076701410598284,
        0.7126625482634628,
        1.064979399232548,
        1.8277127395335466,
        2.2236397574098645,
        2.3957868649843697,
        2.4931839684883466,
        16.114632084635357
      ],
      [
        0.190191242694397,
        0.24811973954591526,
        0.0008804942811653556,
        0.1644796544011929,
        0.04709080100556583,
        0.2631251380693686,
        0.029982905821662645,
        0.13693238128496416,
        0.11761545863052764,
        0.09690760091849779,
        0.0452547821700266,
        0.1155855996399935,
        0.04605412491291032,
        0.09963537247024504,
        0.15094995083533214,
        0.8429953366743221
      ]
    ]
  ],
  "probability_threshold": 0,
  "k_qubits": 7,
  "preprocessing_mode": "ideal",
  "projection_mode": "all_components",
  "projection_subset": null,
  "num_solution_qubits": 4,
  "num_projections": 16,
  "projector_basis_states": [
    0,
    1,
    2,
    3,
    4,
    5,
    6,
    7,
    8,
    9,
    10,
    11,
    12,
    13,
    14,
    15
  ],
  "enhanced_projection_results": [
    {
      "problem_index": 0,
      "projection_tasks": [
        {
          "basis_state": 0,
          "task_id": "arn:aws:braket:eu-west-2:380012739362:quantum-task/3d1604cb-9047-40ec-bc34-42f3d78465ef",
          "shots": 3000,
          "projector_index": 0
        },
        {
          "basis_state": 1,
          "task_id": "arn:aws:braket:eu-west-2:380012739362:quantum-task/f2fbaa9a-e893-4175-a34c-4f09d8e87162",
          "shots": 3000,
          "projector_index": 1
        },
        {
          "basis_state": 2,
          "task_id": "arn:aws:braket:eu-west-2:380012739362:quantum-task/15956f2f-7c53-4316-ac9b-edf6f3404c1d",
          "shots": 3000,
          "projector_index": 2
        },
        {
          "basis_state": 3,
          "task_id": "arn:aws:braket:eu-west-2:380012739362:quantum-task/b1b802a2-14a9-4013-99eb-4ba1911e7a35",
          "shots": 3000,
          "projector_index": 3
        },
        {
          "basis_state": 4,
          "task_id": "arn:aws:braket:eu-west-2:380012739362:quantum-task/fb0fbf19-c2b4-4dab-b415-ffd528249d99",
          "shots": 3000,
          "projector_index": 4
        },
        {
          "basis_state": 5,
          "task_id": "arn:aws:braket:eu-west-2:380012739362:quantum-task/d3fdb304-c2ea-4ba3-a7a2-031059d1cedc",
          "shots": 3000,
          "projector_index": 5
        },
        {
          "basis_state": 6,
          "task_id": "arn:aws:braket:eu-west-2:380012739362:quantum-task/16b10d20-181b-4b1b-b13c-43248bd7b339",
          "shots": 3000,
          "projector_index": 6
        },
        {
          "basis_state": 7,
          "task_id": "arn:aws:braket:eu-west-2:380012739362:quantum-task/25a973ec-6b20-4bce-ae61-9172f4297aef",
          "shots": 3000,
          "projector_index": 7
        },
        {
          "basis_state": 8,
          "task_id": "arn:aws:braket:eu-west-2:380012739362:quantum-task/789b2dc8-8552-4185-90d8-68d57e175ea7",
          "shots": 3000,
          "projector_index": 8
        },
        {
          "basis_state": 9,
          "task_id": "arn:aws:braket:eu-west-2:380012739362:quantum-task/693790ae-1f8b-4b01-a2cd-95c2ea466c79",
          "shots": 3000,
          "projector_index": 9
        },
        {
          "basis_state": 10,
          "task_id": "arn:aws:braket:eu-west-2:380012739362:quantum-task/0cfa02e3-2643-4f9f-8004-8e1df7872caa",
          "shots": 3000,
          "projector_index": 10
        },
        {
          "basis_state": 11,
          "task_id": "arn:aws:braket:eu-west-2:380012739362:quantum-task/a90d1bee-fd0b-4918-bc13-646df86e7627",
          "shots": 3000,
          "projector_index": 11
        },
        {
          "basis_state": 12,
          "task_id": "arn:aws:braket:eu-west-2:380012739362:quantum-task/00697f7a-b0da-4680-9e2a-03d84a72e5ac",
          "shots": 3000,
          "projector_index": 12
        },
        {
          "basis_state": 13,
          "task_id": "arn:aws:braket:eu-west-2:380012739362:quantum-task/0e60c916-e38f-4f48-bc92-7870aa9d7158",
          "shots": 3000,
          "projector_index": 13
        },
        {
          "basis_state": 14,
          "task_id": "arn:aws:braket:eu-west-2:380012739362:quantum-task/4e527c30-cb59-49b6-a18e-48b2a5b9e632",
          "shots": 3000,
          "projector_index": 14
        },
        {
          "basis_state": 15,
          "task_id": "arn:aws:braket:eu-west-2:380012739362:quantum-task/4f5763e1-43d6-4c1d-9639-3d8ee98298c7",
          "shots": 3000,
          "projector_index": 15
        }
      ],
      "depth": 13172,
      "num_projections": 16,
      "ideal_solution": [
        {
          "real": -0.0010250219355276815,
          "imag": 0.0
        },
        {
          "real": 0.3503708325915269,
          "imag": 0.0
        },
        {
          "real": -0.15117967123780407,
          "imag": 0.0
        },
        {
          "real": 0.09656268877518835,
          "imag": 0.0
        },
        {
          "real": 0.12830658426186847,
          "imag": 0.0
        },
        {
          "real": 0.07982789450288301,
          "imag": 0.0
        },
        {
          "real": 0.44272824557302015,
          "imag": 0.0
        },
        {
          "real": -0.3433633565481698,
          "imag": 0.0
        },
        {
          "real": 0.281953900628296,
          "imag": 0.0
        },
        {
          "real": 0.1345483069455728,
          "imag": 0.0
        },
        {
          "real": 0.10180613477419283,
          "imag": 0.0
        },
        {
          "real": -0.20330198349693768,
          "imag": 0.0
        },
        {
          "real": 0.18008408450501565,
          "imag": 0.0
        },
        {
          "real": -0.3124375390558398,
          "imag": 0.0
        },
        {
          "real": -0.47818695557724744,
          "imag": 0.0
        },
        {
          "real": 0.01761035052999128,
          "imag": 0.0
        }
      ]
    }
  ]
}