{
  "problem_list": [
    {
      "A_matrix": [
        [
          0.16967369671676047,
          0.47530486325455146,
          0.6930004323335851,
          0.8244635666229639,
          0.3193399458256386,
          0.5364501961463111,
          1.2243900284279785,
          1.5645712166974186
        ],
        [
          0.47530486325455146,
          1.8400900779936746,
          1.1027446848141844,
          1.7169777198944196,
          1.9006645971513574,
          1.4710877336450752,
          0.24925318559645215,
          1.4092512966505835
        ],
        [
          0.6930004323335851,
          1.1027446848141844,
          1.3725838588918693,
          1.1873934401914357,
          0.6009974586216369,
          0.6042562431570228,
          1.5952985592012403,
          0.8229336680662269
        ],
        [
          0.8244635666229639,
          1.7169777198944196,
          1.1873934401914357,
          1.4349924864502948,
          0.7121776014379833,
          0.8717117693336084,
          0.9981485363309538,
          1.0511910136189444
        ],
        [
          0.3193399458256386,
          1.9006645971513574,
          0.6009974586216369,
          0.7121776014379833,
          0.1574603281134892,
          1.2189182034216273,
          0.8824590960228501,
          1.1741429719845557
        ],
        [
          0.5364501961463111,
          1.4710877336450752,
          0.6042562431570228,
          0.8717117693336084,
          1.2189182034216273,
          1.2777561136292224,
          0.6734260544279601,
          0.4921149555691614
        ],
        [
          1.2243900284279785,
          0.24925318559645215,
          1.5952985592012403,
          0.9981485363309538,
          0.8824590960228501,
          0.6734260544279601,
          1.2635963560539183,
          0.62977224178754
        ],
        [
          1.5645712166974186,
          1.4092512966505835,
          0.8229336680662269,
          1.0511910136189444,
          1.1741429719845557,
          0.4921149555691614,
          0.62977224178754,
          0.04442330025442787
        ]
      ],
      "b_vector": [
        0.26792288648402174,
        0.37720586922636373,
        0.013821035209878216,
        0.5076828554609817,
        0.33723544393323823,
        0.23469410956004005,
        0.10688478517213608,
        0.5897174996281208
      ]
    }
  ],
  "shots": 3000,
  "backend": "sv1",
  "device_arn": "SV1",
  "aws_region": "eu-west-2",
  "ideal_preprocessing_list": [
    [
      [
        -1.9079477935294453,
        -1.2899627016386401,
        -0.43749982669921395,
        0.08442870569784146,
        0.470619495793608,
        0.6618833978285871,
        2.0733457497941914,
        7.905709190856732
      ],
      [
        0.1155051185994937,
        0.17373157221356444,
        0.040632675809069166,
        0.13064417372120501,
        0.3048115065229924,
        0.24031222425386065,
        0.18357112380945098,
        0.867985378212963
      ]
    ]
  ],
  "probability_threshold": 0,
  "k_qubits": 7,
  "preprocessing_mode": "ideal",
  "projection_mode": "all_components",
  "projection_subset": null,
  "num_solution_qubits": 3,
  "num_projections": 8,
  "projector_basis_states": [
    0,
    1,
    2,
    3,
    4,
    5,
    6,
    7
  ],
  "enhanced_projection_results": [
    {
      "problem_index": 0,
      "projection_tasks": [
        {
          "basis_state": 0,
          "task_id": "arn:aws:braket:eu-west-2:380012739362:quantum-task/f7df8cc7-325d-49a2-9b94-b7b57dfccba5",
          "shots": 3000,
          "projector_index": 0
        },
        {
          "basis_state": 1,
          "task_id": "arn:aws:braket:eu-west-2:380012739362:quantum-task/4973b348-0306-47fe-b154-c3b37a18cf11",
          "shots": 3000,
          "projector_index": 1
        },
        {
          "basis_state": 2,
          "task_id": "arn:aws:braket:eu-west-2:380012739362:quantum-task/e9269187-94f0-485c-a6d2-6b232ad9f3c5",
          "shots": 3000,
          "projector_index": 2
        },
        {
          "basis_state": 3,
          "task_id": "arn:aws:braket:eu-west-2:380012739362:quantum-task/4040d9f1-70e6-45bf-8684-c2f89ccf957c",
          "shots": 3000,
          "projector_index": 3
        },
        {
          "basis_state": 4,
          "task_id": "arn:aws:braket:eu-west-2:380012739362:quantum-task/23efb1ed-6065-4126-a286-a672b7eb9748",
          "shots": 3000,
          "projector_index": 4
        },
        {
          "basis_state": 5,
          "task_id": "arn:aws:braket:eu-west-2:380012739362:quantum-task/763ede36-7238-4077-8c91-1b4cc4d98288",
          "shots": 3000,
          "projector_index": 5
        },
        {
          "basis_state": 6,
          "task_id": "arn:aws:braket:eu-west-2:380012739362:quantum-task/ad1aebfa-d1d0-4e99-b278-03d577e8db13",
          "shots": 3000,
          "projector_index": 6
        },
        {
          "basis_state": 7,
          "task_id": "arn:aws:braket:eu-west-2:380012739362:quantum-task/a2a9f52c-3bae-48f6-a005-156b193485c7",
          "shots": 3000,
          "projector_index": 7
        }
      ],
      "depth": 4892,
      "num_projections": 8,
      "ideal_solution": [
        {
          "real": 0.38857534553982653,
          "imag": 0.0
        },
        {
          "real": -0.15827881525906837,
          "imag": 0.0
        },
        {
          "real": -0.5323726900887605,
          "imag": 0.0
        },
        {
          "real": 0.620017412750023,
          "imag": 0.0
        },
        {
          "real": -0.294651450498156,
          "imag": 0.0
        },
        {
          "real": 0.25375568649505753,
          "imag": 0.0
        },
        {
          "real": -0.060825152036295946,
          "imag": 0.0
        },
        {
          "real": 0.03469321812300623,
          "imag": 0.0
        }
      ]
    }
  ]
}