{
  "problem_list": [
    {
      "A_matrix": [
        [
          0.8453148046077645,
          0.9883941267840345,
          0.6745450745614678,
          0.7885640012015246,
          0.8540397967871128,
          0.6889426833821013,
          0.8988609616469098,
          1.389660287398232
        ],
        [
          0.9883941267840345,
          1.8724169785794222,
          0.5705600245018561,
          1.7474087891556227,
          1.3794727804226032,
          1.422916692484252,
          0.586403841886635,
          0.5121231887417003
        ],
        [
          0.6745450745614678,
          0.5705600245018561,
          1.8510773763862274,
          0.7239796060624073,
          1.44459150235663,
          1.4585329152032265,
          0.4962024016481057,
          1.1867178545329657
        ],
        [
          0.7885640012015246,
          1.7474087891556227,
          0.7239796060624073,
          1.0908865844524118,
          1.2905305039329718,
          0.794962878792754,
          0.5237877607229899,
          0.9713136949491629
        ],
        [
          0.8540397967871128,
          1.3794727804226032,
          1.44459150235663,
          1.2905305039329718,
          1.2931323190777149,
          0.8609571760785918,
          0.6768050351903684,
          0.3512207658102624
        ],
        [
          0.6889426833821013,
          1.422916692484252,
          1.4585329152032265,
          0.794962878792754,
          0.8609571760785918,
          0.04588241714622798,
          0.9917431064226301,
          0.863161092836583
        ],
        [
          0.8988609616469098,
          0.586403841886635,
          0.4962024016481057,
          0.5237877607229899,
          0.6768050351903684,
          0.9917431064226301,
          0.5832428908518879,
          0.4378357471278399
        ],
        [
          1.389660287398232,
          0.5121231887417003,
          1.1867178545329657,
          0.9713136949491629,
          0.3512207658102624,
          0.863161092836583,
          0.4378357471278399,
          0.08412985250729776
        ]
      ],
      "b_vector": [
        0.45154882120378464,
        0.15041548312836237,
        0.3280810134734407,
        0.4288475815449723,
        0.4225226231611753,
        0.5143115741134383,
        0.09899094265858407,
        0.17055930296387817
      ]
    }
  ],
  "shots": 3000,
  "backend": "sv1",
  "device_arn": "SV1",
  "aws_region": "eu-west-2",
  "ideal_preprocessing_list": [
    [
      [
        -1.4701307237611363,
        -1.2249877183832063,
        -0.2758095266592463,
        0.09935290777738766,
        0.33119157490142753,
        0.965116458672731,
        1.6635051858062673,
        7.577845065254728
      ],
      [
        0.3385404777240698,
        0.12497077675748261,
        0.02012802615595899,
        0.13317101385774543,
        0.04147120386303707,
        0.03798010268757864,
        0.10402013756570108,
        0.9152324598488405
      ]
    ]
  ],
  "probability_threshold": 0,
  "k_qubits": 7,
  "preprocessing_mode": "ideal",
  "projection_mode": "all_components",
  "projection_subset": null,
  "num_solution_qubits": 3,
  "num_projections": 8,
  "projector_basis_states": [
    0,
    1,
    2,
    3,
    4,
    5,
    6,
    7
  ],
  "enhanced_projection_results": [
    {
      "problem_index": 0,
      "projection_tasks": [
        {
          "basis_state": 0,
          "task_id": "arn:aws:braket:eu-west-2:380012739362:quantum-task/609b8e95-f40f-450f-8a85-c1730f250124",
          "status": "DONE",
          "shots": 3000,
          "created_at": "2025-12-21 12:53:44.767000+00:00",
          "ended_at": "2025-12-21 12:53:49.192000+00:00",
          "execution_time_seconds": 4.425,
          "counts": {
            "01100000000": 507,
            "01000000000": 350,
            "00000000000": 521,
            "10000000000": 365,
            "10100000000": 944,
            "00100000000": 130,
            "10100000001": 13,
            "11100000000": 86,
            "00111000001": 1,
            "11000000000": 30,
            "00100000001": 7,
            "10000000001": 14,
            "10011000000": 2,
            "10011000001": 4,
            "10110100001": 1,
            "00000000001": 9,
            "10111010001": 1,
            "10010100000": 2,
            "01000000001": 1,
            "01100000001": 1,
            "00011000001": 3,
            "00111010001": 1,
            "10010010000": 1,
            "10111000001": 2,
            "10110000000": 1,
            "11100000001": 1,
            "01110010000": 1,
            "11110010000": 1
          },
          "component_probability": 0.2033898305084746,
          "success_rate": 0.019666666666666666
        },
        {
          "basis_state": 1,
          "task_id": "arn:aws:braket:eu-west-2:380012739362:quantum-task/f43833e4-1e74-4885-9182-f8840649d2d7",
          "status": "DONE",
          "shots": 3000,
          "created_at": "2025-12-21 12:53:46.904000+00:00",
          "ended_at": "2025-12-21 12:53:50.322000+00:00",
          "execution_time_seconds": 3.418,
          "counts": {
            "10000000000": 337,
            "00000000000": 546,
            "00100000000": 123,
            "10100000000": 975,
            "01100000000": 478,
            "01000000000": 381,
            "00111000001": 1,
            "11000000000": 37,
            "11100000000": 69,
            "01110010011": 1,
            "10111000001": 2,
            "10100000001": 9,
            "01111000000": 1,
            "10000000001": 14,
            "01110100000": 1,
            "10100100000": 1,
            "10011000001": 2,
            "00100000001": 6,
            "10111010001": 1,
            "00000000001": 8,
            "00110100000": 1,
            "00100101000": 1,
            "10000100001": 1,
            "10010100000": 1,
            "10100001011": 1,
            "10010100001": 1,
            "10111000000": 1
          },
          "component_probability": 0.14893617021276595,
          "success_rate": 0.015666666666666666
        },
        {
          "basis_state": 2,
          "task_id": "arn:aws:braket:eu-west-2:380012739362:quantum-task/2c4dd190-1bcc-4d3c-b155-d6a571194db3",
          "status": "DONE",
          "shots": 3000,
          "created_at": "2025-12-21 12:53:49.078000+00:00",
          "ended_at": "2025-12-21 12:53:53.151000+00:00",
          "execution_time_seconds": 4.073,
          "counts": {
            "10100000000": 966,
            "01000000000": 365,
            "00100000000": 125,
            "10000000000": 334,
            "01100000000": 527,
            "11100000000": 90,
            "11000000000": 39,
            "00000000000": 486,
            "10111000000": 1,
            "00000000001": 8,
            "10100000001": 13,
            "10011000001": 3,
            "10000000001": 19,
            "00111001001": 1,
            "11111111000": 1,
            "10110100001": 1,
            "10001000001": 1,
            "10011000000": 3,
            "00100000001": 4,
            "10111010001": 1,
            "10101100000": 1,
            "10010010001": 1,
            "10111000001": 1,
            "00011000000": 1,
            "10011010000": 1,
            "01000000001": 1,
            "00111000000": 1,
            "10111100001": 1,
            "11100000001": 1,
            "10010100001": 1,
            "01100000001": 1,
            "00010100000": 1
          },
          "component_probability": 0.017241379310344827,
          "success_rate": 0.019333333333333334
        },
        {
          "basis_state": 3,
          "task_id": "arn:aws:braket:eu-west-2:380012739362:quantum-task/0fbcb2cd-ecdd-49eb-9b18-11514b719322",
          "status": "DONE",
          "shots": 3000,
          "created_at": "2025-12-21 12:53:51.209000+00:00",
          "ended_at": "2025-12-21 12:53:54.883000+00:00",
          "execution_time_seconds": 3.674,
          "counts": {
            "11000000000": 38,
            "01100000000": 496,
            "10100000000": 933,
            "01000000000": 368,
            "00100000000": 125,
            "00000000000": 507,
            "10000000000": 393,
            "11100000000": 92,
            "10000000001": 15,
            "00100000001": 4,
            "00111000001": 1,
            "10100000001": 11,
            "00111000000": 2,
            "10110100000": 1,
            "00011000001": 2,
            "10111000000": 1,
            "10001000000": 1,
            "00000000001": 2,
            "11100000001": 1,
            "10011000000": 1,
            "10010100000": 2,
            "01011011011": 1,
            "10110001001": 1,
            "01100000001": 1,
            "10111000001": 1
          },
          "component_probability": 0.025,
          "success_rate": 0.013333333333333334
        },
        {
          "basis_state": 4,
          "task_id": "arn:aws:braket:eu-west-2:380012739362:quantum-task/e2ad2ab3-2aab-4e80-beca-c8804c620081",
          "status": "DONE",
          "shots": 3000,
          "created_at": "2025-12-21 12:53:53.436000+00:00",
          "ended_at": "2025-12-21 12:53:56.714000+00:00",
          "execution_time_seconds": 3.278,
          "counts": {
            "10100000000": 968,
            "00000000000": 531,
            "01000000000": 365,
            "11000000000": 36,
            "10000000000": 358,
            "11100000000": 101,
            "00100000000": 124,
            "01100000000": 446,
            "10000000001": 25,
            "10111100001": 1,
            "10111000001": 2,
            "00100000001": 5,
            "10011000001": 2,
            "10100000001": 14,
            "00000000001": 7,
            "01111000001": 1,
            "10111000000": 2,
            "10011000000": 4,
            "01000000001": 1,
            "11100000001": 1,
            "01100000001": 1,
            "00111000000": 1,
            "11111111001": 1,
            "10000100001": 1,
            "10010000000": 1,
            "00111000001": 1
          },
          "component_probability": 0.4444444444444444,
          "success_rate": 0.021
        },
        {
          "basis_state": 5,
          "task_id": "arn:aws:braket:eu-west-2:380012739362:quantum-task/9e648ca5-422c-4654-b4bd-c4ee1cc2c773",
          "status": "DONE",
          "shots": 3000,
          "created_at": "2025-12-21 12:53:55.533000+00:00",
          "ended_at": "2025-12-21 12:53:58.966000+00:00",
          "execution_time_seconds": 3.433,
          "counts": {
            "10100000000": 945,
            "01100000000": 507,
            "00100000000": 104,
            "00000000000": 524,
            "01000000000": 393,
            "10000000000": 343,
            "11000000000": 37,
            "11100000000": 86,
            "00100000001": 4,
            "10100000001": 12,
            "11100000001": 2,
            "10000000001": 16,
            "10101100000": 1,
            "10101000001": 1,
            "10011000000": 3,
            "10111000001": 3,
            "00000000001": 4,
            "01100000001": 5,
            "11001111111": 1,
            "10111011001": 1,
            "00110011011": 1,
            "10011000001": 2,
            "00010100001": 1,
            "00111000000": 1,
            "10010000001": 1,
            "10110010000": 1,
            "10111000000": 1
          },
          "component_probability": 0.3148148148148148,
          "success_rate": 0.018
        },
        {
          "basis_state": 6,
          "task_id": "arn:aws:braket:eu-west-2:380012739362:quantum-task/57e2a681-4a03-4a9e-9c4e-c618a4cd1c1a",
          "status": "DONE",
          "shots": 3000,
          "created_at": "2025-12-21 12:53:57.670000+00:00",
          "ended_at": "2025-12-21 12:54:01.494000+00:00",
          "execution_time_seconds": 3.824,
          "counts": {
            "10000000000": 362,
            "00000000000": 521,
            "10100000000": 991,
            "01100000000": 472,
            "01000000000": 373,
            "00100000000": 110,
            "11100000000": 83,
            "11000000000": 31,
            "00000000001": 6,
            "10100000001": 9,
            "00111000001": 2,
            "10000000001": 12,
            "10101001010": 1,
            "01011000001": 1,
            "01111000000": 2,
            "10011000001": 5,
            "10100001011": 1,
            "10000100000": 1,
            "10001000001": 1,
            "00111000000": 1,
            "00001111100": 1,
            "01100000001": 4,
            "10011000000": 2,
            "00011000001": 1,
            "00110100001": 1,
            "00100000001": 3,
            "10101111100": 1,
            "10010100000": 1,
            "00011000000": 1
          },
          "component_probability": 0.0,
          "success_rate": 0.015333333333333332
        },
        {
          "basis_state": 7,
          "task_id": "arn:aws:braket:eu-west-2:380012739362:quantum-task/dd0ba3bd-98c6-4f48-b96a-55814de3f64c",
          "status": "DONE",
          "shots": 3000,
          "created_at": "2025-12-21 12:53:59.910000+00:00",
          "ended_at": "2025-12-21 12:54:03.221000+00:00",
          "execution_time_seconds": 3.311,
          "counts": {
            "00000000000": 533,
            "01100000000": 528,
            "10100000000": 937,
            "10000000000": 348,
            "00100000000": 121,
            "01000000000": 361,
            "10100000001": 14,
            "11100000000": 90,
            "10000000001": 17,
            "10011000000": 1,
            "00000000001": 3,
            "11000000000": 24,
            "11100010001": 1,
            "10111000001": 1,
            "00100000001": 4,
            "00111000001": 1,
            "01010100000": 1,
            "10110100000": 1,
            "01110010001": 1,
            "00011000001": 1,
            "00111000000": 1,
            "10011000001": 2,
            "11111111001": 1,
            "10110000001": 1,
            "10111000000": 2,
            "01100000001": 1,
            "10010100001": 2,
            "00110010001": 1,
            "00011110001": 1
          },
          "component_probability": 0.038461538461538464,
          "success_rate": 0.017333333333333333
        }
      ],
      "depth": 4884,
      "num_projections": 8,
      "ideal_solution": [
        {
          "real": 0.36186720082326995,
          "imag": 0.0
        },
        {
          "real": -0.3112304855494256,
          "imag": 0.0
        },
        {
          "real": -0.08008761070089883,
          "imag": 0.0
        },
        {
          "real": 0.16177881891629942,
          "imag": 0.0
        },
        {
          "real": 0.6366132445161995,
          "imag": 0.0
        },
        {
          "real": -0.562518636233406,
          "imag": 0.0
        },
        {
          "real": -0.0676876589575652,
          "imag": 0.0
        },
        {
          "real": 0.11539516374952385,
          "imag": 0.0
        }
      ],
      "reconstructed_solution_probabilities": [
        0.17058781115475843,
        0.1249162517853107,
        0.014460748359383258,
        0.020968085121105727,
        0.3727659577085462,
        0.2640425533768869,
        0.0,
        0.03225859249400881
      ],
      "fidelity": 0.9820291219154772,
      "metadata": {
        "measured_components": [
          0,
          1,
          2,
          3,
          4,
          5,
          6,
          7
        ],
        "success_rates": [
          0.019666666666666666,
          0.015666666666666666,
          0.019333333333333334,
          0.013333333333333334,
          0.021,
          0.018,
          0.015333333333333332,
          0.017333333333333333
        ],
        "raw_probabilities": [
          0.2033898305084746,
          0.14893617021276595,
          0.017241379310344827,
          0.025,
          0.4444444444444444,
          0.3148148148148148,
          0.0,
          0.038461538461538464
        ],
        "average_success_rate": 0.017458333333333333,
        "total_probability": 1.192288177752383
      },
      "total_problem_time_seconds": 18.454,
      "first_created_at": "2025-12-21 12:53:44.767000+00:00",
      "last_ended_at": "2025-12-21 12:54:03.221000+00:00"
    }
  ]
}