{
  "problem_list": [
    {
      "A_matrix": [
        [
          0.3089764942238562,
          0.11579580908806197,
          1.037876639179037,
          1.0632304679783093,
          0.690993641044766,
          0.2027492881048949,
          1.3851237855474485,
          1.2750085580118786,
          1.5551026894502176,
          0.7760183992233279,
          0.9479536008143001,
          0.19597380079961657,
          1.1258621837254124,
          1.532702944632253,
          1.676350649252056,
          1.8204721940530089
        ],
        [
          0.11579580908806197,
          0.1642258575164699,
          0.9248774652998895,
          1.474603654862178,
          1.2782283949224686,
          0.3914451591076492,
          0.9939142611482668,
          0.7767861258772917,
          0.6804983490000018,
          0.20273341505762588,
          1.7192379221613945,
          0.4389887351856706,
          0.9370810256802449,
          0.6968020889253786,
          1.3025376921199139,
          0.8424759770550557
        ],
        [
          1.037876639179037,
          0.9248774652998895,
          1.816774807980508,
          1.260234851958227,
          0.9432020810085054,
          1.5130662173553862,
          0.9258802134347927,
          1.7563276179589375,
          1.4223876443065464,
          1.0633066444976194,
          0.9232934527138259,
          0.7168407681961536,
          1.2282296857298847,
          1.2432541735508642,
          1.9176502954225751,
          1.5064258626747318
        ],
        [
          1.0632304679783093,
          1.474603654862178,
          1.260234851958227,
          1.8672312600235088,
          0.9353599269752128,
          0.7790967736300605,
          1.3235894406253799,
          0.5981850977440046,
          0.8624266581059562,
          1.047478597301292,
          0.8198186896038475,
          0.662329517679368,
          0.685988519581488,
          0.3411092674159786,
          1.0769443989092078,
          0.2875916987939713
        ],
        [
          0.690993641044766,
          1.2782283949224686,
          0.9432020810085054,
          0.9353599269752128,
          1.133319356557891,
          1.4378117789373062,
          1.8325155451621353,
          1.3876822884867863,
          0.9261149055111391,
          0.8788947867959321,
          0.5970812386189387,
          1.407659182346284,
          0.7329346103875767,
          0.9103106143278769,
          0.5331581728945478,
          0.37666534717530364
        ],
        [
          0.2027492881048949,
          0.3914451591076492,
          1.5130662173553862,
          0.7790967736300605,
          1.4378117789373062,
          0.21399093558797966,
          0.12154445939780234,
          0.8259607609940008,
          1.1714495899837256,
          1.8641237764212921,
          0.8414009635368456,
          0.8237379258994803,
          0.3046022472383454,
          0.7169376590756859,
          0.8538795614956333,
          0.34091719197886816
        ],
        [
          1.3851237855474485,
          0.9939142611482668,
          0.9258802134347927,
          1.3235894406253799,
          1.8325155451621353,
          0.12154445939780234,
          0.9775620705884303,
          0.7801330374602742,
          0.44250007532426927,
          1.3165924485705696,
          1.3453735587724367,
          1.0931014741726237,
          0.3343267614775418,
          1.2689967945102376,
          1.7275715582298212,
          0.4315407022272978
        ],
        [
          1.2750085580118786,
          0.7767861258772917,
          1.7563276179589375,
          0.5981850977440046,
          1.3876822884867863,
          0.8259607609940008,
          0.7801330374602742,
          1.8318434204543828,
          1.9048688601143162,
          0.9154934676880727,
          1.580000517095423,
          1.8604794257021608,
          0.8241973918765042,
          1.5969009560895304,
          0.3287884143414923,
          1.2938063240926971
        ],
        [
          1.5551026894502176,
          0.6804983490000018,
          1.4223876443065464,
          0.8624266581059562,
          0.9261149055111391,
          1.1714495899837256,
          0.44250007532426927,
          1.9048688601143162,
          1.2852267007423448,
          1.2352290257541716,
          0.7313805068157805,
          1.0262963369428477,
          0.2771837143322743,
          1.119827128291158,
          0.9950752559635655,
          1.2153107940330743
        ],
        [
          0.7760183992233279,
          0.20273341505762588,
          1.0633066444976194,
          1.047478597301292,
          0.8788947867959321,
          1.8641237764212921,
          1.3165924485705696,
          0.9154934676880727,
          1.2352290257541716,
          0.7405020442182761,
          1.174020886374978,
          0.6356930828097306,
          0.5817875075957847,
          0.922503881148868,
          0.9607154477250586,
          0.7419968250549572
        ],
        [
          0.9479536008143001,
          1.7192379221613945,
          0.9232934527138259,
          0.8198186896038475,
          0.5970812386189387,
          0.8414009635368456,
          1.3453735587724367,
          1.580000517095423,
          0.7313805068157805,
          1.174020886374978,
          0.22982587699613277,
          1.105256982276416,
          1.0936977198688327,
          0.43878465201229855,
          0.867152818240789,
          0.9506127051933865
        ],
        [
          0.19597380079961657,
          0.4389887351856706,
          0.7168407681961536,
          0.662329517679368,
          1.407659182346284,
          0.8237379258994803,
          1.0931014741726237,
          1.8604794257021608,
          1.0262963369428477,
          0.6356930828097306,
          1.105256982276416,
          0.8791825868379868,
          1.5386691808434443,
          0.8582491274914176,
          0.9269603056367923,
          1.2908720498753055
        ],
        [
          1.1258621837254124,
          0.9370810256802449,
          1.2282296857298847,
          0.685988519581488,
          0.7329346103875767,
          0.3046022472383454,
          0.3343267614775418,
          0.8241973918765042,
          0.2771837143322743,
          0.5817875075957847,
          1.0936977198688327,
          1.5386691808434443,
          0.44848162977816464,
          1.0419050706459738,
          1.1341034419026457,
          1.3630141296277034
        ],
        [
          1.532702944632253,
          0.6968020889253786,
          1.2432541735508642,
          0.3411092674159786,
          0.9103106143278769,
          0.7169376590756859,
          1.2689967945102376,
          1.5969009560895304,
          1.119827128291158,
          0.922503881148868,
          0.43878465201229855,
          0.8582491274914176,
          1.0419050706459738,
          0.522715378227214,
          0.9490693859947562,
          0.8439260417391994
        ],
        [
          1.676350649252056,
          1.3025376921199139,
          1.9176502954225751,
          1.0769443989092078,
          0.5331581728945478,
          0.8538795614956333,
          1.7275715582298212,
          0.3287884143414923,
          0.9950752559635655,
          0.9607154477250586,
          0.867152818240789,
          0.9269603056367923,
          1.1341034419026457,
          0.9490693859947562,
          1.173335310060911,
          1.2884478325252102
        ],
        [
          1.8204721940530089,
          0.8424759770550557,
          1.5064258626747318,
          0.2875916987939713,
          0.37666534717530364,
          0.34091719197886816,
          0.4315407022272978,
          1.2938063240926971,
          1.2153107940330743,
          0.7419968250549572,
          0.9506127051933865,
          1.2908720498753055,
          1.3630141296277034,
          0.8439260417391994,
          1.2884478325252102,
          1.1397690857977947
        ]
      ],
      "b_vector": [
        0.4292311130749987,
        0.15292493595424447,
        0.34626717377435856,
        0.1947400729810877,
        0.21046342304475743,
        0.46052093496431035,
        0.4842655089927236,
        0.2821706328923292,
        0.07429798779866463,
        0.08543702935912216,
        0.15678196489327179,
        0.005265434920311034,
        0.14195187840328813,
        0.017187350926830575,
        0.06127532591271717,
        0.049130824838562626
      ]
    }
  ],
  "shots": 3000,
  "backend": "sv1",
  "device_arn": "SV1",
  "aws_region": "eu-west-2",
  "ideal_preprocessing_list": [
    [
      [
        -2.9419275143646133,
        -2.613644507697752,
        -1.7471697728509894,
        -1.4116800473729432,
        -1.1690265714056678,
        -0.5767971608170753,
        -0.3606746915363406,
        -0.09650176519003488,
        0.13093568382922702,
        0.4116844758247156,
        0.8371060449238885,
        1.1834314869761995,
        1.8347984217265918,
        2.3584716188734927,
        2.8241167105331586,
        16.06984040413998
      ],
      [
        0.23156840500433998,
        0.2956612291247237,
        0.1954997334483234,
        0.08750465108993805,
        0.22642204884243378,
        0.22255081100746238,
        0.014682798682848275,
        0.09704215573965959,
        0.09915226672220444,
        0.10158941552076023,
        0.0023539211610319258,
        0.09938989771011439,
        0.10144990804268321,
        0.08613191891538816,
        0.1808019549886657,
        0.7888086695304004
      ]
    ]
  ],
  "probability_threshold": 0,
  "k_qubits": 7,
  "preprocessing_mode": "ideal",
  "projection_mode": "all_components",
  "projection_subset": null,
  "num_solution_qubits": 4,
  "num_projections": 16,
  "projector_basis_states": [
    0,
    1,
    2,
    3,
    4,
    5,
    6,
    7,
    8,
    9,
    10,
    11,
    12,
    13,
    14,
    15
  ],
  "enhanced_projection_results": [
    {
      "problem_index": 0,
      "projection_tasks": [
        {
          "basis_state": 0,
          "task_id": "arn:aws:braket:eu-west-2:380012739362:quantum-task/73f261e6-2904-49f9-84f4-a1dae3ce66a9",
          "status": "DONE",
          "shots": 3000,
          "created_at": "2025-12-21 13:04:00.777000+00:00",
          "ended_at": "2025-12-21 13:04:10.454000+00:00",
          "execution_time_seconds": 9.677,
          "counts": {
            "011000000000": 703,
            "010100000000": 698,
            "001100000000": 100,
            "000000000000": 525,
            "011100000000": 196,
            "010000000000": 161,
            "001100000001": 4,
            "001000000000": 343,
            "110000000000": 47,
            "100100000000": 14,
            "000100000000": 76,
            "110000000001": 4,
            "111000000000": 19,
            "000100000001": 4,
            "111100000000": 7,
            "111000000001": 3,
            "101000000000": 47,
            "100000000000": 27,
            "100000000001": 3,
            "010010000001": 1,
            "110001011000": 1,
            "010011100001": 2,
            "100101000001": 1,
            "000010000001": 1,
            "001011111000": 1,
            "100001000001": 1,
            "011101000001": 1,
            "010001000001": 2,
            "110110000001": 2,
            "101101000001": 1,
            "010011000000": 1,
            "100001000000": 1,
            "111110100000": 1,
            "111110000000": 1,
            "100000100001": 1
          },
          "component_probability": 0.03225806451612903,
          "success_rate": 0.010333333333333333
        },
        {
          "basis_state": 1,
          "task_id": "arn:aws:braket:eu-west-2:380012739362:quantum-task/4583fb35-798c-4efc-935e-19874ff957ee",
          "status": "DONE",
          "shots": 3000,
          "created_at": "2025-12-21 13:04:05.438000+00:00",
          "ended_at": "2025-12-21 13:04:14.901000+00:00",
          "execution_time_seconds": 9.463,
          "counts": {
            "001000000000": 327,
            "000100000000": 80,
            "000000000000": 558,
            "011000000000": 681,
            "010100000000": 638,
            "110000000000": 52,
            "001100000000": 109,
            "110000000001": 3,
            "010000000000": 146,
            "011100000000": 207,
            "000100000001": 12,
            "111100000000": 12,
            "111000000000": 26,
            "101100000000": 1,
            "101000000000": 60,
            "100000000000": 24,
            "100000000001": 4,
            "000111000001": 1,
            "101010000001": 2,
            "100100000000": 17,
            "001100000001": 3,
            "110110000000": 2,
            "011110000001": 1,
            "111010110101": 1,
            "111010010001": 1,
            "100010000000": 2,
            "110111000001": 1,
            "111111000001": 1,
            "011101000001": 1,
            "111000000001": 7,
            "010010000001": 2,
            "111110000001": 2,
            "110101000000": 1,
            "110001000001": 1,
            "011011100000": 1,
            "001010000000": 1,
            "010111111010": 1,
            "110001010101": 1,
            "111111100000": 1,
            "110111100000": 1,
            "100100000001": 1,
            "010111111100": 1,
            "001000110001": 1,
            "010001000001": 1,
            "111111101001": 1,
            "101100000001": 1,
            "110010000000": 1,
            "001000000001": 1
          },
          "component_probability": 0.26,
          "success_rate": 0.016666666666666666
        },
        {
          "basis_state": 2,
          "task_id": "arn:aws:braket:eu-west-2:380012739362:quantum-task/49391290-f483-4b6a-984b-c4362a6d7dfc",
          "status": "DONE",
          "shots": 3000,
          "created_at": "2025-12-21 13:04:10.539000+00:00",
          "ended_at": "2025-12-21 13:04:19.864000+00:00",
          "execution_time_seconds": 9.325,
          "counts": {
            "001000000000": 305,
            "001100000000": 103,
            "010100000000": 660,
            "011100000000": 209,
            "000000000000": 527,
            "011000000000": 717,
            "101000000000": 66,
            "111000000000": 21,
            "000100000000": 80,
            "110000000000": 44,
            "100000000000": 43,
            "010000000000": 159,
            "110000000001": 3,
            "100100000000": 17,
            "111100000000": 9,
            "001100000001": 2,
            "010011000001": 2,
            "000110000000": 1,
            "010001000001": 1,
            "100110000000": 2,
            "000100000001": 6,
            "101100000001": 3,
            "101100000000": 3,
            "110110000000": 1,
            "111100110001": 1,
            "110010111001": 1,
            "111010000000": 1,
            "100001000001": 1,
            "100010000000": 1,
            "111000000001": 1,
            "111111100001": 1,
            "100000000001": 2,
            "001111001001": 1,
            "100100000001": 1,
            "100011000000": 1,
            "100010100001": 1,
            "110101001000": 1,
            "010010000001": 1,
            "110010000000": 1
          },
          "component_probability": 0.0,
          "success_rate": 0.009333333333333334
        },
        {
          "basis_state": 3,
          "task_id": "arn:aws:braket:eu-west-2:380012739362:quantum-task/edf867f9-d153-4673-94c7-225f95a83ddf",
          "status": "DONE",
          "shots": 3000,
          "created_at": "2025-12-21 13:04:15.290000+00:00",
          "ended_at": "2025-12-21 13:04:22.922000+00:00",
          "execution_time_seconds": 7.632,
          "counts": {
            "011000000000": 664,
            "000000000000": 590,
            "101000000000": 55,
            "010100000000": 672,
            "011100000000": 195,
            "001100000001": 6,
            "010000000000": 155,
            "001000000000": 309,
            "000100000000": 73,
            "010011000000": 1,
            "100100000000": 18,
            "001100000000": 106,
            "001110000000": 1,
            "100000000000": 39,
            "110000000000": 60,
            "111000000000": 14,
            "100000000001": 3,
            "011110000001": 1,
            "111000000001": 9,
            "111100000000": 8,
            "011001011100": 1,
            "100001000001": 1,
            "100110100001": 1,
            "110110110001": 1,
            "010011000001": 1,
            "000000000001": 2,
            "100101000001": 1,
            "111111100001": 1,
            "111010100000": 1,
            "111010000000": 1,
            "110000000001": 1,
            "000110000000": 1,
            "101100000000": 1,
            "110010010001": 1,
            "110110000001": 2,
            "010000100001": 1,
            "100110000000": 1,
            "010010000000": 1,
            "101000000001": 1
          },
          "component_probability": 0.18181818181818182,
          "success_rate": 0.011
        },
        {
          "basis_state": 4,
          "task_id": "arn:aws:braket:eu-west-2:380012739362:quantum-task/a3b956ff-aadd-4d5b-88ad-9a271684d834",
          "status": "DONE",
          "shots": 3000,
          "created_at": "2025-12-21 13:04:20.361000+00:00",
          "ended_at": "2025-12-21 13:04:30.240000+00:00",
          "execution_time_seconds": 9.879,
          "counts": {
            "010100000000": 665,
            "101000000000": 70,
            "001100000001": 4,
            "001000000000": 307,
            "000000000000": 564,
            "010010000001": 3,
            "011100000000": 202,
            "011000000000": 679,
            "010000000000": 143,
            "110000000000": 56,
            "100000000000": 32,
            "000100000000": 69,
            "001100000000": 114,
            "000100000001": 5,
            "111000000000": 21,
            "101100000000": 3,
            "111100000000": 17,
            "110110000000": 1,
            "100100000000": 13,
            "110000000001": 6,
            "100010000000": 3,
            "010101000000": 1,
            "111000000001": 1,
            "010001000001": 1,
            "100000000001": 2,
            "110101011000": 1,
            "111111110001": 1,
            "010011000000": 1,
            "111110000001": 1,
            "010000100001": 1,
            "110001110000": 1,
            "101000000001": 1,
            "011110000000": 1,
            "000011001101": 1,
            "101010000001": 1,
            "011110000001": 1,
            "111101100000": 1,
            "110110000001": 1,
            "010011000001": 1,
            "111110000000": 1,
            "110101000001": 1,
            "011001110000": 1,
            "110100010001": 1
          },
          "component_probability": 0.18181818181818182,
          "success_rate": 0.011
        },
        {
          "basis_state": 5,
          "task_id": "arn:aws:braket:eu-west-2:380012739362:quantum-task/c12aed0f-bb1b-452d-aedc-660f809b0943",
          "status": "DONE",
          "shots": 3000,
          "created_at": "2025-12-21 13:04:25.333000+00:00",
          "ended_at": "2025-12-21 13:04:31.819000+00:00",
          "execution_time_seconds": 6.486,
          "counts": {
            "011100000000": 224,
            "001000000000": 314,
            "011000000000": 673,
            "010100000000": 645,
            "100000000000": 37,
            "101000000000": 70,
            "000000000000": 521,
            "110000000000": 59,
            "100000000001": 2,
            "001100000000": 112,
            "010000000000": 178,
            "000100000000": 81,
            "111000000000": 26,
            "100100000000": 17,
            "010010000000": 1,
            "001100000001": 3,
            "100100001010": 1,
            "000100000001": 5,
            "100010000000": 1,
            "100010100001": 1,
            "110010101001": 1,
            "110010000000": 1,
            "000000000001": 1,
            "100101100001": 1,
            "111100000000": 8,
            "100011010000": 1,
            "101100000000": 1,
            "111000000001": 4,
            "000110000000": 1,
            "110110000000": 1,
            "111011110000": 1,
            "101001000001": 1,
            "110111011001": 1,
            "111111000000": 1,
            "110000000001": 1,
            "110100100001": 1,
            "111011000001": 1,
            "110111010001": 1,
            "100110000000": 1
          },
          "component_probability": 0.0,
          "success_rate": 0.008
        },
        {
          "basis_state": 6,
          "task_id": "arn:aws:braket:eu-west-2:380012739362:quantum-task/4d0bfab1-744d-493e-8129-c1954687fcd9",
          "status": "DONE",
          "shots": 3000,
          "created_at": "2025-12-21 13:04:30.635000+00:00",
          "ended_at": "2025-12-21 13:04:40.915000+00:00",
          "execution_time_seconds": 10.28,
          "counts": {
            "011000000000": 642,
            "010100000000": 691,
            "111000000000": 25,
            "000000000000": 537,
            "000100000000": 62,
            "101000000000": 65,
            "000100000001": 11,
            "011100000000": 218,
            "001000000000": 340,
            "110000000000": 64,
            "111100000000": 9,
            "010000000000": 144,
            "100100000000": 19,
            "001100000000": 96,
            "100000000000": 39,
            "110111110001": 1,
            "100000000001": 4,
            "111011100000": 1,
            "100011000001": 1,
            "111011010000": 1,
            "011110000001": 1,
            "010001000001": 1,
            "100010100001": 1,
            "101100000000": 3,
            "001100000001": 4,
            "110010000000": 1,
            "110110000001": 1,
            "111100000001": 1,
            "111011000001": 1,
            "101000000001": 1,
            "111111000000": 1,
            "000000000001": 2,
            "110110000000": 1,
            "100100000001": 2,
            "001000100000": 1,
            "010010000000": 1,
            "111000000001": 2,
            "111001000001": 1,
            "110000000001": 2,
            "100011100000": 1,
            "011010110001": 1
          },
          "component_probability": 0.02631578947368421,
          "success_rate": 0.012666666666666666
        },
        {
          "basis_state": 7,
          "task_id": "arn:aws:braket:eu-west-2:380012739362:quantum-task/e3285b88-e7c1-4080-b3e1-efc47c39ab52",
          "status": "DONE",
          "shots": 3000,
          "created_at": "2025-12-21 13:04:35.499000+00:00",
          "ended_at": "2025-12-21 13:04:42.712000+00:00",
          "execution_time_seconds": 7.213,
          "counts": {
            "011000000000": 708,
            "011100000000": 186,
            "101000000000": 58,
            "100000000000": 37,
            "010100000000": 658,
            "101100101001": 1,
            "001000000000": 301,
            "000000000000": 578,
            "001100000000": 92,
            "100100000000": 15,
            "110000000000": 45,
            "000100000000": 74,
            "111100000000": 15,
            "010000000000": 165,
            "110001110111": 1,
            "111000000000": 26,
            "000100000001": 6,
            "100000000001": 5,
            "101100000000": 2,
            "011101001001": 1,
            "100100000001": 1,
            "011110000001": 1,
            "000000000001": 1,
            "100010000000": 2,
            "010011100001": 2,
            "010001000001": 1,
            "111111100001": 1,
            "101000000001": 1,
            "111110000000": 1,
            "111000000001": 3,
            "001100000001": 1,
            "000011100001": 1,
            "110000000001": 2,
            "100110100001": 1,
            "010011000001": 1,
            "000011010000": 1,
            "100001000000": 1,
            "011100100001": 1,
            "100101000001": 1,
            "011110110001": 1,
            "111010000000": 1
          },
          "component_probability": 0.11764705882352941,
          "success_rate": 0.011333333333333334
        },
        {
          "basis_state": 8,
          "task_id": "arn:aws:braket:eu-west-2:380012739362:quantum-task/9e960ea7-0a46-4d54-868c-b1ab4f483c11",
          "status": "DONE",
          "shots": 3000,
          "created_at": "2025-12-21 13:04:40.607000+00:00",
          "ended_at": "2025-12-21 13:04:48.115000+00:00",
          "execution_time_seconds": 7.508,
          "counts": {
            "010100000000": 659,
            "000100000001": 6,
            "001100000000": 105,
            "011000000000": 708,
            "111100000000": 10,
            "000000000000": 536,
            "001000000000": 337,
            "110000000000": 43,
            "100000000000": 32,
            "101000000000": 76,
            "000100000000": 70,
            "011100000000": 207,
            "010000000000": 151,
            "111000000000": 12,
            "100100000001": 2,
            "100100000000": 12,
            "001100000001": 5,
            "010010000000": 1,
            "110110000000": 1,
            "100011000001": 1,
            "100000000001": 3,
            "010001000000": 1,
            "000000010001": 1,
            "000110000000": 2,
            "101100000001": 2,
            "000000000001": 2,
            "101100110001": 1,
            "100110000100": 1,
            "110010000000": 1,
            "111100100000": 1,
            "111000000001": 1,
            "111111110001": 1,
            "110000000001": 1,
            "100010000000": 1,
            "011110000001": 1,
            "010001000001": 1,
            "101001000001": 1,
            "110100100101": 1,
            "111010000001": 1,
            "100010000001": 1,
            "011110000000": 1
          },
          "component_probability": 0.15625,
          "success_rate": 0.010666666666666666
        },
        {
          "basis_state": 9,
          "task_id": "arn:aws:braket:eu-west-2:380012739362:quantum-task/81514669-b14a-460d-bdab-e023158e23ec",
          "status": "DONE",
          "shots": 3000,
          "created_at": "2025-12-21 13:04:45.778000+00:00",
          "ended_at": "2025-12-21 13:04:52.655000+00:00",
          "execution_time_seconds": 6.877,
          "counts": {
            "010100000000": 649,
            "011000000000": 683,
            "000100000000": 74,
            "000000000000": 563,
            "011100000000": 210,
            "001000000000": 326,
            "010000000000": 137,
            "110110000000": 2,
            "001100000000": 120,
            "110000000000": 54,
            "100100000000": 13,
            "110000000001": 5,
            "101000000000": 66,
            "111100000000": 10,
            "111000000000": 20,
            "111110000000": 1,
            "100000000000": 25,
            "100000000001": 5,
            "010010000001": 1,
            "110011000001": 1,
            "100010000001": 2,
            "100111100001": 1,
            "000100000001": 8,
            "000111000001": 1,
            "111000000001": 5,
            "001100000001": 4,
            "111111100001": 1,
            "111010000000": 1,
            "000000000001": 4,
            "101000000001": 1,
            "100001000000": 1,
            "110010000000": 1,
            "111100000001": 1,
            "100010100000": 1,
            "100010000000": 1,
            "100110000001": 1,
            "101111000000": 1
          },
          "component_probability": 0.04878048780487805,
          "success_rate": 0.013666666666666667
        },
        {
          "basis_state": 10,
          "task_id": "arn:aws:braket:eu-west-2:380012739362:quantum-task/2890b7eb-5b9d-4e72-b978-9b1a5169bb2f",
          "status": "DONE",
          "shots": 3000,
          "created_at": "2025-12-21 13:04:50.764000+00:00",
          "ended_at": "2025-12-21 13:05:00.188000+00:00",
          "execution_time_seconds": 9.424,
          "counts": {
            "000000000000": 522,
            "001000000000": 342,
            "001100000000": 98,
            "011000000000": 691,
            "111000000000": 17,
            "010100000000": 655,
            "011100000000": 231,
            "000100000000": 89,
            "010000000000": 139,
            "000100000001": 6,
            "101100000001": 5,
            "111110100001": 1,
            "101000000000": 57,
            "001100000001": 5,
            "100100000000": 13,
            "100100000001": 1,
            "111000000001": 3,
            "110000000000": 54,
            "111100000000": 8,
            "101100000000": 2,
            "110000000001": 8,
            "110101001000": 1,
            "100000000001": 4,
            "100000000000": 28,
            "111010000001": 1,
            "011011110001": 1,
            "110110000001": 1,
            "010001100000": 1,
            "111100100001": 1,
            "101010000001": 1,
            "000000000001": 1,
            "101101000001": 1,
            "100010000000": 1,
            "111111100001": 1,
            "111100100000": 2,
            "001110000000": 1,
            "100101000001": 1,
            "010001000001": 1,
            "100010000001": 1,
            "000001011011": 1,
            "110000100001": 1,
            "010000000001": 1,
            "001000000001": 1
          },
          "component_probability": 0.020833333333333332,
          "success_rate": 0.016
        },
        {
          "basis_state": 11,
          "task_id": "arn:aws:braket:eu-west-2:380012739362:quantum-task/b0fda589-5dc8-4c1e-b46f-8b97d70ef89e",
          "status": "DONE",
          "shots": 3000,
          "created_at": "2025-12-21 13:04:55.446000+00:00",
          "ended_at": "2025-12-21 13:05:03.109000+00:00",
          "execution_time_seconds": 7.663,
          "counts": {
            "101000000000": 68,
            "110000000000": 57,
            "010100000000": 606,
            "000000000000": 560,
            "011000000000": 673,
            "010000000000": 170,
            "011100000000": 211,
            "001000000000": 344,
            "001100000000": 103,
            "000100000000": 78,
            "100000000000": 36,
            "100100000000": 20,
            "001100000001": 5,
            "100100000001": 2,
            "111100000000": 18,
            "101010001001": 1,
            "100010000000": 2,
            "110110000000": 1,
            "000000000001": 2,
            "110000000001": 5,
            "111110000001": 1,
            "111000000000": 18,
            "100010100000": 1,
            "000100000001": 7,
            "010010000001": 1,
            "110010000000": 1,
            "100000000001": 2,
            "100011000001": 1,
            "110101100000": 1,
            "100001000001": 1,
            "010000100001": 1,
            "101100000001": 1,
            "100110000000": 1,
            "000010000001": 1
          },
          "component_probability": 0.03225806451612903,
          "success_rate": 0.010333333333333333
        },
        {
          "basis_state": 12,
          "task_id": "arn:aws:braket:eu-west-2:380012739362:quantum-task/8f093741-a2f5-4feb-8883-8f265f4936f1",
          "status": "DONE",
          "shots": 3000,
          "created_at": "2025-12-21 13:05:01.008000+00:00",
          "ended_at": "2025-12-21 13:05:09.129000+00:00",
          "execution_time_seconds": 8.121,
          "counts": {
            "011000000000": 682,
            "010100000000": 627,
            "101000000000": 64,
            "001000000000": 323,
            "011100000000": 213,
            "000000000000": 541,
            "001100000000": 115,
            "010000000000": 163,
            "010000100001": 1,
            "000100000000": 70,
            "111000000000": 22,
            "100100000000": 23,
            "100000000000": 38,
            "000100000001": 8,
            "110000000000": 63,
            "011110000001": 1,
            "111100000000": 8,
            "101010000001": 1,
            "010010000001": 1,
            "111110111001": 1,
            "010011100001": 1,
            "010010000000": 1,
            "100010000000": 2,
            "010011000001": 1,
            "111000000001": 3,
            "001100000001": 7,
            "100101000001": 2,
            "100100000001": 1,
            "101001100001": 1,
            "101101000001": 1,
            "010001000001": 1,
            "111010000000": 2,
            "110110000001": 1,
            "010101010110": 1,
            "000011100001": 1,
            "110000000001": 3,
            "110010110000": 1,
            "100011000001": 1,
            "100000000001": 1,
            "000010100001": 1,
            "110101000001": 1,
            "110110000000": 1
          },
          "component_probability": 0.075,
          "success_rate": 0.013333333333333334
        },
        {
          "basis_state": 13,
          "task_id": "arn:aws:braket:eu-west-2:380012739362:quantum-task/626b97e0-dccd-4ac0-a70e-7ec4be5364a1",
          "status": "DONE",
          "shots": 3000,
          "created_at": "2025-12-21 13:05:06.522000+00:00",
          "ended_at": "2025-12-21 13:05:15.822000+00:00",
          "execution_time_seconds": 9.3,
          "counts": {
            "001100000000": 115,
            "011000000000": 669,
            "010100000000": 652,
            "001000000000": 351,
            "000000000000": 519,
            "110111000001": 1,
            "111100000000": 7,
            "011100000000": 225,
            "100000000000": 36,
            "000100000001": 7,
            "010000000000": 138,
            "110010000000": 3,
            "000100000000": 73,
            "100100000000": 19,
            "101100000001": 3,
            "110000000000": 53,
            "110110000000": 2,
            "110000000001": 5,
            "010010000000": 1,
            "101000000000": 82,
            "010010110001": 1,
            "111000000000": 9,
            "000000000001": 1,
            "001100000001": 3,
            "101010000001": 1,
            "100100010001": 1,
            "111100011101": 1,
            "100000000001": 4,
            "100011000001": 1,
            "111000000001": 1,
            "001001000000": 1,
            "100010100000": 1,
            "111111110000": 1,
            "100010000001": 1,
            "011110000001": 1,
            "110110000001": 2,
            "101100110000": 1,
            "011111000001": 1,
            "010010000001": 1,
            "000110111001": 1,
            "001000100000": 1,
            "101001100000": 1,
            "101001000001": 1,
            "010011010001": 1,
            "010001000001": 1
          },
          "component_probability": 0.075,
          "success_rate": 0.013333333333333334
        },
        {
          "basis_state": 14,
          "task_id": "arn:aws:braket:eu-west-2:380012739362:quantum-task/951c9110-7281-48d1-a5fe-1782fb7319c6",
          "status": "DONE",
          "shots": 3000,
          "created_at": "2025-12-21 13:05:12.206000+00:00",
          "ended_at": "2025-12-21 13:05:18.653000+00:00",
          "execution_time_seconds": 6.447,
          "counts": {
            "011000000000": 693,
            "000000000000": 548,
            "001000000000": 325,
            "000100000000": 71,
            "010100000000": 650,
            "010000000000": 164,
            "011100000000": 205,
            "001100000000": 100,
            "110000000000": 53,
            "101000000000": 61,
            "100000000000": 35,
            "111111100001": 1,
            "111100000000": 19,
            "100010000000": 1,
            "000100000001": 9,
            "111000000001": 6,
            "111000000000": 18,
            "100100000000": 10,
            "111010000000": 2,
            "110101100000": 1,
            "110110000000": 1,
            "001001010001": 1,
            "001100000001": 4,
            "110000000001": 6,
            "111101100000": 1,
            "111100100000": 1,
            "100110100000": 1,
            "100000000001": 2,
            "110100000001": 1,
            "100010000001": 1,
            "101100000001": 1,
            "100011000001": 1,
            "111110000000": 1,
            "010001000001": 1,
            "000000000001": 1,
            "100110100001": 1,
            "101011001000": 1,
            "110111100001": 1,
            "001001110100": 1
          },
          "component_probability": 0.16216216216216217,
          "success_rate": 0.012333333333333333
        },
        {
          "basis_state": 15,
          "task_id": "arn:aws:braket:eu-west-2:380012739362:quantum-task/2a3d4a66-9d16-47b9-839b-5b2532df7f67",
          "status": "DONE",
          "shots": 3000,
          "created_at": "2025-12-21 13:05:17.388000+00:00",
          "ended_at": "2025-12-21 13:05:26.981000+00:00",
          "execution_time_seconds": 9.593,
          "counts": {
            "010100000000": 655,
            "011000000000": 690,
            "110000000000": 51,
            "100000000000": 38,
            "011100000000": 203,
            "000000000000": 525,
            "010000000000": 153,
            "101111000000": 1,
            "001100000000": 124,
            "000100000000": 83,
            "001000000000": 323,
            "111000000000": 17,
            "101000000000": 68,
            "111000000001": 4,
            "011100001011": 1,
            "101100000001": 2,
            "010001000001": 1,
            "110000000001": 6,
            "111100000000": 18,
            "100100000000": 9,
            "100000000001": 5,
            "000100000001": 7,
            "110010000000": 1,
            "100001000001": 1,
            "111010000000": 1,
            "001100000001": 3,
            "101100000000": 2,
            "010001000000": 1,
            "100101000001": 1,
            "101101000000": 1,
            "010000100001": 1,
            "000000010001": 1,
            "110110000001": 1,
            "000000000001": 1,
            "011110000001": 1
          },
          "component_probability": 0.0,
          "success_rate": 0.012
        }
      ],
      "depth": 13321,
      "num_projections": 16,
      "ideal_solution": [
        {
          "real": -0.24377804241908912,
          "imag": 0.0
        },
        {
          "real": 0.4860494032098401,
          "imag": 0.0
        },
        {
          "real": -0.013910847375123873,
          "imag": 0.0
        },
        {
          "real": -0.400209146779738,
          "imag": 0.0
        },
        {
          "real": 0.12860344065539425,
          "imag": 0.0
        },
        {
          "real": -0.05093835075123032,
          "imag": 0.0
        },
        {
          "real": 0.042340393369783284,
          "imag": 0.0
        },
        {
          "real": -0.06740392210950694,
          "imag": 0.0
        },
        {
          "real": 0.3987233092451658,
          "imag": 0.0
        },
        {
          "real": -0.13839959259289908,
          "imag": 0.0
        },
        {
          "real": 0.15997852299894202,
          "imag": 0.0
        },
        {
          "real": -0.1324261001252011,
          "imag": 0.0
        },
        {
          "real": -0.3973244616764066,
          "imag": 0.0
        },
        {
          "real": -0.02175196689074134,
          "imag": 0.0
        },
        {
          "real": 0.3712345826326062,
          "imag": 0.0
        },
        {
          "real": -0.03283743363365696,
          "imag": 0.0
        }
      ],
      "reconstructed_solution_probabilities": [
        0.02354360382014251,
        0.18976144679034865,
        0.0,
        0.13270031244080324,
        0.13270031244080324,
        0.0,
        0.019206624169063626,
        0.08586490804993151,
        0.11403933100381529,
