{
  "problem_list": [
    {
      "A_matrix": [
        [
          1.5384847626232065,
          0.9305126046936242,
          1.4088471814558625,
          0.6819964362475192,
          0.5010270738580332,
          0.5571839119304682,
          1.0606192094627613,
          1.0566951991520468,
          0.7144503302686737,
          1.06316837247569,
          0.74802214868068,
          0.35424582356521317,
          0.4553518727427037,
          1.2571744133938296,
          1.0037063325569993,
          0.4583977070450287
        ],
        [
          0.9305126046936242,
          1.123584798279206,
          1.0674456301688697,
          0.8522887116536177,
          1.1557867141751348,
          0.9172895772162704,
          1.2149673876474494,
          1.8027384408265603,
          0.58941695238283,
          1.1469307309371652,
          1.6414708404484524,
          0.34431729747554496,
          0.7710244977787823,
          1.2662677106035714,
          0.5027816108741674,
          0.8061741591753192
        ],
        [
          1.4088471814558625,
          1.0674456301688697,
          1.111891518622622,
          1.4115787601067527,
          1.0189899995953557,
          1.1156120880955365,
          1.1269498226546864,
          0.5476063850337026,
          0.9949343600784004,
          1.2037089382668098,
          0.5604768740185708,
          0.6440528835681378,
          0.9887641014103822,
          1.031792898934473,
          0.8599137705479486,
          1.1939044801695153
        ],
        [
          0.6819964362475192,
          0.8522887116536177,
          1.4115787601067527,
          0.1746822210423402,
          1.0575675971573908,
          1.0494683826675084,
          0.32930721273604135,
          1.3494863821625325,
          0.7643330806267551,
          1.232973997146959,
          1.4649929444610492,
          1.1107956985749161,
          1.4477065074233426,
          0.8055196233272874,
          1.3281957050607462,
          1.4987721818970399
        ],
        [
          0.5010270738580332,
          1.1557867141751348,
          1.0189899995953557,
          1.0575675971573908,
          0.6217424320136757,
          1.0481071354481957,
          0.7253609774249136,
          0.8996575538871938,
          1.2022850648129229,
          1.6849701694707724,
          0.5153582212717006,
          0.6574718801457262,
          1.4938780549871364,
          1.2026605558227819,
          0.30047977014901783,
          0.5838494001887102
        ],
        [
          0.5571839119304682,
          0.9172895772162704,
          1.1156120880955365,
          1.0494683826675084,
          1.0481071354481957,
          1.2888299602197553,
          0.6561697735432584,
          1.0955157901440962,
          1.1039687532981368,
          1.1475343014663326,
          0.9632141604971765,
          1.3975211855466254,
          1.9245809628226023,
          0.9043200909070432,
          0.9418547745306469,
          1.6013452595206585
        ],
        [
          1.0606192094627613,
          1.2149673876474494,
          1.1269498226546864,
          0.32930721273604135,
          0.7253609774249136,
          0.6561697735432584,
          0.13119843295460454,
          1.0321807211328125,
          0.9439055547987193,
          0.9365298518945369,
          0.48948513877451616,
          0.8140325520272854,
          1.0063053418338237,
          0.7094135521665336,
          1.608614588858756,
          0.9165789930532205
        ],
        [
          1.0566951991520468,
          1.8027384408265603,
          0.5476063850337026,
          1.3494863821625325,
          0.8996575538871938,
          1.0955157901440962,
          1.0321807211328125,
          0.7217714998789226,
          0.6872882096747172,
          0.29466619462345256,
          0.6336362933244931,
          1.1257836869870426,
          0.9704420545234881,
          0.28430748379563453,
          1.061102891655262,
          0.7405606622106703
        ],
        [
          0.7144503302686737,
          0.58941695238283,
          0.9949343600784004,
          0.7643330806267551,
          1.2022850648129229,
          1.1039687532981368,
          0.9439055547987193,
          0.6872882096747172,
          1.8053902093896177,
          0.8889818795947901,
          0.5789662046013476,
          1.024293799467747,
          1.5496239231373072,
          0.8037317172738887,
          0.4450371629366153,
          1.2120238838270292
        ],
        [
          1.06316837247569,
          1.1469307309371652,
          1.2037089382668098,
          1.232973997146959,
          1.6849701694707724,
          1.1475343014663326,
          0.9365298518945369,
          0.29466619462345256,
          0.8889818795947901,
          0.7260700134435569,
          1.2056042857512153,
          1.0120331467708645,
          1.4437417128722965,
          1.0706043725223091,
          1.0210199037287517,
          1.1237706273687404
        ],
        [
          0.74802214868068,
          1.6414708404484524,
          0.5604768740185708,
          1.4649929444610492,
          0.5153582212717006,
          0.9632141604971765,
          0.48948513877451616,
          0.6336362933244931,
          0.5789662046013476,
          1.2056042857512153,
          1.166422922587314,
          0.8222516092192643,
          0.22651137807122335,
          0.8205265176707978,
          0.8667573475614022,
          1.6458689827716522
        ],
        [
          0.35424582356521317,
          0.34431729747554496,
          0.6440528835681378,
          1.1107956985749161,
          0.6574718801457262,
          1.3975211855466254,
          0.8140325520272854,
          1.1257836869870426,
          1.024293799467747,
          1.0120331467708645,
          0.8222516092192643,
          1.1686242349853464,
          1.9165243389630122,
          1.7777083614800193,
          1.0416062294725241,
          0.8060794061217963
        ],
        [
          0.4553518727427037,
          0.7710244977787823,
          0.9887641014103822,
          1.4477065074233426,
          1.4938780549871364,
          1.9245809628226023,
          1.0063053418338237,
          0.9704420545234881,
          1.5496239231373072,
          1.4437417128722965,
          0.22651137807122335,
          1.9165243389630122,
          1.1301587940148148,
          1.6399276680228874,
          1.1524969131906193,
          0.8485319103979835
        ],
        [
          1.2571744133938296,
          1.2662677106035714,
          1.031792898934473,
          0.8055196233272874,
          1.2026605558227819,
          0.9043200909070432,
          0.7094135521665336,
          0.28430748379563453,
          0.8037317172738887,
          1.0706043725223091,
          0.8205265176707978,
          1.7777083614800193,
          1.6399276680228874,
          1.1322303763677082,
          1.9693963830904249,
          0.8420971388591798
        ],
        [
          1.0037063325569993,
          0.5027816108741674,
          0.8599137705479486,
          1.3281957050607462,
          0.30047977014901783,
          0.9418547745306469,
          1.608614588858756,
          1.061102891655262,
          0.4450371629366153,
          1.0210199037287517,
          0.8667573475614022,
          1.0416062294725241,
          1.1524969131906193,
          1.9693963830904249,
          0.175579410632555,
          0.5188901094380776
        ],
        [
          0.4583977070450287,
          0.8061741591753192,
          1.1939044801695153,
          1.4987721818970399,
          0.5838494001887102,
          1.6013452595206585,
          0.9165789930532205,
          0.7405606622106703,
          1.2120238838270292,
          1.1237706273687404,
          1.6458689827716522,
          0.8060794061217963,
          0.8485319103979835,
          0.8420971388591798,
          0.5188901094380776,
          0.5828894081631895
        ]
      ],
      "b_vector": [
        0.21753630601570162,
        0.17921144213151138,
        0.15369069437397065,
        0.3076410206061498,
        0.04273625060573776,
        0.34956544290948466,
        0.4022201379007394,
        0.37676179782936536,
        0.34102925365828773,
        0.34260162826474433,
        0.09342681169125698,
        0.04241355543275762,
        0.07515890258364748,
        0.2431152569137383,
        0.006607338918393889,
        0.25601300312987313
      ]
    }
  ],
  "shots": 3000,
  "backend": "sv1",
  "device_arn": "SV1",
  "aws_region": "eu-west-2",
  "ideal_preprocessing_list": [
    [
      [
        -2.7842035146466317,
        -2.208703503469847,
        -1.510438290274854,
        -1.225835580249338,
        -1.0811536104699104,
        -0.662316965752225,
        -0.3126729995281848,
        -0.14890159319875265,
        -0.07621963163615503,
        0.49426993284099485,
        0.8399490754306167,
        1.154361167095668,
        1.5445405063199544,
        1.9721759372470107,
        2.664769488386016,
        15.939930577124061
      ],
      [
        0.3517144103680572,
        0.06070709543916125,
        0.18201542739237955,
        0.04424991497178289,
        0.09198281659730709,
        0.01781779683108836,
        0.12330512692661319,
        0.06253445074286182,
        0.030900386811353237,
        0.0034935681631352855,
        0.16308634252629794,
        0.11379640037543935,
        0.16665850793861028,
        0.07948507092567868,
        0.11672174165583467,
        0.849352819801991
      ]
    ]
  ],
  "probability_threshold": 0,
  "k_qubits": 7,
  "preprocessing_mode": "ideal",
  "projection_mode": "all_components",
  "projection_subset": null,
  "num_solution_qubits": 4,
  "num_projections": 16,
  "projector_basis_states": [
    0,
    1,
    2,
    3,
    4,
    5,
    6,
    7,
    8,
    9,
    10,
    11,
    12,
    13,
    14,
    15
  ],
  "enhanced_projection_results": [
    {
      "problem_index": 0,
      "projection_tasks": [
        {
          "basis_state": 0,
          "task_id": "arn:aws:braket:eu-west-2:380012739362:quantum-task/2734cabd-2c12-49ea-a2c4-8147aa29a46a",
          "status": "DONE",
          "shots": 3000,
          "created_at": "2025-12-21 13:15:25.067000+00:00",
          "ended_at": "2025-12-21 13:15:33.034000+00:00",
          "execution_time_seconds": 7.967,
          "counts": {
            "001000000000": 75,
            "010100000000": 365,
            "011000000000": 455,
            "110100000000": 190,
            "011100000000": 433,
            "001100000000": 288,
            "111100000000": 191,
            "100100000000": 324,
            "100000000000": 342,
            "000100000000": 102,
            "101000000000": 20,
            "000000000000": 158,
            "101100000000": 11,
            "110000000000": 29,
            "001100000001": 3,
            "100000000001": 2,
            "010000000000": 4,
            "011100000001": 1,
            "110001111001": 1,
            "010110000001": 1,
            "100100000001": 2,
            "011000000001": 1,
            "010100000001": 1,
            "101000001100": 1
          },
          "component_probability": 0.0,
          "success_rate": 0.004
        },
        {
          "basis_state": 1,
          "task_id": "arn:aws:braket:eu-west-2:380012739362:quantum-task/d35d2abc-e60f-470e-aac7-97d1d310361e",
          "status": "DONE",
          "shots": 3000,
          "created_at": "2025-12-21 13:15:30.002000+00:00",
          "ended_at": "2025-12-21 13:15:37.861000+00:00",
          "execution_time_seconds": 7.859,
          "counts": {
            "100000000000": 350,
            "011100000000": 480,
            "110100000000": 184,
            "001000000000": 65,
            "010100000000": 339,
            "011000000000": 457,
            "000100000000": 92,
            "100100000000": 355,
            "111100000000": 183,
            "000000000000": 150,
            "001100000000": 268,
            "010000000000": 6,
            "110000000000": 20,
            "101000000000": 31,
            "100100000001": 2,
            "101100000000": 11,
            "111010111110": 1,
            "010001011101": 1,
            "000010000001": 1,
            "001100100101": 1,
            "111110000000": 1,
            "000110000000": 1,
            "000010000000": 1
          },
          "component_probability": 0.0,
          "success_rate": 0.0016666666666666668
        },
        {
          "basis_state": 2,
          "task_id": "arn:aws:braket:eu-west-2:380012739362:quantum-task/15d6f39c-f24c-43f8-91da-2df19f97f02e",
          "status": "DONE",
          "shots": 3000,
          "created_at": "2025-12-21 13:15:34.581000+00:00",
          "ended_at": "2025-12-21 13:15:44.320000+00:00",
          "execution_time_seconds": 9.739,
          "counts": {
            "001000000000": 64,
            "111100000000": 216,
            "010100000000": 366,
            "100000000000": 355,
            "000100000000": 101,
            "011000000000": 479,
            "001100000000": 271,
            "100100000000": 343,
            "000000000000": 150,
            "110100000000": 166,
            "011100000000": 417,
            "101000000000": 34,
            "101100000000": 6,
            "110000000000": 19,
            "100100000001": 2,
            "010000000000": 3,
            "111000100000": 1,
            "001000000001": 1,
            "011000000001": 1,
            "110111101000": 1,
            "111000000001": 1,
            "001100000001": 1,
            "010100000001": 1,
            "010010000001": 1
          },
          "component_probability": 0.125,
          "success_rate": 0.0026666666666666666
        },
        {
          "basis_state": 3,
          "task_id": "arn:aws:braket:eu-west-2:380012739362:quantum-task/1bf56dc1-fcec-46db-a9b4-55a8797548ed",
          "status": "DONE",
          "shots": 3000,
          "created_at": "2025-12-21 13:15:39.155000+00:00",
          "ended_at": "2025-12-21 13:15:46.463000+00:00",
          "execution_time_seconds": 7.308,
          "counts": {
            "111100000000": 197,
            "001000000000": 82,
            "011100000000": 423,
            "100100000000": 376,
            "001100000000": 277,
            "010100000000": 377,
            "011000000000": 428,
            "100000000000": 352,
            "000000000000": 157,
            "110100000000": 190,
            "101000000000": 25,
            "101100000000": 6,
            "000100000000": 83,
            "001000000001": 1,
            "111000000001": 3,
            "010000000000": 4,
            "110000000000": 14,
            "111010000001": 1,
            "100010010001": 1,
            "001100000001": 2,
            "111111101101": 1
          },
          "component_probability": 0.2222222222222222,
          "success_rate": 0.003
        },
        {
          "basis_state": 4,
          "task_id": "arn:aws:braket:eu-west-2:380012739362:quantum-task/9c3f177a-ce4e-44bb-b744-b4f99e5cb630",
          "status": "DONE",
          "shots": 3000,
          "created_at": "2025-12-21 13:15:43.639000+00:00",
          "ended_at": "2025-12-21 13:15:53.351000+00:00",
          "execution_time_seconds": 9.712,
          "counts": {
            "010100000000": 356,
            "011000000000": 499,
            "001100000000": 300,
            "000100000000": 91,
            "011100000000": 431,
            "100000000000": 346,
            "100100000000": 326,
            "111100000000": 195,
            "110100000000": 158,
            "001000000000": 64,
            "101000000000": 35,
            "110000000000": 23,
            "000000000000": 152,
            "001000000001": 3,
            "101100000000": 4,
            "100100000001": 3,
            "000011000001": 1,
            "011010000000": 1,
            "111110000000": 1,
            "111001001101": 1,
            "000100110111": 1,
            "010000000000": 3,
            "101000111100": 1,
            "010100000001": 1,
            "101100110111": 1,
            "101100000001": 1,
            "011100000001": 1,
            "011000000001": 1
          },
          "component_probability": 0.0,
          "success_rate": 0.004666666666666667
        },
        {
          "basis_state": 5,
          "task_id": "arn:aws:braket:eu-west-2:380012739362:quantum-task/2b49747c-4dfe-47fc-81e9-6c54bfbf075b",
          "status": "DONE",
          "shots": 3000,
          "created_at": "2025-12-21 13:15:48.660000+00:00",
          "ended_at": "2025-12-21 13:15:58.383000+00:00",
          "execution_time_seconds": 9.723,
          "counts": {
            "010100000000": 374,
            "111100000000": 183,
            "011000000000": 451,
            "011100000000": 439,
            "100000000000": 323,
            "001000000000": 70,
            "110100000000": 178,
            "100100000000": 359,
            "000000000000": 151,
            "001100000000": 308,
            "110000000000": 19,
            "010000000000": 6,
            "000000100101": 1,
            "000100000000": 89,
            "101000000000": 31,
            "100000000001": 1,
            "101100000000": 8,
            "010111001101": 1,
            "001100000001": 2,
            "011000000001": 1,
            "001000000001": 1,
            "100110110000": 1,
            "100100000001": 2,
            "101100000001": 1
          },
          "component_probability": 0.1,
          "success_rate": 0.0033333333333333335
        },
        {
          "basis_state": 6,
          "task_id": "arn:aws:braket:eu-west-2:380012739362:quantum-task/3d6ed558-7a3d-445d-82ff-04951de76c43",
          "status": "DONE",
          "shots": 3000,
          "created_at": "2025-12-21 13:15:53.719000+00:00",
          "ended_at": "2025-12-21 13:16:01.002000+00:00",
          "execution_time_seconds": 7.283,
          "counts": {
            "010100000000": 334,
            "110100000000": 200,
            "011100000000": 398,
            "011000000000": 486,
            "111100000000": 191,
            "110000000000": 19,
            "001100000000": 317,
            "000000000000": 168,
            "100000000000": 325,
            "001000000000": 68,
            "000100000000": 91,
            "100100000000": 356,
            "101000000000": 21,
            "100100000001": 2,
            "010000000000": 9,
            "101100000000": 7,
            "010100000001": 2,
            "110101101000": 1,
            "111000000001": 2,
            "001000000001": 1,
            "011010101100": 1,
            "011100000001": 1
          },
          "component_probability": 0.0,
          "success_rate": 0.0026666666666666666
        },
        {
          "basis_state": 7,
          "task_id": "arn:aws:braket:eu-west-2:380012739362:quantum-task/7023336b-7a5d-4a25-a865-86db52f78182",
          "status": "DONE",
          "shots": 3000,
          "created_at": "2025-12-21 13:15:58.182000+00:00",
          "ended_at": "2025-12-21 13:16:04.800000+00:00",
          "execution_time_seconds": 6.618,
          "counts": {
            "100000000000": 356,
            "011000000000": 433,
            "100100000000": 373,
            "111100000000": 181,
            "001000000000": 60,
            "010100000000": 344,
            "011100000000": 440,
            "101000000000": 30,
            "110100000000": 182,
            "000100000000": 116,
            "001100000000": 321,
            "000000000000": 125,
            "110000000000": 16,
            "101100000000": 8,
            "010000000000": 7,
            "011100000001": 1,
            "011000111001": 1,
            "010100000001": 1,
            "010000100100": 1,
            "100100000001": 2,
            "001110110100": 1,
            "001000000001": 1
          },
          "component_probability": 0.16666666666666666,
          "success_rate": 0.002
        },
        {
          "basis_state": 8,
          "task_id": "arn:aws:braket:eu-west-2:380012739362:quantum-task/934d3be3-1e41-4929-897b-339a87faf43a",
          "status": "DONE",
          "shots": 3000,
          "created_at": "2025-12-21 13:16:03.036000+00:00",
          "ended_at": "2025-12-21 13:16:10.595000+00:00",
          "execution_time_seconds": 7.559,
          "counts": {
            "001000000000": 57,
            "000100000000": 87,
            "100000000000": 365,
            "011000000000": 419,
            "011100000000": 479,
            "100100000000": 328,
            "010100000000": 356,
            "000000000000": 155,
            "001100000000": 313,
            "111100000000": 189,
            "110100000000": 178,
            "101000000000": 30,
            "110000000000": 16,
            "100100000001": 2,
            "010000000000": 14,
            "101100000000": 8,
            "111000000001": 2,
            "111111101110": 1,
            "001100000001": 1
          },
          "component_probability": 0.0,
          "success_rate": 0.0016666666666666668
        },
        {
          "basis_state": 9,
          "task_id": "arn:aws:braket:eu-west-2:380012739362:quantum-task/fbee7479-0446-48f5-a359-30008a760911",
          "status": "DONE",
          "shots": 3000,
          "created_at": "2025-12-21 13:16:08.318000+00:00",
          "ended_at": "2025-12-21 13:16:14.943000+00:00",
          "execution_time_seconds": 6.625,
          "counts": {
            "000000000000": 158,
            "001100000000": 312,
            "011000000000": 439,
            "100100000000": 352,
            "100000000000": 358,
            "010100000000": 350,
            "111100000000": 188,
            "000100000000": 94,
            "011100000000": 443,
            "110000000000": 14,
            "110100000000": 169,
            "001000000000": 79,
            "101000000000": 25,
            "000010000001": 1,
            "100100000001": 1,
            "100000000001": 1,
            "001000000001": 2,
            "101100000000": 5,
            "010000000000": 5,
            "001000100100": 1,
            "010100000001": 1,
            "110010110100": 1,
            "000000000001": 1
          },
          "component_probability": 0.14285714285714285,
          "success_rate": 0.0023333333333333335
        },
        {
          "basis_state": 10,
          "task_id": "arn:aws:braket:eu-west-2:380012739362:quantum-task/b878d6c7-8fd3-4932-82d8-19ff00d3d818",
          "status": "DONE",
          "shots": 3000,
          "created_at": "2025-12-21 13:16:13.679000+00:00",
          "ended_at": "2025-12-21 13:16:21.519000+00:00",
          "execution_time_seconds": 7.84,
          "counts": {
            "001000000000": 65,
            "100000000000": 369,
            "011000000000": 429,
            "100100000000": 349,
            "111100000000": 184,
            "110100000000": 181,
            "010100000000": 366,
            "000100000000": 94,
            "000000000000": 157,
            "011100000000": 414,
            "001100000000": 321,
            "010000000000": 8,
            "110000000000": 21,
            "101000000000": 24,
            "000000000001": 1,
            "000101001001": 1,
            "110100100111": 1,
            "011000000001": 2,
            "001100000001": 5,
            "101100000000": 3,
            "100100000001": 2,
            "100000000001": 1,
            "010100000001": 1,
            "101100000001": 1
          },
          "component_probability": 0.0,
          "success_rate": 0.005
        },
        {
          "basis_state": 11,
          "task_id": "arn:aws:braket:eu-west-2:380012739362:quantum-task/d9684f92-9417-4535-99db-dfcbb973c6cd",
          "status": "DONE",
          "shots": 3000,
          "created_at": "2025-12-21 13:16:18.771000+00:00",
          "ended_at": "2025-12-21 13:16:25.492000+00:00",
          "execution_time_seconds": 6.721,
          "counts": {
            "100100000000": 358,
            "110100000000": 178,
            "000100000000": 93,
            "011000000000": 457,
            "000000000000": 166,
            "100000000000": 361,
            "001100000000": 300,
            "010100000000": 323,
            "011100000000": 410,
            "111100000000": 208,
            "001000000000": 75,
            "001100000001": 2,
            "110000000000": 21,
            "101000000000": 27,
            "100100000001": 3,
            "100000000001": 2,
            "101100000000": 8,
            "011010000000": 1,
            "110000111101": 1,
            "001000000001": 1,
            "011100000001": 3,
            "010100000001": 1,
            "010000000000": 1
          },
          "component_probability": 0.0,
          "success_rate": 0.004333333333333333
        },
        {
          "basis_state": 12,
          "task_id": "arn:aws:braket:eu-west-2:380012739362:quantum-task/7c090d9c-1773-45f5-8324-66e61b515c2b",
          "status": "DONE",
          "shots": 3000,
          "created_at": "2025-12-21 13:16:23.746000+00:00",
          "ended_at": "2025-12-21 13:16:33.027000+00:00",
          "execution_time_seconds": 9.281,
          "counts": {
            "101000000000": 36,
            "011000000000": 460,
            "011100000000": 434,
            "100100000000": 334,
            "001100000000": 308,
            "000000000000": 153,
            "010100000000": 352,
            "110100000000": 185,
            "000100000000": 101,
            "100000000000": 329,
            "111100000000": 189,
            "001000000000": 70,
            "010000000000": 6,
            "110000000000": 23,
            "100100000001": 1,
            "011100000001": 1,
            "011000000001": 3,
            "101100000000": 7,
            "101010000000": 1,
            "011010000000": 1,
            "101010011000": 1,
            "001100000001": 1,
            "010001001100": 1,
            "011110100011": 1,
            "000110011000": 1,
            "100101010101": 1
          },
          "component_probability": 0.0,
          "success_rate": 0.0026666666666666666
        },
        {
          "basis_state": 13,
          "task_id": "arn:aws:braket:eu-west-2:380012739362:quantum-task/83695077-4a41-4d36-ab3f-4a236932aba3",
          "status": "DONE",
          "shots": 3000,
          "created_at": "2025-12-21 13:16:28.389000+00:00",
          "ended_at": "2025-12-21 13:16:35.327000+00:00",
          "execution_time_seconds": 6.938,
          "counts": {
            "000000000000": 154,
            "100100000000": 343,
            "010100000000": 362,
            "110100000000": 145,
            "101100000000": 8,
            "011100000000": 424,
            "001000000000": 67,
            "011000000000": 472,
            "000100000000": 102,
            "100000000000": 359,
            "001100000000": 307,
            "111100000000": 193,
            "101000000000": 29,
            "111010100001": 1,
            "001100000001": 2,
            "010000000000": 4,
            "001000000001": 1,
            "010100000001": 2,
            "110000000000": 13,
            "011000000001": 2,
            "011011100001": 1,
            "101100000001": 1,
            "100100000001": 3,
            "000001000000": 1,
            "101001011101": 1,
            "011011000001": 1,
            "101101011100": 1,
            "100000000001": 1
          },
          "component_probability": 0.0,
          "success_rate": 0.005333333333333333
        },
        {
          "basis_state": 14,
          "task_id": "arn:aws:braket:eu-west-2:380012739362:quantum-task/1c5dc45d-e5a9-480f-ba64-bd48b754b159",
          "status": "DONE",
          "shots": 3000,
          "created_at": "2025-12-21 13:16:32.898000+00:00",
          "ended_at": "2025-12-21 13:16:40.668000+00:00",
          "execution_time_seconds": 7.77,
          "counts": {
            "000000000000": 144,
            "100000000000": 367,
            "011100000000": 423,
            "010100000000": 371,
            "011000000000": 473,
            "100100000000": 345,
            "111100000000": 180,
            "000100000000": 92,
            "110000000000": 17,
            "001100000000": 300,
            "110100000000": 161,
            "010000000000": 7,
            "101000000000": 34,
            "001000000000": 63,
            "100100000001": 2,
            "100000000001": 1,
            "101100000001": 3,
            "101100000000": 6,
            "111000000001": 3,
            "010100000001": 3,
            "011000000001": 2,
            "001000000001": 1,
            "110001011101": 1,
            "100011110000": 1
          },
          "component_probability": 0.1875,
          "success_rate": 0.005333333333333333
        },
        {
          "basis_state": 15,
          "task_id": "arn:aws:braket:eu-west-2:380012739362:quantum-task/5bc4d7a8-2aac-431c-8c77-6eefed104772",
          "status": "DONE",
          "shots": 3000,
          "created_at": "2025-12-21 13:16:37.292000+00:00",
          "ended_at": "2025-12-21 13:16:43.918000+00:00",
          "execution_time_seconds": 6.626,
          "counts": {
            "110100000000": 172,
            "011000000000": 423,
            "100100000000": 377,
            "001100000000": 306,
            "001000000000": 69,
            "011100000000": 447,
            "010100000000": 353,
            "101000000000": 29,
            "111100000000": 197,
            "000000000000": 162,
            "100000000000": 344,
            "000100000000": 83,
            "110000000000": 14,
            "101100000000": 4,
            "011000000001": 1,
            "100100000001": 3,
            "000000000001": 1,
            "010000000000": 4,
            "111010000000": 1,
            "011010000000": 2,
            "000001011101": 1,
            "011100000001": 1,
            "010100001000": 1,
            "100100100111": 1,
            "001000000001": 1,
            "001100000001": 1,
            "101100000001": 1,
            "111000000001": 1
          },
          "component_probability": 0.0,
          "success_rate": 0.004
        }
      ],
      "depth": 13355,
      "num_projections": 16,
      "ideal_solution": [
        {
          "real": 0.3330450939655104,
          "imag": 0.0
        },
        {
          "real": -0.04651758819008492,
          "imag": 0.0
        },
        {
          "real": 0.2683792249525594,
          "imag": 0.0
        },
        {
          "real": 0.3128229482476362,
          "imag": 0.0
        },
        {
          "real": 0.07949688846524249,
          "imag": 0.0
        },
        {
          "real": -0.24776976335366105,
          "imag": 0.0
        },
        {
          "real": -0.491658406660534,
          "imag": 0.0
        },
        {
          "real": 0.26626859215699833,
          "imag": 0.0
        },
        {
          "real": 0.22913954796392477,
          "imag": 0.0
        },
        {
          "real": -0.37421779047323983,
          "imag": 0.0
        },
        {
          "real": 0.118361090734535,
          "imag": 0.0
        },
        {
          "real": 0.25280814969348286,
          "imag": 0.0
        },
        {
          "real": 0.05692509390587199,
          "imag": 0.0
        },
        {
          "real": -0.1538467008782763,
          "imag": 0.0
        },
        {
          "real": -0.1748231225460747,
          "imag": 0.0
        },
        {
          "real": -0.09358054155428903,
          "imag": 0.0
        }
      ],
      "reconstructed_solution_probabilities": [
        0.0,
        0.0,
        0.1323807522588779,
        0.2353435595713385,
        0.0,
        0.10590460180710234,
        0.0,
        0.17650766967850387,
        0.0,
        0.15129228829586047,
        0.0,
        0.0,
        0.0,
        0.0,
        0.1985711283883169,
        0.0
      ],
      "fidelity": 0.4427091457215498,
      "metadata": {
        "measured_components": [
          0,
          1,
          2,
          3,
          4,
          5,
          6,
          7,
          8,
          9,
          10,
          11,
          12,
          13,
          14,
          15
        ],
        "success_rates": [
          0.004,
          0.0016666666666666668,
          0.0026666666666666666,
          0.003,
          0.004666666666666667,
          0.0033333333333333335,
          0.0026666666666666666,
          0.002,
          0.0016666666666666668,
          0.0023333333333333335,
          0.005,
          0.004333333333333333,
          0.0026666666666666666,
          0.005333333333333333,
          0.005333333333333333,
          0.004
        ],
        "raw_probabilities": [
          0.0,
          0.0,
          0.125,
          0.2222222222222222,
          0.0,
          0.1,
          0.0,
          0.16666666666666666,
          0.0,
          0.14285714285714285,
          0.0,
          0.0,
          0.0,
          0.0,
          0.1875,
          0.0
        ],
        "average_success_rate": 0.003416666666666667,
        "total_probability": 0.9442460317460317
      },
      "total_problem_time_seconds": 78.851,
      "first_created_at": "2025-12-21 13:15:25.067000+00:00",
      "last_ended_at": "2025-12-21 13:16:43.918000+00:00"
    }
  ]
}