{
  "problem_list": [
    {
      "A_matrix": [
        [
          0.7561601383413388,
          0.24832480506793875,
          1.050829916987368,
          1.244147341751431,
          0.9684647048329741,
          0.9791486279848293,
          1.1815249675406725,
          1.0453314421179596
        ],
        [
          0.24832480506793875,
          0.9345346239823129,
          1.0343776504373192,
          0.5918916875903442,
          1.2519178859737095,
          0.8752049642374349,
          1.1156697860146214,
          0.7555282343013379
        ],
        [
          1.050829916987368,
          1.0343776504373192,
          0.22084881996491634,
          1.3466024699463768,
          0.6584426341058839,
          0.8665766632618767,
          0.7735717551510322,
          0.4248905020985937
        ],
        [
          1.244147341751431,
          0.5918916875903442,
          1.3466024699463768,
          1.2405976957807257,
          0.7063796402343699,
          0.520013058974691,
          1.1147507329357869,
          1.079258769097676
        ],
        [
          0.9684647048329741,
          1.2519178859737095,
          0.6584426341058839,
          0.7063796402343699,
          1.0901244837997066,
          0.7032078366162445,
          0.13847354291724356,
          0.5124464850963816
        ],
        [
          0.9791486279848293,
          0.8752049642374349,
          0.8665766632618767,
          0.520013058974691,
          0.7032078366162445,
          1.3255036725905551,
          0.9923088730102663,
          1.2092797175706798
        ],
        [
          1.1815249675406725,
          1.1156697860146214,
          0.7735717551510322,
          1.1147507329357869,
          0.13847354291724356,
          0.9923088730102663,
          1.6863697836681224,
          0.5465304237608785
        ],
        [
          1.0453314421179596,
          0.7555282343013379,
          0.4248905020985937,
          1.079258769097676,
          0.5124464850963816,
          1.2092797175706798,
          0.5465304237608785,
          1.4274595526217482
        ]
      ],
      "b_vector": [
        0.4631851021607096,
        0.5743469811723058,
        0.11188075499436494,
        0.11151958058373501,
        0.25633666034784164,
        0.41270907028645815,
        0.43649762658508007,
        0.06374753339185316
      ]
    }
  ],
  "shots": 3000,
  "backend": "sv1",
  "device_arn": "SV1",
  "aws_region": "eu-west-2",
  "ideal_preprocessing_list": [
    [
      [
        -1.3494585132011443,
        -0.7167250856887675,
        -0.07480812577836457,
        0.2699389385228987,
        0.959983428330209,
        1.121448554032415,
        1.3481823818791672,
        7.123037192653015
      ],
      [
        0.27058229925796623,
        0.09108752951079017,
        0.12547034477874733,
        0.12965092118190258,
        0.2477632711912076,
        0.2845559570405789,
        0.05588694124007748,
        0.8604963864385831
      ]
    ]
  ],
  "probability_threshold": 0,
  "k_qubits": 7,
  "preprocessing_mode": "ideal",
  "projection_mode": "all_components",
  "projection_subset": null,
  "num_solution_qubits": 3,
  "num_projections": 8,
  "projector_basis_states": [
    0,
    1,
    2,
    3,
    4,
    5,
    6,
    7
  ],
  "enhanced_projection_results": [
    {
      "problem_index": 0,
      "projection_tasks": [
        {
          "basis_state": 0,
          "task_id": "arn:aws:braket:eu-west-2:380012739362:quantum-task/a7a8eaf0-d0f5-4a31-a9ae-112d9cb88492",
          "shots": 3000,
          "projector_index": 0
        },
        {
          "basis_state": 1,
          "task_id": "arn:aws:braket:eu-west-2:380012739362:quantum-task/6e6c1081-f25b-4049-9aed-bf045410d28f",
          "shots": 3000,
          "projector_index": 1
        },
        {
          "basis_state": 2,
          "task_id": "arn:aws:braket:eu-west-2:380012739362:quantum-task/a91341f4-076a-422c-868d-7bdba8321c05",
          "shots": 3000,
          "projector_index": 2
        },
        {
          "basis_state": 3,
          "task_id": "arn:aws:braket:eu-west-2:380012739362:quantum-task/85389db0-17c6-4737-9d10-6a9bc23b978c",
          "shots": 3000,
          "projector_index": 3
        },
        {
          "basis_state": 4,
          "task_id": "arn:aws:braket:eu-west-2:380012739362:quantum-task/22df323b-f726-4c87-97c0-29bd740625ef",
          "shots": 3000,
          "projector_index": 4
        },
        {
          "basis_state": 5,
          "task_id": "arn:aws:braket:eu-west-2:380012739362:quantum-task/c1849279-01f1-4dbe-969d-454feef5feed",
          "shots": 3000,
          "projector_index": 5
        },
        {
          "basis_state": 6,
          "task_id": "arn:aws:braket:eu-west-2:380012739362:quantum-task/2692857b-c760-460a-b9d6-9ffe2d65cfa4",
          "shots": 3000,
          "projector_index": 6
        },
        {
          "basis_state": 7,
          "task_id": "arn:aws:braket:eu-west-2:380012739362:quantum-task/c3ad1a9e-c61a-4bb0-9d0b-b538dc26bb09",
          "shots": 3000,
          "projector_index": 7
        }
      ],
      "depth": 4501,
      "num_projections": 8,
      "ideal_solution": [
        {
          "real": -0.31221036386984985,
          "imag": 0.0
        },
        {
          "real": 0.01968764405531423,
          "imag": 0.0
        },
        {
          "real": 0.5472296889996582,
          "imag": 0.0
        },
        {
          "real": 0.15289777816728226,
          "imag": 0.0
        },
        {
          "real": -0.22138607155468099,
          "imag": 0.0
        },
        {
          "real": 0.5884552401345444,
          "imag": 0.0
        },
        {
          "real": -0.20951771939678349,
          "imag": 0.0
        },
        {
          "real": -0.3743126837434248,
          "imag": 0.0
        }
      ]
    }
  ]
}