{
  "problem_list": [
    {
      "A_matrix": [
        [
          1.4911650723007994,
          1.1555278816777068,
          0.7584665548805686,
          0.9274393033644992,
          0.6613481462941444,
          0.7376471519872312,
          1.3849649257017305,
          1.4790941447656154,
          0.6006472987952083,
          0.6105736860754419,
          0.7140379825857553,
          0.311796435981996,
          0.6325652268556524,
          0.3626056171438663,
          1.6929066947583826,
          0.8148303900691521
        ],
        [
          1.1555278816777068,
          1.9312428997490372,
          1.1449693365774967,
          1.265787951650982,
          0.5584742539341068,
          0.6910585775118998,
          0.8668436718765767,
          1.567945422658818,
          0.7615347607705175,
          1.3411220779224253,
          0.7150502028773477,
          0.8737668510102244,
          1.1550196260760623,
          1.7623382126595306,
          1.4226726401160799,
          1.1686474935830886
        ],
        [
          0.7584665548805686,
          1.1449693365774967,
          0.5372125996392934,
          1.265385858417599,
          0.9649631297002521,
          0.7769980177860221,
          1.26544016567795,
          1.9077697132905538,
          0.8052887613203493,
          1.1352666210693325,
          0.8079533169292967,
          0.9465709843786567,
          1.4700418180846664,
          0.38933972168268016,
          1.4414873764333904,
          1.1446395666951603
        ],
        [
          0.9274393033644992,
          1.265787951650982,
          1.265385858417599,
          0.33238938262101736,
          0.526928210068041,
          0.8315020895600839,
          0.7211366705585289,
          1.018563284978982,
          1.0587822746704965,
          0.5218949923033932,
          0.9825046790079691,
          1.1766574913551189,
          1.1947104431185174,
          1.1260530524183823,
          0.5325806918539459,
          1.1347472016872935
        ],
        [
          0.6613481462941444,
          0.5584742539341068,
          0.9649631297002521,
          0.526928210068041,
          1.4510604196254342,
          1.1949817818053328,
          1.4684379427815686,
          1.02013258653531,
          1.9885466593262517,
          1.7147162519033703,
          0.606405679214822,
          0.8754343275854517,
          1.0394282472492922,
          1.5166657600911098,
          0.773522667940686,
          1.5300389524615474
        ],
        [
          0.7376471519872312,
          0.6910585775118998,
          0.7769980177860221,
          0.8315020895600839,
          1.1949817818053328,
          0.772872231303364,
          1.2382978866070324,
          1.0576606078535513,
          1.2457070280535996,
          1.2918907844035257,
          0.5070748441716171,
          1.1106736700514541,
          0.9340910185323206,
          0.2648155555118302,
          1.4670996426473741,
          0.5296830428444035
        ],
        [
          1.3849649257017305,
          0.8668436718765767,
          1.26544016567795,
          0.7211366705585289,
          1.4684379427815686,
          1.2382978866070324,
          1.8107541714619273,
          0.284998497955955,
          0.7936989131150288,
          0.002579490701994702,
          0.19861997343386617,
          0.4114346567262479,
          1.0513469725954065,
          1.1971766002711868,
          0.8473587712721876,
          1.024316137043302
        ],
        [
          1.4790941447656154,
          1.567945422658818,
          1.9077697132905538,
          1.018563284978982,
          1.02013258653531,
          1.0576606078535513,
          0.284998497955955,
          1.043693778383504,
          0.903474744560676,
          1.5252756621911243,
          0.9764974077391476,
          1.0656926020089779,
          1.4227001309186982,
          1.017815633728543,
          1.965782600915985,
          1.0821935559933262
        ],
        [
          0.6006472987952083,
          0.7615347607705175,
          0.8052887613203493,
          1.0587822746704965,
          1.9885466593262517,
          1.2457070280535996,
          0.7936989131150288,
          0.903474744560676,
          0.2833735395489494,
          0.8540406871878599,
          0.34700455370324135,
          1.370396938714451,
          1.2806465995807073,
          1.31128876363225,
          0.8637360570097551,
          0.7323824407987155
        ],
        [
          0.6105736860754419,
          1.3411220779224253,
          1.1352666210693325,
          0.5218949923033932,
          1.7147162519033703,
          1.2918907844035257,
          0.002579490701994702,
          1.5252756621911243,
          0.8540406871878599,
          1.115605306798486,
          1.0266636961267306,
          1.2771187702384832,
          0.781794785385365,
          1.4935092573572342,
          0.8696048253338975,
          0.7511476922919834
        ],
        [
          0.7140379825857553,
          0.7150502028773477,
          0.8079533169292967,
          0.9825046790079691,
          0.606405679214822,
          0.5070748441716171,
          0.19861997343386617,
          0.9764974077391476,
          0.34700455370324135,
          1.0266636961267306,
          1.844113122027721,
          1.1549928301762238,
          0.28306267994897005,
          0.8076544693443451,
          1.5002900172841607,
          1.545672437735497
        ],
        [
          0.311796435981996,
          0.8737668510102244,
          0.9465709843786567,
          1.1766574913551189,
          0.8754343275854517,
          1.1106736700514541,
          0.4114346567262479,
          1.0656926020089779,
          1.370396938714451,
          1.2771187702384832,
          1.1549928301762238,
          0.8214947157164896,
          0.3489634136389911,
          0.9559507881959183,
          0.6763724835325381,
          0.6755905825374711
        ],
        [
          0.6325652268556524,
          1.1550196260760623,
          1.4700418180846664,
          1.1947104431185174,
          1.0394282472492922,
          0.9340910185323206,
          1.0513469725954065,
          1.4227001309186982,
          1.2806465995807073,
          0.781794785385365,
          0.28306267994897005,
          0.3489634136389911,
          1.8803891468854577,
          0.7847162306068978,
          0.5749711549573229,
          0.9468550462040266
        ],
        [
          0.3626056171438663,
          1.7623382126595306,
          0.38933972168268016,
          1.1260530524183823,
          1.5166657600911098,
          0.2648155555118302,
          1.1971766002711868,
          1.017815633728543,
          1.31128876363225,
          1.4935092573572342,
          0.8076544693443451,
          0.9559507881959183,
          0.7847162306068978,
          0.264350315375369,
          0.28588147016367593,
          0.40285804534909353
        ],
        [
          1.6929066947583826,
          1.4226726401160799,
          1.4414873764333904,
          0.5325806918539459,
          0.773522667940686,
          1.4670996426473741,
          0.8473587712721876,
          1.965782600915985,
          0.8637360570097551,
          0.8696048253338975,
          1.5002900172841607,
          0.6763724835325381,
          0.5749711549573229,
          0.28588147016367593,
          0.7278063763273275,
          0.22093812978549932
        ],
        [
          0.8148303900691521,
          1.1686474935830886,
          1.1446395666951603,
          1.1347472016872935,
          1.5300389524615474,
          0.5296830428444035,
          1.024316137043302,
          1.0821935559933262,
          0.7323824407987155,
          0.7511476922919834,
          1.545672437735497,
          0.6755905825374711,
          0.9468550462040266,
          0.40285804534909353,
          0.22093812978549932,
          1.0761310264627115
        ]
      ],
      "b_vector": [
        0.10841142123927189,
        0.2912108628140967,
        0.4310645269796806,
        0.2512989145326318,
        0.1594939492789157,
        0.14388374802779885,
        0.03970772010041883,
        0.18212853319627373,
        0.33164602138656074,
        0.26615709925520836,
        0.07815848776342928,
        0.25542240086058154,
        0.03638480382434244,
        0.1623783705811422,
        0.3165512941950089,
        0.4399019433018621
      ]
    }
  ],
  "shots": 3000,
  "backend": "sv1",
  "device_arn": "SV1",
  "aws_region": "eu-west-2",
  "ideal_preprocessing_list": [
    [
      [
        -2.4237850883406376,
        -2.0970781516654955,
        -1.8026165710196147,
        -1.2698748449058606,
        -1.0171692165221113,
        -0.5119148438879133,
        -0.26567707128056245,
        -0.0340867901356662,
        0.06326339738948777,
        0.6858468290271618,
        1.2989970752574713,
        1.646899046720541,
        1.7977368627076615,
        2.5925953275642026,
        2.8942292809752375,
        15.82628886234299
      ],
      [
        0.12001873473809904,
        0.12195418778712494,
        0.16835515783435534,
        0.1689896838303952,
        0.05886225376377175,
        0.15341402529892714,
        0.020887485457486255,
        0.29190599093619246,
        0.04889876893183444,
        0.024940674807230775,
        0.030130864291045042,
        0.05286065652602012,
        0.01280867757957467,
        0.10712835121438258,
        0.09611665616082933,
        0.8795348100057254
      ]
    ]
  ],
  "probability_threshold": 0,
  "k_qubits": 7,
  "preprocessing_mode": "ideal",
  "projection_mode": "all_components",
  "projection_subset": null,
  "num_solution_qubits": 4,
  "num_projections": 16,
  "projector_basis_states": [
    0,
    1,
    2,
    3,
    4,
    5,
    6,
    7,
    8,
    9,
    10,
    11,
    12,
    13,
    14,
    15
  ],
  "enhanced_projection_results": [
    {
      "problem_index": 0,
      "projection_tasks": [
        {
          "basis_state": 0,
          "task_id": "arn:aws:braket:eu-west-2:380012739362:quantum-task/52d4eb70-cfa5-4c2b-8a71-aff27bf988ed",
          "status": "DONE",
          "shots": 3000,
          "created_at": "2025-12-21 13:16:54.361000+00:00",
          "ended_at": "2025-12-21 13:17:04.808000+00:00",
          "execution_time_seconds": 10.447,
          "counts": {
            "101100000001": 25,
            "000100000000": 205,
            "001000000000": 401,
            "110000000000": 78,
            "100100000000": 189,
            "100000000000": 370,
            "111100000000": 313,
            "111000000000": 385,
            "000000000000": 51,
            "110100000000": 180,
            "101100000000": 110,
            "110100000001": 17,
            "101000000000": 118,
            "001100000000": 162,
            "010100000000": 58,
            "010000000000": 78,
            "011100000000": 60,
            "111110110000": 1,
            "001000000001": 19,
            "110000000001": 25,
            "101111000001": 3,
            "101000000001": 41,
            "001001100001": 1,
            "111100000001": 32,
            "101110010001": 1,
            "101011000001": 5,
            "001010100001": 2,
            "001011000001": 3,
            "110011000001": 4,
            "110010100001": 3,
            "110001000000": 2,
            "111000000001": 4,
            "011001000001": 1,
            "011100000001": 3,
            "101000100001": 1,
            "101000100000": 1,
            "000100000001": 2,
            "101110000001": 1,
            "101101000000": 1,
            "110101000000": 3,
            "001010000001": 4,
            "110011000000": 1,
            "100010000000": 1,
            "101010000000": 1,
            "110110110111": 1,
            "100101110000": 1,
            "000111000001": 1,
            "000110000001": 1,
            "011000000000": 4,
            "100000000001": 2,
            "000010000000": 2,
            "110110110100": 1,
            "100010000001": 2,
            "101010000001": 2,
            "000010000001": 2,
            "001100000001": 1,
            "100101110001": 1,
            "101010100001": 1,
            "001001000001": 1,
            "100101100000": 1,
            "100011000001": 1,
            "101011000000": 1,
            "111111000000": 2,
            "111110000000": 1,
            "100110000001": 1,
            "111111000001": 1,
            "111111111000": 1,
            "111111100000": 1,
            "110010000000": 1
          },
          "component_probability": 0.009302325581395349,
          "success_rate": 0.07166666666666667
        },
        {
          "basis_state": 1,
          "task_id": "arn:aws:braket:eu-west-2:380012739362:quantum-task/618b6589-9fd0-44bb-a918-6cfd80665855",
          "status": "DONE",
          "shots": 3000,
          "created_at": "2025-12-21 13:17:00.345000+00:00",
          "ended_at": "2025-12-21 13:17:07.234000+00:00",
          "execution_time_seconds": 6.889,
          "counts": {
            "001000000000": 392,
            "000100000000": 208,
            "110100000000": 180,
            "100000000000": 373,
            "001011000001": 2,
            "110000000000": 93,
            "111100000001": 35,
            "011100000000": 58,
            "111000000000": 382,
            "111100000000": 348,
            "100100000000": 158,
            "001100000000": 163,
            "101100000000": 110,
            "000000000000": 35,
            "101000000000": 126,
            "011000000000": 7,
            "101100000001": 13,
            "001000000001": 17,
            "110100000001": 19,
            "011100000001": 4,
            "010000000000": 70,
            "110111000001": 3,
            "010100000000": 44,
            "101000000001": 55,
            "101010000001": 1,
            "111101000000": 2,
            "111110000000": 6,
            "101101000000": 1,
            "110000000001": 39,
            "000100000001": 5,
            "101001101001": 1,
            "110000001000": 1,
            "100101110000": 1,
            "001010000000": 2,
            "000111000001": 1,
            "100101000001": 1,
            "101011000001": 2,
            "111000000001": 4,
            "100001000001": 1,
            "001000100000": 2,
            "110110000001": 1,
            "001010000001": 3,
            "111111000000": 1,
            "111100100001": 1,
            "100110000001": 2,
            "111001000001": 1,
            "010100000001": 2,
            "111111000001": 5,
            "001100000001": 1,
            "110010000001": 1,
            "110011000001": 1,
            "001001000001": 1,
            "110001000000": 1,
            "100010000001": 1,
            "000010000001": 1,
            "101111000001": 2,
            "100000000001": 1,
            "101010000000": 2,
            "100010100001": 1,
            "000010000000": 1,
            "110010100001": 1,
            "101010100001": 1,
            "111010010001": 1,
            "110010000000": 1,
            "011001000000": 1
          },
          "component_probability": 0.025974025974025976,
          "success_rate": 0.077
        },
        {
          "basis_state": 2,
          "task_id": "arn:aws:braket:eu-west-2:380012739362:quantum-task/19da9abc-be8c-4ded-bf4b-f74aec6bca1e",
          "status": "DONE",
          "shots": 3000,
          "created_at": "2025-12-21 13:17:05.071000+00:00",
          "ended_at": "2025-12-21 13:17:14.398000+00:00",
          "execution_time_seconds": 9.327,
          "counts": {
            "001000000001": 32,
            "000100000001": 6,
            "000100000000": 190,
            "011100000001": 5,
            "111000000000": 401,
            "111100000000": 295,
            "101000000001": 54,
            "100000000000": 418,
            "001000000000": 350,
            "100100000000": 175,
            "101000000000": 155,
            "101100000000": 124,
            "111000000001": 6,
            "101100000001": 11,
            "111100000001": 36,
            "110100000001": 16,
            "010000000000": 88,
            "001100000000": 145,
            "000000000000": 38,
            "110000000000": 82,
            "011100000000": 48,
            "010100000000": 44,
            "110000000001": 41,
            "110100000000": 176,
            "100000000001": 4,
            "010001000000": 1,
            "011000000000": 4,
            "100011000001": 2,
            "110010000000": 4,
            "101111000001": 1,
            "001001000001": 1,
            "000000100001": 1,
            "111110100001": 1,
            "101011000001": 6,
            "000001000001": 1,
            "100001000001": 2,
            "111101000000": 1,
            "001011000001": 2,
            "111111000000": 1,
            "000010000001": 3,
            "001100000001": 1,
            "100010000001": 2,
            "101011000000": 1,
            "111110000000": 1,
            "110111100000": 1,
            "001010000000": 4,
            "100010000000": 1,
            "001010100001": 1,
            "001010000001": 1,
            "110010000001": 2,
            "011110000001": 1,
            "000110100101": 1,
            "111110000001": 2,
            "111001100000": 1,
            "101010000001": 1,
            "101010100001": 1,
            "110011000001": 1,
            "101010100000": 1,
            "101010000000": 1,
            "111011000000": 1,
            "000011000001": 1,
            "110110000000": 1,
            "001001000000": 1
          },
          "component_probability": 0.15040650406504066,
          "success_rate": 0.082
        },
        {
          "basis_state": 3,
          "task_id": "arn:aws:braket:eu-west-2:380012739362:quantum-task/7d66975d-59ee-4f15-a156-f8c6ddd0bd18",
          "status": "DONE",
          "shots": 3000,
          "created_at": "2025-12-21 13:17:10.261000+00:00",
          "ended_at": "2025-12-21 13:17:17.032000+00:00",
          "execution_time_seconds": 6.771,
          "counts": {
            "100100000000": 198,
            "100000000000": 429,
            "111100000000": 313,
            "101000000000": 135,
            "110100000001": 21,
            "110000000001": 45,
            "111000000000": 354,
            "001000000000": 323,
            "001000000001": 22,
            "001100000000": 153,
            "110100000000": 200,
            "110000000000": 62,
            "000100000000": 219,
            "101100000000": 91,
            "101000000001": 60,
            "000000000000": 36,
            "010000000000": 79,
            "011100000000": 64,
            "110110000000": 1,
            "010100000000": 51,
            "110010000001": 3,
            "000100000001": 2,
            "111100000001": 46,
            "000001000000": 1,
            "110010000000": 4,
            "011000000000": 5,
            "011100000001": 10,
            "100100000001": 2,
            "001111011001": 1,
            "101011000001": 4,
            "000010000000": 2,
            "110010001001": 1,
            "111000000001": 6,
            "101100000001": 13,
            "001010000001": 2,
            "100000000001": 3,
            "110110000001": 2,
            "000000000001": 1,
            "010110000000": 1,
            "111101000000": 3,
            "010100000001": 1,
            "111110000000": 1,
            "011010000001": 2,
            "001011000000": 2,
            "110010100000": 2,
            "001011000001": 1,
            "001010000000": 2,
            "111100100000": 1,
            "000010000001": 1,
            "000000100000": 1,
            "111010100001": 1,
            "111111000001": 1,
            "110000010001": 1,
            "011110100001": 1,
            "110001000000": 2,
            "011110010001": 1,
            "100001000000": 1,
            "100001001000": 1,
            "101010000000": 1,
            "110011000001": 2,
            "111010000001": 1,
            "101110000001": 1,
            "101010000001": 1,
            "110111000001": 1,
            "001001100000": 1,
            "110111000000": 1
          },
          "component_probability": 0.0038461538461538464,
          "success_rate": 0.08666666666666667
        },
        {
          "basis_state": 4,
          "task_id": "arn:aws:braket:eu-west-2:380012739362:quantum-task/9beec3ff-492c-474f-ab3d-8bd478006030",
          "status": "DONE",
          "shots": 3000,
          "created_at": "2025-12-21 13:17:15.411000+00:00",
          "ended_at": "2025-12-21 13:17:25.062000+00:00",
          "execution_time_seconds": 9.651,
          "counts": {
            "100000000000": 373,
            "001100000000": 162,
            "111100000000": 315,
            "110000000000": 74,
            "001000000000": 355,
            "111000000000": 404,
            "100100000000": 202,
            "000100000000": 217,
            "000000000000": 44,
            "101000000000": 153,
            "010100000000": 52,
            "110100000000": 174,
            "110100000001": 18,
            "011100000000": 66,
            "101010000001": 2,
            "010000000000": 72,
            "101100000000": 104,
            "101000000001": 42,
            "101100000001": 15,
            "001000000001": 24,
            "111100000001": 33,
            "110000000001": 33,
            "111101000000": 1,
            "101010000000": 2,
            "101011000001": 7,
            "100000000001": 2,
            "110010100001": 1,
            "011000000000": 3,
            "011010000000": 1,
            "001010100001": 1,
            "111000000001": 5,
            "110110000000": 1,
            "111010010001": 1,
            "111010100001": 1,
            "110101000000": 1,
            "110010000000": 4,
            "000101000000": 1,
            "010100000001": 1,
            "110011000001": 3,
            "001010000001": 2,
            "011011100100": 1,
            "001100000001": 2,
            "111111000001": 2,
            "000100000001": 7,
            "000110000001": 1,
            "010001110001": 1,
            "001001000000": 2,
            "100010000001": 1,
            "000110000000": 1,
            "000010000001": 2,
            "101110110100": 1,
            "011100000001": 2,
            "000010000000": 1,
            "110001000000": 1,
            "100011000001": 1,
            "100001000001": 1,
            "001011000001": 1
          },
          "component_probability": 0.0047169811320754715,
          "success_rate": 0.07066666666666667
        },
        {
          "basis_state": 5,
          "task_id": "arn:aws:braket:eu-west-2:380012739362:quantum-task/1895828f-136c-4d01-8ea7-3e5c022069a3",
          "status": "DONE",
          "shots": 3000,
          "created_at": "2025-12-21 13:17:20.141000+00:00",
          "ended_at": "2025-12-21 13:17:27.231000+00:00",
          "execution_time_seconds": 7.09,
          "counts": {
            "101100000000": 114,
            "111000000000": 391,
            "111111000001": 4,
            "000100000000": 195,
            "010000000000": 82,
            "110100000000": 196,
            "111100000000": 317,
            "110000000000": 74,
            "001000000000": 377,
            "100000000000": 418,
            "100100000000": 170,
            "001000000001": 24,
            "101000000000": 128,
            "110000000001": 31,
            "110011100000": 1,
            "000000000000": 44,
            "010100000000": 44,
            "001001000000": 1,
            "101010000001": 3,
            "110010000001": 3,
            "001100000000": 154,
            "101000000001": 41,
            "111100000001": 36,
            "011100000001": 9,
            "011100000000": 56,
            "110100000001": 24,
            "111000000001": 6,
            "001010000000": 3,
            "110110000000": 3,
            "101100000001": 12,
            "001010000001": 1,
            "110010000000": 1,
            "000100000001": 3,
            "000000000001": 1,
            "001100000001": 2,
            "011000000000": 5,
            "011010000000": 1,
            "110000100000": 1,
            "101010100001": 1,
            "110110100001": 1,
            "100000000001": 1,
            "011110001101": 1,
            "000011000001": 2,
            "110111000000": 1,
            "011010000001": 1,
            "101011000001": 2,
            "110001000000": 1,
            "100110000001": 1,
            "100010100001": 1,
            "001011000001": 2,
            "001010100101": 1,
            "010111000001": 1,
            "101001000000": 2,
            "011110000001": 1,
            "100101100001": 1,
            "101010000000": 1,
            "111110000000": 1,
            "111110100001": 1
          },
          "component_probability": 0.0045871559633027525,
          "success_rate": 0.07266666666666667
        },
        {
          "basis_state": 6,
          "task_id": "arn:aws:braket:eu-west-2:380012739362:quantum-task/5046b760-ef85-4e24-8290-f1261a662ce4",
          "status": "DONE",
          "shots": 3000,
          "created_at": "2025-12-21 13:17:24.768000+00:00",
          "ended_at": "2025-12-21 13:17:34.421000+00:00",
          "execution_time_seconds": 9.653,
          "counts": {
            "010100000000": 41,
            "111100000000": 313,
            "111000000000": 409,
            "010000000000": 79,
            "111100000001": 40,
            "110101000001": 1,
            "110000000000": 75,
            "001000000000": 402,
            "001100000000": 157,
            "110100000000": 185,
            "000100000000": 213,
            "101100000000": 108,
            "100000000000": 333,
            "100100000000": 180,
            "000001000000": 1,
            "101000000000": 135,
            "001000000001": 19,
            "110110000001": 2,
            "011100000000": 64,
            "101000000001": 50,
            "110100000001": 18,
            "110000000001": 48,
            "000000000000": 38,
            "101010000001": 2,
            "010100000001": 1,
            "011000000000": 3,
            "110001000000": 1,
            "110011000001": 5,
            "001100000001": 1,
            "011100100111": 1,
            "101010000000": 2,
            "101011000001": 4,
            "001011000001": 1,
            "101100000001": 16,
            "110001000001": 2,
            "100011000001": 2,
            "010110000000": 1,
            "111110000001": 1,
            "101010100001": 1,
            "110111000001": 4,
            "001010000000": 1,
            "110110000000": 1,
            "110010000001": 3,
            "111111000001": 4,
            "100010010001": 1,
            "010010000000": 1,
            "011100000001": 6,
            "001010000001": 4,
            "101000001101": 1,
            "010110000001": 1,
            "111101000001": 1,
            "111101000000": 1,
            "111110000000": 1,
            "110011000000": 1,
            "000011000001": 1,
            "110100100111": 1,
            "000100000001": 3,
            "101110000000": 2,
            "111000000001": 2,
            "110010100001": 1,
            "000010000001": 1,
            "100100000001": 1,
            "001010010001": 1,
            "000000000001": 1
          },
          "component_probability": 0.0,
          "success_rate": 0.084
        },
        {
          "basis_state": 7,
          "task_id": "arn:aws:braket:eu-west-2:380012739362:quantum-task/d6b8ee54-412c-4118-9930-f91eff520450",
          "status": "DONE",
          "shots": 3000,
          "created_at": "2025-12-21 13:17:29.312000+00:00",
          "ended_at": "2025-12-21 13:17:36.101000+00:00",
          "execution_time_seconds": 6.789,
          "counts": {
            "111000000000": 373,
            "101100000000": 92,
            "011100000000": 60,
            "001000000000": 345,
            "101000000000": 128,
            "101000000001": 55,
            "110100000001": 21,
            "110100000000": 192,
            "001100000000": 148,
            "100000000000": 439,
            "100100000000": 212,
            "111100000000": 306,
            "000100000000": 206,
            "110000000000": 78,
            "001010000001": 3,
            "110000000001": 51,
            "011100000001": 5,
            "000000000000": 34,
            "010100000000": 45,
            "111000000001": 8,
            "010000000000": 76,
            "110011000001": 4,
            "101001000000": 1,
            "101100000001": 13,
            "000010000001": 4,
            "111100000001": 33,
            "101011000001": 1,
            "110010000001": 3,
            "011000000000": 6,
            "110110000000": 2,
            "000000000001": 1,
            "000100000001": 2,
            "001000000001": 18,
            "111010100001": 1,
            "111101000000": 2,
            "100000000001": 3,
            "001001000001": 1,
            "100010000000": 1,
            "101011000000": 1,
            "011001000000": 1,
            "101010000001": 1,
            "110010001001": 1,
            "000001001000": 1,
            "111111000001": 1,
            "111110000000": 2,
            "011111000001": 1,
            "110010100001": 2,
            "111011000001": 1,
            "101010000000": 2,
            "011010000000": 1,
            "110110100001": 1,
            "101111000000": 1,
            "001011000001": 2,
            "001100000001": 2,
            "000010000000": 1,
            "000001000001": 1,
            "100001000001": 1,
            "100101000000": 1,
            "110111000001": 1,
            "011110000000": 1
          },
          "component_probability": 0.024793388429752067,
          "success_rate": 0.08066666666666666
        },
        {
          "basis_state": 8,
          "task_id": "arn:aws:braket:eu-west-2:380012739362:quantum-task/0e81a400-9b19-4929-bd60-a7a3cc0aafe6",
          "status": "DONE",
          "shots": 3000,
          "created_at": "2025-12-21 13:17:33.649000+00:00",
          "ended_at": "2025-12-21 13:17:40.467000+00:00",
          "execution_time_seconds": 6.818,
          "counts": {
            "111100000001": 41,
            "011100000000": 63,
            "000100000000": 207,
            "100000000000": 406,
            "111110000001": 1,
            "110100000000": 172,
            "001000000000": 350,
            "111000000000": 408,
            "101100000000": 84,
            "100100000000": 201,
            "000000000000": 47,
            "100001000001": 1,
            "101000000000": 133,
            "111100000000": 330,
            "010000000000": 86,
            "110000000000": 62,
            "110000000001": 45,
            "101000000001": 44,
            "001100000000": 143,
            "101011100000": 2,
            "000010000000": 2,
            "000011000001": 1,
            "001000000001": 17,
            "101100000001": 9,
            "110100000001": 21,
            "010100000000": 55,
            "001101000001": 1,
            "111010100001": 1,
            "111110000000": 5,
            "111110100001": 1,
            "011100000001": 6,
            "101010000001": 3,
            "000100000001": 5,
            "111111000001": 3,
            "010110000001": 1,
            "100000000001": 1,
            "011010000001": 1,
            "110110100001": 2,
            "110011000001": 2,
            "101111000001": 1,
            "110111000000": 1,
            "011110000000": 1,
            "110000100000": 1,
            "110010000001": 1,
            "101001000000": 1,
            "011000000000": 3,
            "101010100001": 1,
            "110110000001": 2,
            "110110110101": 1,
            "101010000000": 1,
            "001001000001": 1,
            "010100000001": 1,
            "110001100000": 1,
            "100010000000": 1,
            "111000000001": 4,
            "110010000000": 3,
            "110010100001": 2,
            "001010000001": 2,
            "101011000001": 1,
            "001001000000": 1,
            "000001000001": 1,
            "101100100000": 1,
            "000100000100": 1,
            "001011000000": 1,
            "100001000000": 1,
            "000000000001": 1
          },
          "component_probability": 0.008849557522123894,
          "success_rate": 0.07533333333333334
        },
        {
          "basis_state": 9,
          "task_id": "arn:aws:braket:eu-west-2:380012739362:quantum-task/45c97f42-fece-4d9e-9da2-b9b26d9d0688",
          "status": "DONE",
          "shots": 3000,
          "created_at": "2025-12-21 13:17:38.302000+00:00",
          "ended_at": "2025-12-21 13:17:47.946000+00:00",
          "execution_time_seconds": 9.644,
          "counts": {
            "010100000000": 54,
            "101000000000": 138,
            "000100000000": 229,
            "111100000000": 323,
            "100000000000": 387,
            "110100000000": 175,
            "111000000000": 405,
            "111111000001": 1,
            "010000000000": 97,
            "101000000001": 49,
            "001100000000": 155,
            "110000000001": 38,
            "100100000000": 189,
            "000100000001": 1,
            "110000000000": 79,
            "001000000000": 330,
            "111000110001": 1,
            "110111000000": 1,
            "111100000001": 33,
            "101100000000": 115,
            "011100000000": 46,
            "001000000001": 19,
            "000000000000": 34,
            "101100000001": 12,
            "110111000001": 1,
            "100000000001": 4,
            "101010000000": 2,
            "011100000001": 7,
            "110100000001": 18,
            "001010000001": 4,
            "011000000000": 5,
            "000000100001": 1,
            "111010100001": 1,
            "110010000000": 1,
            "111010000000": 1,
            "110011000001": 3,
            "001010000000": 3,
            "101010000001": 1,
            "100101000001": 1,
            "011001000001": 1,
            "101011000000": 1,
            "000110000000": 1,
            "001011000001": 3,
            "101010100001": 1,
            "100010000001": 3,
            "111000000001": 3,
            "001011000000": 1,
            "111110000000": 1,
            "110001000001": 2,
            "101111000001": 2,
            "100011000001": 3,
            "100101110000": 1,
            "001000100001": 1,
            "111011000001": 1,
            "010101000000": 1,
            "000010100001": 1,
            "100001000000": 1,
            "000000000001": 2,
            "100001000001": 1,
            "001100000001": 1,
            "100100000001": 1,
            "101001000000": 1,
            "110010000001": 1,
            "101110010001": 1
          },
          "component_probability": 0.008968609865470852,
          "success_rate": 0.07433333333333333
        },
        {
          "basis_state": 10,
          "task_id": "arn:aws:braket:eu-west-2:380012739362:quantum-task/2bb4bdce-cb40-408e-ac76-11074c202c1d",
          "status": "DONE",
          "shots": 3000,
          "created_at": "2025-12-21 13:17:43.016000+00:00",
          "ended_at": "2025-12-21 13:17:49.701000+00:00",
          "execution_time_seconds": 6.685,
          "counts": {
            "001100000000": 173,
            "111000000000": 418,
            "101000000000": 113,
            "100000000000": 401,
            "110000000001": 58,
            "011100000000": 61,
            "000100000000": 187,
            "001000000000": 354,
            "101000000001": 40,
            "111100000000": 349,
            "111100000001": 34,
            "011000000000": 8,
            "101100000001": 9,
            "000000000000": 43,
            "010000000000": 92,
            "110100000000": 170,
            "110000000000": 74,
            "101100000000": 99,
            "100100000000": 168,
            "010100000001": 1,
            "111000000001": 6,
            "011100000001": 3,
            "101111000001": 2,
            "010100000000": 43,
            "110010110111": 1,
            "111110000000": 3,
            "101011000001": 4,
            "001010100001": 1,
            "001010000000": 1,
            "110011000001": 3,
            "000110000001": 1,
            "001000000001": 24,
            "100011000001": 1,
            "110100000001": 12,
            "101110000000": 1,
            "101000100001": 1,
            "110010000001": 1,
            "000010000001": 4,
            "100000000001": 3,
            "100100000001": 1,
            "010110011100": 1,
            "100110000000": 2,
            "001011000001": 1,
            "000100000001": 4,
            "100000100000": 1,
            "001001000000": 1,
            "000000000001": 2,
            "111111000001": 5,
            "110010000000": 1,
            "011001000001": 1,
            "100001000000": 2,
            "100010000001": 1,
            "110000100000": 1,
            "010110000000": 1,
            "001100000001": 1,
            "001110100000": 1,
            "101010000000": 1,
            "110111000001": 1,
            "001001000001": 1,
            "110010010001": 1,
            "011111000000": 1,
            "001011010000": 1
          },
          "component_probability": 0.19736842105263158,
          "success_rate": 0.076
        },
        {
          "basis_state": 11,
          "task_id": "arn:aws:braket:eu-west-2:380012739362:quantum-task/b76cd565-69b6-43cb-b371-f7edd9145cdf",
          "status": "DONE",
          "shots": 3000,
          "created_at": "2025-12-21 13:17:47.751000+00:00",
          "ended_at": "2025-12-21 13:17:57.102000+00:00",
          "execution_time_seconds": 9.351,
          "counts": {
            "100111100000": 1,
            "110000000001": 49,
            "111100000000": 329,
            "100100000000": 182,
            "110000000000": 69,
            "100000000000": 406,
            "101100000001": 13,
            "111000000000": 399,
            "101100000000": 114,
            "110100000000": 153,
            "000100000000": 225,
            "001100000000": 166,
            "010000000000": 83,
            "101000000000": 114,
            "010100000001": 2,
            "001000000000": 362,
            "010100000000": 47,
            "011100000000": 50,
            "101000000001": 48,
            "110100000001": 20,
            "000000000000": 39,
            "110101000000": 1,
            "011100000001": 9,
            "001000000001": 22,
            "100010000000": 1,
            "000101100001": 1,
            "111100000001": 38,
            "111000000001": 8,
            "111111000001": 2,
            "001010000000": 2,
            "001110000001": 1,
            "100010000001": 2,
            "000000000001": 1,
            "110001000001": 2,
            "000010000001": 3,
            "001001000000": 1,
            "001011000001": 3,
            "101010000001": 1,
            "111001000000": 2,
            "111110000001": 1,
            "111110000000": 2,
            "111011000001": 1,
            "101010000000": 2,
            "100101000000": 1,
            "011001000001": 1,
            "101110100001": 1,
            "110010100001": 1,
            "010111000001": 1,
            "110011000001": 1,
            "000100000001": 1,
            "000001000000": 1,
            "011111100000": 1,
            "010010000001": 1,
            "100000000001": 2,
            "101111000001": 1,
            "010001111001": 1,
            "001010100001": 1,
            "011000000000": 1,
            "110110000000": 1,
            "100110100000": 1,
            "110100100000": 1,
            "110010000001": 1,
            "110010000000": 1,
            "101011000000": 1,
            "101010100001": 1
          },
          "component_probability": 0.06224066390041494,
