{
  "problem_list": [
    {
      "A_matrix": [
        [
          0.6725771344525246,
          1.0783811873406028,
          0.7863015658716231,
          0.8969934537738109,
          1.2674404490175113,
          1.6829227310418335,
          0.7759277977003228,
          0.8224810357603985,
          0.740616793898033,
          1.0469724312009792,
          0.4272708274753555,
          0.6452576713739113,
          0.819137307811283,
          0.9129198471497553,
          1.2382232086213696,
          1.2683243303569545
        ],
        [
          1.0783811873406028,
          1.8890315690409396,
          0.6879832015541014,
          1.1772946762231946,
          1.5454486878519833,
          1.3315321237067992,
          0.8826897053321291,
          1.2271877616223337,
          1.0866687544397369,
          0.3530465900934452,
          0.39593754085448496,
          1.4572870935920497,
          0.4668554545209834,
          0.9799201764914253,
          1.4483178122792433,
          0.4645278036833369
        ],
        [
          0.7863015658716231,
          0.6879832015541014,
          0.21629109986447181,
          0.9101775813654884,
          0.7324226552166913,
          1.118777822933251,
          1.2012010961337318,
          0.38301648097704666,
          0.9076426025444021,
          1.4237989457480218,
          1.0574350825265462,
          1.3729543189459852,
          1.2162067941671202,
          0.8421636711637152,
          0.3870483678228056,
          1.28340921893669
        ],
        [
          0.8969934537738109,
          1.1772946762231946,
          0.9101775813654884,
          1.269379304704307,
          0.30071185479646945,
          1.3517839518954864,
          0.9352884493048678,
          1.8282676926091432,
          1.309033798077071,
          0.8984976177525174,
          0.5983657930270181,
          0.9847068978768774,
          1.4043756253070168,
          1.2058446169994226,
          1.3004582766813026,
          1.2063523985636466
        ],
        [
          1.2674404490175113,
          1.5454486878519833,
          0.7324226552166913,
          0.30071185479646945,
          0.8968910131658252,
          1.0627926780426313,
          1.5684278996703858,
          1.1556827952649145,
          1.7969307461305357,
          1.1054122177836225,
          0.4413892493034115,
          0.35233919801137736,
          0.9920733998103872,
          0.5129144571239164,
          0.3110827197319007,
          0.9731581465814487
        ],
        [
          1.6829227310418335,
          1.3315321237067992,
          1.118777822933251,
          1.3517839518954864,
          1.0627926780426313,
          1.862781916187531,
          0.4301225602701638,
          1.03759299337473,
          1.2079868068474284,
          0.8494108825019892,
          0.30020127061635404,
          0.8235392527929486,
          0.8433376316029046,
          0.5451041923050897,
          1.4057865059820336,
          1.2628825207597343
        ],
        [
          0.7759277977003228,
          0.8826897053321291,
          1.2012010961337318,
          0.9352884493048678,
          1.5684278996703858,
          0.4301225602701638,
          0.7876457152240972,
          1.7501538766924634,
          0.310129988328666,
          1.2845655155197844,
          1.6274428335060556,
          1.1748426234590745,
          1.2178462358455102,
          1.1012977244390243,
          1.3399364466484753,
          0.8540547730239988
        ],
        [
          0.8224810357603985,
          1.2271877616223337,
          0.38301648097704666,
          1.8282676926091432,
          1.1556827952649145,
          1.03759299337473,
          1.7501538766924634,
          1.0519997405607406,
          1.4037869662710252,
          0.579767882924827,
          0.660058635051405,
          0.8125568983286583,
          1.4639561455530257,
          0.8731803876160572,
          0.9683274023066006,
          0.934464125647764
        ],
        [
          0.740616793898033,
          1.0866687544397369,
          0.9076426025444021,
          1.309033798077071,
          1.7969307461305357,
          1.2079868068474284,
          0.310129988328666,
          1.4037869662710252,
          0.11748756835913299,
          1.2262131332908255,
          0.6170811796995922,
          1.2629881092483086,
          0.969163901533416,
          0.7931450179050954,
          1.331633700837218,
          0.9297438136806634
        ],
        [
          1.0469724312009792,
          0.3530465900934452,
          1.4237989457480218,
          0.8984976177525174,
          1.1054122177836225,
          0.8494108825019892,
          1.2845655155197844,
          0.579767882924827,
          1.2262131332908255,
          0.1675395250670837,
          0.7549094902860145,
          0.8840046272426669,
          0.8935638323159721,
          1.8763845336783462,
          1.0541899679464497,
          0.5837968073381137
        ],
        [
          0.4272708274753555,
          0.39593754085448496,
          1.0574350825265462,
          0.5983657930270181,
          0.4413892493034115,
          0.30020127061635404,
          1.6274428335060556,
          0.660058635051405,
          0.6170811796995922,
          0.7549094902860145,
          1.8739204799559632,
          1.3671327524352916,
          0.19648223045176827,
          0.21377928020138715,
          0.928162109829747,
          1.1185547055592244
        ],
        [
          0.6452576713739113,
          1.4572870935920497,
          1.3729543189459852,
          0.9847068978768774,
          0.35233919801137736,
          0.8235392527929486,
          1.1748426234590745,
          0.8125568983286583,
          1.2629881092483086,
          0.8840046272426669,
          1.3671327524352916,
          0.6403851368836848,
          0.6343716757899761,
          0.25780511660081673,
          0.5316113804037976,
          0.9841017352936532
        ],
        [
          0.819137307811283,
          0.4668554545209834,
          1.2162067941671202,
          1.4043756253070168,
          0.9920733998103872,
          0.8433376316029046,
          1.2178462358455102,
          1.4639561455530257,
          0.969163901533416,
          0.8935638323159721,
          0.19648223045176827,
          0.6343716757899761,
          0.6445176253391218,
          0.5078364866625367,
          0.8885784907368651,
          0.7130630612070938
        ],
        [
          0.9129198471497553,
          0.9799201764914253,
          0.8421636711637152,
          1.2058446169994226,
          0.5129144571239164,
          0.5451041923050897,
          1.1012977244390243,
          0.8731803876160572,
          0.7931450179050954,
          1.8763845336783462,
          0.21377928020138715,
          0.25780511660081673,
          0.5078364866625367,
          1.180073475045861,
          0.6660579408388034,
          1.2931079547807405
        ],
        [
          1.2382232086213696,
          1.4483178122792433,
          0.3870483678228056,
          1.3004582766813026,
          0.3110827197319007,
          1.4057865059820336,
          1.3399364466484753,
          0.9683274023066006,
          1.331633700837218,
          1.0541899679464497,
          0.928162109829747,
          0.5316113804037976,
          0.8885784907368651,
          0.6660579408388034,
          0.8243622705971163,
          0.8333729926129767
        ],
        [
          1.2683243303569545,
          0.4645278036833369,
          1.28340921893669,
          1.2063523985636466,
          0.9731581465814487,
          1.2628825207597343,
          0.8540547730239988,
          0.934464125647764,
          0.9297438136806634,
          0.5837968073381137,
          1.1185547055592244,
          0.9841017352936532,
          0.7130630612070938,
          1.2931079547807405,
          0.8333729926129767,
          1.8109987718312124
        ]
      ],
      "b_vector": [
        0.30537804576934685,
        0.2350269095963187,
        0.2262200279938808,
        0.07447429233052832,
        0.14741266774239395,
        0.10512469303038174,
        0.21643401495710904,
        0.18722824803511265,
        0.3647708896330526,
        0.08524245988870162,
        0.34974322781665496,
        0.11875805233718557,
        0.3123356672169724,
        0.4385397467892447,
        0.3179369662730079,
        0.11136611653806815
      ]
    }
  ],
  "shots": 3000,
  "backend": "sv1",
  "device_arn": "SV1",
  "aws_region": "eu-west-2",
  "ideal_preprocessing_list": [
    [
      [
        -2.8091974975041487,
        -2.0578481915258227,
        -1.6596399215921067,
        -1.2487322896162538,
        -0.8707679303268435,
        -0.7685317209892407,
        -0.40951368809729927,
        -0.08235912503737378,
        0.6343909496420617,
        0.6536298233663824,
        1.0694189779488332,
        1.3966160940538659,
        1.7213596201795822,
        1.925796663592402,
        2.820056006104506,
        15.591204576081068
      ],
      [
        0.03385756648276542,
        0.25364603130155255,
        0.012822720510834058,
        0.2961141501578898,
        0.09323379471371868,
        0.035329641184302485,
        0.10758893521402951,
        0.0654164983468784,
        0.06579899064907863,
        0.10561903828446428,
        0.1274667496242149,
        0.08140398570796532,
        0.08090523277758738,
        0.010279365525211137,
        0.10372978650677506,
        0.8747019277615703
      ]
    ]
  ],
  "probability_threshold": 0,
  "k_qubits": 7,
  "preprocessing_mode": "ideal",
  "projection_mode": "all_components",
  "projection_subset": null,
  "num_solution_qubits": 4,
  "num_projections": 16,
  "projector_basis_states": [
    0,
    1,
    2,
    3,
    4,
    5,
    6,
    7,
    8,
    9,
    10,
    11,
    12,
    13,
    14,
    15
  ],
  "enhanced_projection_results": [
    {
      "problem_index": 0,
      "projection_tasks": [
        {
          "basis_state": 0,
          "task_id": "arn:aws:braket:eu-west-2:380012739362:quantum-task/679850c3-16bc-46a4-8c99-f1f77eabcf63",
          "status": "DONE",
          "shots": 3000,
          "created_at": "2025-12-21 12:56:07.429000+00:00",
          "ended_at": "2025-12-21 12:56:15.057000+00:00",
          "execution_time_seconds": 7.628,
          "counts": {
            "101000000000": 364,
            "110100000000": 567,
            "011000000000": 152,
            "111000000000": 290,
            "001000000000": 138,
            "000100000000": 160,
            "100000000000": 388,
            "000000000000": 284,
            "010000000000": 65,
            "110000000000": 341,
            "001100000000": 10,
            "101001000000": 1,
            "010100000000": 25,
            "100000000001": 4,
            "111100000000": 37,
            "011100000000": 106,
            "101100000000": 44,
            "110110100101": 1,
            "100100000000": 20,
            "011000000001": 1,
            "100101000000": 1,
            "100010000000": 1
          },
          "component_probability": 0.0,
          "success_rate": 0.002
        },
        {
          "basis_state": 1,
          "task_id": "arn:aws:braket:eu-west-2:380012739362:quantum-task/3cf6079c-0fcc-438a-af6e-c5e79b4147c8",
          "status": "DONE",
          "shots": 3000,
          "created_at": "2025-12-21 12:56:12.139000+00:00",
          "ended_at": "2025-12-21 12:56:20.808000+00:00",
          "execution_time_seconds": 8.669,
          "counts": {
            "110100000000": 560,
            "000100000000": 171,
            "000000000000": 295,
            "100000000000": 348,
            "001000000000": 157,
            "010000000000": 61,
            "101000000000": 340,
            "001100000000": 18,
            "111000000000": 331,
            "110000000000": 298,
            "011000000000": 160,
            "100100000000": 19,
            "011100000000": 104,
            "010100000000": 31,
            "111100000000": 37,
            "101100000000": 59,
            "010000000001": 2,
            "001111010001": 1,
            "100000100000": 1,
            "001010000001": 1,
            "100000000001": 1,
            "011010000000": 1,
            "110000011001": 1,
            "111101101000": 1,
            "010010101101": 1,
            "100010000000": 1
          },
          "component_probability": 0.0,
          "success_rate": 0.0023333333333333335
        },
        {
          "basis_state": 2,
          "task_id": "arn:aws:braket:eu-west-2:380012739362:quantum-task/6ea16244-63d6-4d34-b7c7-ea14636c347a",
          "status": "DONE",
          "shots": 3000,
          "created_at": "2025-12-21 12:56:17.179000+00:00",
          "ended_at": "2025-12-21 12:56:26.113000+00:00",
          "execution_time_seconds": 8.934,
          "counts": {
            "011000000000": 176,
            "110100000000": 580,
            "110000000000": 317,
            "010100000000": 26,
            "101000000000": 353,
            "100000000000": 352,
            "000000000000": 283,
            "111000000000": 294,
            "010000000000": 67,
            "011100000000": 101,
            "001000000000": 165,
            "000100000000": 155,
            "111100000000": 50,
            "111100000001": 1,
            "101100000000": 40,
            "100000000001": 5,
            "100100000000": 18,
            "001100000000": 10,
            "011000000001": 4,
            "011011000001": 1,
            "100011000000": 1,
            "010100000001": 1
          },
          "component_probability": 0.0,
          "success_rate": 0.004
        },
        {
          "basis_state": 3,
          "task_id": "arn:aws:braket:eu-west-2:380012739362:quantum-task/b528c26c-6112-44f6-a854-4fae0b61ec85",
          "status": "DONE",
          "shots": 3000,
          "created_at": "2025-12-21 12:56:22.049000+00:00",
          "ended_at": "2025-12-21 12:56:29.391000+00:00",
          "execution_time_seconds": 7.342,
          "counts": {
            "011100000000": 94,
            "001000000000": 163,
            "000000000000": 307,
            "111000000000": 267,
            "110000000000": 333,
            "110100000000": 589,
            "100000000000": 345,
            "101000000000": 345,
            "010000000000": 55,
            "011000000000": 169,
            "111100000000": 44,
            "010100000001": 2,
            "000100000000": 175,
            "001100000000": 15,
            "011011010011": 1,
            "011000000001": 3,
            "101100000000": 40,
            "100000000001": 1,
            "100100000000": 18,
            "010100000000": 27,
            "010100100000": 1,
            "111000100000": 1,
            "000011000001": 1,
            "111100000001": 1,
            "010110100001": 1,
            "100010000000": 1,
            "110100011001": 1
          },
          "component_probability": 0.0,
          "success_rate": 0.0036666666666666666
        },
        {
          "basis_state": 4,
          "task_id": "arn:aws:braket:eu-west-2:380012739362:quantum-task/ea100f23-5f95-475c-9119-08aab1875dc7",
          "status": "DONE",
          "shots": 3000,
          "created_at": "2025-12-21 12:56:26.752000+00:00",
          "ended_at": "2025-12-21 12:56:33.791000+00:00",
          "execution_time_seconds": 7.039,
          "counts": {
            "110000000000": 299,
            "110100000000": 569,
            "010000000000": 49,
            "011100000000": 107,
            "100000000000": 364,
            "111000000000": 290,
            "101000000000": 349,
            "000000000000": 286,
            "011000000000": 161,
            "001000000000": 160,
            "000100000000": 190,
            "101100000000": 37,
            "100100000000": 27,
            "111100000000": 48,
            "001100000000": 14,
            "010100000000": 39,
            "100000000001": 3,
            "010111110000": 1,
            "100011000001": 1,
            "011000000001": 2,
            "100011000000": 1,
            "001101000101": 1,
            "011010000000": 1,
            "100000100000": 1
          },
          "component_probability": 0.0,
          "success_rate": 0.0023333333333333335
        },
        {
          "basis_state": 5,
          "task_id": "arn:aws:braket:eu-west-2:380012739362:quantum-task/616380b9-3b60-4a04-a7a5-3abd50b060dd",
          "status": "DONE",
          "shots": 3000,
          "created_at": "2025-12-21 12:56:33.285000+00:00",
          "ended_at": "2025-12-21 12:56:42.362000+00:00",
          "execution_time_seconds": 9.077,
          "counts": {
            "110100000000": 584,
            "111100000000": 40,
            "000100000000": 197,
            "010100000000": 25,
            "101000000000": 353,
            "000000000000": 278,
            "011100000000": 124,
            "010000000000": 62,
            "110000000000": 298,
            "001000000000": 161,
            "100000000000": 344,
            "111000000000": 294,
            "011000000000": 166,
            "100011000000": 1,
            "101100000000": 40,
            "001100000000": 7,
            "000011000001": 1,
            "100100000000": 16,
            "110000011101": 1,
            "101101110100": 1,
            "000101100000": 1,
            "100010000000": 1,
            "110011000000": 1,
            "000111000001": 1,
            "100000000001": 1,
            "101000000001": 1,
            "101100110000": 1
          },
          "component_probability": 0.0,
          "success_rate": 0.0016666666666666668
        },
        {
          "basis_state": 6,
          "task_id": "arn:aws:braket:eu-west-2:380012739362:quantum-task/9142d9db-de64-48b2-bcb1-2be1879019fc",
          "status": "DONE",
          "shots": 3000,
          "created_at": "2025-12-21 12:56:40.358000+00:00",
          "ended_at": "2025-12-21 12:56:46.937000+00:00",
          "execution_time_seconds": 6.579,
          "counts": {
            "110100000000": 532,
            "111000000000": 293,
            "100000000000": 378,
            "000100000000": 180,
            "101000000000": 349,
            "110000000000": 308,
            "001000000000": 163,
            "010000000000": 47,
            "000000000000": 338,
            "100100000000": 21,
            "011000000000": 147,
            "111100000000": 41,
            "101100000000": 41,
            "010100000000": 38,
            "001100000000": 17,
            "011100000000": 100,
            "000101000000": 1,
            "110101000101": 1,
            "000000000001": 1,
            "100010000000": 1,
            "100001000001": 1,
            "100000000001": 1,
            "111010100000": 1
          },
          "component_probability": 0.0,
          "success_rate": 0.0013333333333333333
        },
        {
          "basis_state": 7,
          "task_id": "arn:aws:braket:eu-west-2:380012739362:quantum-task/aa972a27-10f0-42d9-b41c-cfe129b3b14d",
          "status": "DONE",
          "shots": 3000,
          "created_at": "2025-12-21 12:56:46.030000+00:00",
          "ended_at": "2025-12-21 12:56:53.013000+00:00",
          "execution_time_seconds": 6.983,
          "counts": {
            "000000000000": 288,
            "111000000000": 283,
            "011000000000": 150,
            "110000000000": 306,
            "110100000000": 542,
            "001000000000": 174,
            "100000000000": 397,
            "101000000000": 340,
            "011100000000": 106,
            "000100000000": 184,
            "010100000000": 39,
            "100100000000": 26,
            "111100000000": 40,
            "000000000001": 1,
            "010000000000": 58,
            "001100000000": 14,
            "101100000000": 40,
            "100000000001": 4,
            "101001000000": 1,
            "011010000000": 1,
            "010110000000": 1,
            "100010100001": 1,
            "100101100101": 1,
            "111011100001": 1,
            "011000000001": 1,
            "100010100000": 1
          },
          "component_probability": 0.0,
          "success_rate": 0.003
        },
        {
          "basis_state": 8,
          "task_id": "arn:aws:braket:eu-west-2:380012739362:quantum-task/a8550ff4-819f-44c1-a968-16cbd0389b21",
          "status": "DONE",
          "shots": 3000,
          "created_at": "2025-12-21 12:56:50.841000+00:00",
          "ended_at": "2025-12-21 12:56:59.663000+00:00",
          "execution_time_seconds": 8.822,
          "counts": {
            "110000000000": 285,
            "011000000000": 159,
            "110100000000": 564,
            "000100000000": 170,
            "111000000000": 311,
            "000000000000": 333,
            "111100000000": 40,
            "101000000000": 331,
            "001000000000": 155,
            "100000000000": 366,
            "011100000000": 98,
            "010100000000": 45,
            "101100000000": 41,
            "010000000000": 62,
            "001100000000": 13,
            "100000000001": 3,
            "100100000000": 19,
            "011000000001": 2,
            "110011000000": 1,
            "001111110001": 1,
            "001011000001": 1
          },
          "component_probability": 0.42857142857142855,
          "success_rate": 0.0023333333333333335
        },
        {
          "basis_state": 9,
          "task_id": "arn:aws:braket:eu-west-2:380012739362:quantum-task/0731c577-6d20-46a4-9c35-d66c121edd05",
          "status": "DONE",
          "shots": 3000,
          "created_at": "2025-12-21 12:56:55.688000+00:00",
          "ended_at": "2025-12-21 12:57:02.435000+00:00",
          "execution_time_seconds": 6.747,
          "counts": {
            "100000000000": 340,
            "101000000000": 361,
            "000100000000": 179,
            "110000000000": 315,
            "111000000000": 299,
            "001000000000": 180,
            "011000000000": 155,
            "001100000000": 15,
            "110100000000": 590,
            "011100000000": 99,
            "000000000000": 270,
            "100100000000": 19,
            "010100000000": 33,
            "101100000000": 33,
            "111100000000": 33,
            "010000000000": 64,
            "011000000001": 4,
            "100010000001": 3,
            "110111110000": 1,
            "111111110001": 1,
            "100000000001": 4,
            "100110000000": 1,
            "000001100000": 1
          },
          "component_probability": 0.0,
          "success_rate": 0.004
        },
        {
          "basis_state": 10,
          "task_id": "arn:aws:braket:eu-west-2:380012739362:quantum-task/ca8e6657-b6eb-4581-a47a-782772d53e11",
          "status": "DONE",
          "shots": 3000,
          "created_at": "2025-12-21 12:57:00.725000+00:00",
          "ended_at": "2025-12-21 12:57:07.673000+00:00",
          "execution_time_seconds": 6.948,
          "counts": {
            "111100000000": 47,
            "111000000000": 303,
            "000000000000": 295,
            "000100000000": 181,
            "110100000000": 579,
            "011000000000": 149,
            "101000000000": 381,
            "001000000000": 143,
            "100000000000": 333,
            "010000000000": 61,
            "110000000000": 299,
            "011100000000": 111,
            "010100000000": 31,
            "001100000000": 12,
            "101100000000": 41,
            "100100000000": 22,
            "100000000001": 4,
            "100010100001": 1,
            "100011000000": 1,
            "011000000001": 2,
            "000001000000": 1,
            "101000000001": 1,
            "101011000001": 1,
            "110010000001": 1
          },
          "component_probability": 0.2,
          "success_rate": 0.0033333333333333335
        },
        {
          "basis_state": 11,
          "task_id": "arn:aws:braket:eu-west-2:380012739362:quantum-task/c5047d56-ae22-4a81-9c4a-b1befe116d18",
          "status": "DONE",
          "shots": 3000,
          "created_at": "2025-12-21 12:57:06.425000+00:00",
          "ended_at": "2025-12-21 12:57:13.133000+00:00",
          "execution_time_seconds": 6.708,
          "counts": {
            "000000000000": 283,
            "101000000000": 359,
            "110100000000": 597,
            "111000000000": 299,
            "110000000000": 300,
            "100000000000": 344,
            "001000000000": 175,
            "000100000000": 176,
            "011100000000": 96,
            "011000000000": 141,
            "111100000000": 35,
            "101100000000": 45,
            "010000000000": 55,
            "100100000000": 24,
            "010100000000": 34,
            "100000000001": 6,
            "001100000000": 21,
            "000111000000": 1,
            "011010000000": 2,
            "100011000000": 2,
            "100010000000": 1,
            "011000000001": 1,
            "011001000000": 2,
            "100010100001": 1
          },
          "component_probability": 0.0,
          "success_rate": 0.0026666666666666666
        },
        {
          "basis_state": 12,
          "task_id": "arn:aws:braket:eu-west-2:380012739362:quantum-task/3f252019-0517-4e30-81b5-f8b8ae4a05cf",
          "status": "DONE",
          "shots": 3000,
          "created_at": "2025-12-21 12:57:11.125000+00:00",
          "ended_at": "2025-12-21 12:57:18.889000+00:00",
          "execution_time_seconds": 7.764,
          "counts": {
            "001000000000": 161,
            "110100000000": 585,
            "100000000000": 372,
            "000000000000": 285,
            "110000000000": 300,
            "111000000000": 286,
            "101000000000": 321,
            "111100000000": 46,
            "100100000000": 26,
            "011000000000": 145,
            "000100000000": 188,
            "101100000000": 50,
            "011100000000": 116,
            "010100000000": 39,
            "010000000000": 57,
            "001100000000": 15,
            "011000000001": 1,
            "111010000000": 1,
            "111100000001": 2,
            "100100000001": 1,
            "001011000000": 1,
            "111011100001": 1,
            "010100000001": 1
          },
          "component_probability": 0.0,
          "success_rate": 0.002
        },
        {
          "basis_state": 13,
          "task_id": "arn:aws:braket:eu-west-2:380012739362:quantum-task/ea9d3894-7f1e-4696-a396-1f2c64880f82",
          "status": "DONE",
          "shots": 3000,
          "created_at": "2025-12-21 12:57:16.571000+00:00",
          "ended_at": "2025-12-21 12:57:23.038000+00:00",
          "execution_time_seconds": 6.467,
          "counts": {
            "110100000000": 544,
            "001000000000": 151,
            "000000000000": 298,
            "100000000000": 371,
            "000100000000": 180,
            "101000000000": 352,
            "010000000000": 78,
            "011100000000": 93,
            "111000000000": 269,
            "001100000000": 21,
            "110000000000": 338,
            "010100000000": 37,
            "011000000000": 145,
            "111100000000": 44,
            "000110000000": 1,
            "101100000000": 45,
            "100000000001": 4,
            "100100000000": 24,
            "010000000001": 1,
            "000000000001": 1,
            "011000000001": 1,
            "010010100111": 1,
            "010100100000": 1
          },
          "component_probability": 0.0,
          "success_rate": 0.0026666666666666666
        },
        {
          "basis_state": 14,
          "task_id": "arn:aws:braket:eu-west-2:380012739362:quantum-task/c0ec4b35-79a4-4394-95cb-ed6b9c6a4c08",
          "status": "DONE",
          "shots": 3000,
          "created_at": "2025-12-21 12:57:21.660000+00:00",
          "ended_at": "2025-12-21 12:57:30.347000+00:00",
          "execution_time_seconds": 8.687,
          "counts": {
            "011000000000": 170,
            "110000000000": 283,
            "100000000000": 330,
            "101000000000": 355,
            "110100000000": 591,
            "000100000000": 176,
            "101100000000": 37,
            "100100000000": 17,
            "111000000000": 306,
            "000000000000": 313,
            "001100000000": 22,
            "001000000000": 161,
            "010000000000": 53,
            "011100000000": 100,
            "111100000000": 44,
            "010100000000": 27,
            "101011100000": 1,
            "010000000001": 1,
            "011000000001": 3,
            "100010000000": 1,
            "010010010001": 1,
            "011001000000": 1,
            "100000000001": 2,
            "100010000001": 1,
            "101011110001": 1,
            "101011101000": 1,
            "100110000000": 1,
            "001100100001": 1
          },
          "component_probability": 0.0,
          "success_rate": 0.0033333333333333335
        },
        {
          "basis_state": 15,
          "task_id": "arn:aws:braket:eu-west-2:380012739362:quantum-task/5e3c2c70-bbea-4b4f-8a3a-573556d80f30",
          "status": "DONE",
          "shots": 3000,
          "created_at": "2025-12-21 12:57:26.965000+00:00",
          "ended_at": "2025-12-21 12:57:33.912000+00:00",
          "execution_time_seconds": 6.947,
          "counts": {
            "111000000000": 303,
            "011100000000": 91,
            "000100000000": 170,
            "110100000000": 558,
            "101000000000": 367,
            "110000000000": 282,
            "011000000000": 159,
            "010000000000": 67,
            "000000000000": 313,
            "001000000000": 152,
            "100000000000": 357,
            "101100000000": 49,
            "001100000000": 16,
            "111100000000": 39,
            "100100000000": 20,
            "010100000000": 44,
            "010100000001": 1,
            "010110100000": 1,
            "011111100001": 1,
            "100011000001": 1,
            "100000000001": 1,
            "011000000001": 4,
            "111100000001": 1,
            "100010010001": 1,
            "000001100000": 1,
            "000010100001": 1
          },
          "component_probability": 0.09090909090909091,
          "success_rate": 0.0036666666666666666
        }
      ],
      "depth": 13359,
      "num_projections": 16,
      "ideal_solution": [
        {
          "real": 0.17105632640402813,
          "imag": 0.0
        },
        {
          "real": 0.1549623048200421,
          "imag": 0.0
        },
        {
          "real": 0.1259347351173083,
          "imag": 0.0
        },
        {
          "real": -0.005462379021940193,
          "imag": 0.0
        },
        {
          "real": -0.11478175917030783,
          "imag": 0.0
        },
        {
          "real": 0.22840351218498375,
          "imag": 0.0
        },
        {
          "real": 0.5510604508138014,
          "imag": 0.0
        },
        {
          "real": 0.02043557386589393,
          "imag": 0.0
        },
        {
          "real": -0.7199618340556164,
          "imag": 0.0
        },
        {
          "real": 0.06761870150272009,
          "imag": 0.0
        },
        {
          "real": -0.1537080472438062,
          "imag": 0.0
        },
        {
          "real": 0.02162632693173642,
          "imag": 0.0
        },
        {
          "real": -0.049589974943860395,
          "imag": 0.0
        },
        {
          "real": 0.019239188502000078,
          "imag": 0.0
        },
        {
          "real": -0.07869147505722562,
          "imag": 0.0
        },
        {
          "real": -0.07332065951581719,
          "imag": 0.0
        }
      ],
      "reconstructed_solution_probabilities": [
        0.0,
        0.0,
        0.0,
        0.0,
        0.0,
        0.0,
        0.0,
        0.0,
        0.595667870036101,
        0.0,
        0.2779783393501805,
        0.0,
        0.0,
        0.0,
        0.0,
        0.1263537906137184
      ],
      "fidelity": 0.43925925647249175,
      "metadata": {
        "measured_components": [
          0,
          1,
          2,
          3,
          4,
          5,
          6,
          7,
          8,
          9,
          10,
          11,
          12,
          13,
          14,
          15
        ],
        "success_rates": [
          0.002,
          0.0023333333333333335,
          0.004,
          0.0036666666666666666,
          0.0023333333333333335,
          0.0016666666666666668,
          0.0013333333333333333,
          0.003,
          0.0023333333333333335,
          0.004,
          0.0033333333333333335,
          0.0026666666666666666,
          0.002,
          0.0026666666666666666,
          0.0033333333333333335,
          0.0036666666666666666
        ],
        "raw_probabilities": [
          0.0,
          0.0,
          0.0,
          0.0,
          0.0,
          0.0,
          0.0,
          0.0,
          0.42857142857142855,
          0.0,
          0.2,
          0.0,
          0.0,
          0.0,
          0.0,
          0.09090909090909091
        ],
        "average_success_rate": 0.0027708333333333335,
        "total_probability": 0.7194805194805195
      },
      "total_problem_time_seconds": 86.483,
      "first_created_at": "2025-12-21 12:56:07.429000+00:00",
      "last_ended_at": "2025-12-21 12:57:33.912000+00:00"
    }
  ]
}