{
  "problem_list": [
    {
      "A_matrix": [
        [
          0.07816187584869505,
          0.8718582309899442,
          1.5411888612112465,
          0.9817673123797773,
          1.3669000437347532,
          1.8424277261153528,
          1.6477140344421113,
          0.3096954315347149,
          1.6250666670224563,
          0.9512086214650047,
          1.2676603831075646,
          0.6395142372926569,
          1.5412565715882978,
          0.7904962087401306,
          1.3391195828924374,
          0.4115620899370903
        ],
        [
          0.8718582309899442,
          1.46623406282127,
          0.1980137925911597,
          0.6982822165115493,
          1.1768606789634424,
          1.1534608249170581,
          1.37792598241932,
          1.0489795004746494,
          0.23790090430308053,
          0.6036124676713446,
          1.177799074617416,
          0.9849855421690288,
          0.7896354522969472,
          1.2557975832163173,
          1.0315486301926156,
          0.5934706595224898
        ],
        [
          1.5411888612112465,
          0.1980137925911597,
          0.9418303923037818,
          1.109494704501825,
          1.2243609075147244,
          1.1032100751683112,
          1.4983901698914333,
          1.3089996382635385,
          1.5324836127329151,
          0.4389423750509365,
          0.6238169983341216,
          0.5907054427517497,
          1.4748657984150664,
          1.224558470243522,
          1.0327883723149454,
          0.7967066249600202
        ],
        [
          0.9817673123797773,
          0.6982822165115493,
          1.109494704501825,
          0.28037622545748153,
          0.7854367410751589,
          1.2977073279168405,
          1.4343397035566507,
          0.35104549927561135,
          1.4258169320516911,
          1.3310041278824398,
          1.4705457112525644,
          0.5741893794829817,
          1.1095822567756362,
          1.0021414746891146,
          0.7650864280159486,
          1.926659483541867
        ],
        [
          1.3669000437347532,
          1.1768606789634424,
          1.2243609075147244,
          0.7854367410751589,
          0.02552447640712141,
          0.17776244715953715,
          0.5536269631928266,
          0.5085130229391561,
          0.43783412398218546,
          1.158536440860889,
          1.1937897604987617,
          0.9430275723370097,
          1.0271243663805818,
          0.7149471804381543,
          1.4835082710456815,
          1.3414766635548232
        ],
        [
          1.8424277261153528,
          1.1534608249170581,
          1.1032100751683112,
          1.2977073279168405,
          0.17776244715953715,
          0.7599135394192944,
          1.5799591195889735,
          1.1628610449504215,
          0.4849735530314807,
          1.4077866646382344,
          0.3580861427438866,
          1.0037981922090575,
          1.8328613799081583,
          1.4499564394654219,
          0.7862320348828022,
          1.314157201138906
        ],
        [
          1.6477140344421113,
          1.37792598241932,
          1.4983901698914333,
          1.4343397035566507,
          0.5536269631928266,
          1.5799591195889735,
          1.244753407398077,
          1.3727346671172636,
          0.9523616058355633,
          0.6660686601665362,
          1.3604200329871392,
          1.5840578029970511,
          0.3870548502545995,
          1.0796153354288855,
          1.0909577827523886,
          0.11699312147635721
        ],
        [
          0.3096954315347149,
          1.0489795004746494,
          1.3089996382635385,
          0.35104549927561135,
          0.5085130229391561,
          1.1628610449504215,
          1.3727346671172636,
          0.2917424152874497,
          1.2891143251889687,
          0.9997506176033459,
          1.2793808894428063,
          0.9143320640804872,
          1.4893345544746164,
          0.9759114691396832,
          1.0562211019317838,
          1.7575681808303958
        ],
        [
          1.6250666670224563,
          0.23790090430308053,
          1.5324836127329151,
          1.4258169320516911,
          0.43783412398218546,
          0.4849735530314807,
          0.9523616058355633,
          1.2891143251889687,
          0.9165243897482132,
          1.3094990631478802,
          1.2591508394057802,
          1.2010815265821955,
          0.6657229095451541,
          0.29748172258752936,
          1.094447636567173,
          0.7506185743779373
        ],
        [
          0.9512086214650047,
          0.6036124676713446,
          0.4389423750509365,
          1.3310041278824398,
          1.158536440860889,
          1.4077866646382344,
          0.6660686601665362,
          0.9997506176033459,
          1.3094990631478802,
          0.0962925465069362,
          0.8877023126689879,
          0.5051788429948801,
          1.0113433096450661,
          1.2381412278738897,
          1.7251395790941109,
          0.4071749027346635
        ],
        [
          1.2676603831075646,
          1.177799074617416,
          0.6238169983341216,
          1.4705457112525644,
          1.1937897604987617,
          0.3580861427438866,
          1.3604200329871392,
          1.2793808894428063,
          1.2591508394057802,
          0.8877023126689879,
          0.35145402250173463,
          0.4223074712937369,
          0.9438413231042325,
          0.732410979731147,
          1.3745981874260993,
          1.0105784317893678
        ],
        [
          0.6395142372926569,
          0.9849855421690288,
          0.5907054427517497,
          0.5741893794829817,
          0.9430275723370097,
          1.0037981922090575,
          1.5840578029970511,
          0.9143320640804872,
          1.2010815265821955,
          0.5051788429948801,
          0.4223074712937369,
          0.3055787318235226,
          0.9190465711795051,
          1.140769189896957,
          0.7974565467376952,
          1.5358215166899443
        ],
        [
          1.5412565715882978,
          0.7896354522969472,
          1.4748657984150664,
          1.1095822567756362,
          1.0271243663805818,
          1.8328613799081583,
          0.3870548502545995,
          1.4893345544746164,
          0.6657229095451541,
          1.0113433096450661,
          0.9438413231042325,
          0.9190465711795051,
          0.6570622452754247,
          0.7060840645697761,
          0.4299695739410312,
          1.8805666348072747
        ],
        [
          0.7904962087401306,
          1.2557975832163173,
          1.224558470243522,
          1.0021414746891146,
          0.7149471804381543,
          1.4499564394654219,
          1.0796153354288855,
          0.9759114691396832,
          0.29748172258752936,
          1.2381412278738897,
          0.732410979731147,
          1.140769189896957,
          0.7060840645697761,
          0.37324309441960546,
          0.9330822186469544,
          1.5949159630291136
        ],
        [
          1.3391195828924374,
          1.0315486301926156,
          1.0327883723149454,
          0.7650864280159486,
          1.4835082710456815,
          0.7862320348828022,
          1.0909577827523886,
          1.0562211019317838,
          1.094447636567173,
          1.7251395790941109,
          1.3745981874260993,
          0.7974565467376952,
          0.4299695739410312,
          0.9330822186469544,
          0.6918124964527301,
          0.7622412721044941
        ],
        [
          0.4115620899370903,
          0.5934706595224898,
          0.7967066249600202,
          1.926659483541867,
          1.3414766635548232,
          1.314157201138906,
          0.11699312147635721,
          1.7575681808303958,
          0.7506185743779373,
          0.4071749027346635,
          1.0105784317893678,
          1.5358215166899443,
          1.8805666348072747,
          1.5949159630291136,
          0.7622412721044941,
          1.1110977130173263
        ]
      ],
      "b_vector": [
        0.42023566305107174,
        0.27113561510509454,
        0.1480170506902286,
        0.3321505548767799,
        0.3464692965222334,
        0.06755139431945079,
        0.09017501090611521,
        0.34897604832301515,
        0.10137868188956417,
        0.014278616241058117,
        0.34995953248356904,
        0.23687725178365382,
        0.3169226014367552,
        0.025557105771651763,
        0.2691898766759955,
        0.02267453738496627
      ]
    }
  ],
  "shots": 3000,
  "backend": "sv1",
  "device_arn": "SV1",
  "aws_region": "eu-west-2",
  "ideal_preprocessing_list": [
    [
      [
        -3.079858013003644,
        -3.060738717261853,
        -2.340000581335543,
        -1.9233113317369126,
        -1.342465151848573,
        -1.3196344402400724,
        -0.7016505703681961,
        -0.19341059741728098,
        0.08321296080360345,
        0.23526780643783912,
        0.41653710749790734,
        0.8324539187100986,
        1.499162401939198,
        1.9556711043329085,
        2.377047104291712,
        16.153318633887476
      ],
      [
        0.2757464664796224,
        0.22935605382085433,
        0.0018887292450617335,
        0.06067884924860076,
        0.013828079802087612,
        0.006996656908588472,
        0.0938977914218389,
        0.0868154207915729,
        0.05807143565762314,
        0.21804591411418478,
        0.2467571434534264,
        0.03503254457253982,
        0.18249382830438954,
        0.015498784837697122,
        0.10722183864472645,
        0.8324703619509007
      ]
    ]
  ],
  "probability_threshold": 0,
  "k_qubits": 7,
  "preprocessing_mode": "ideal",
  "projection_mode": "all_components",
  "projection_subset": null,
  "num_solution_qubits": 4,
  "num_projections": 16,
  "projector_basis_states": [
    0,
    1,
    2,
    3,
    4,
    5,
    6,
    7,
    8,
    9,
    10,
    11,
    12,
    13,
    14,
    15
  ],
  "enhanced_projection_results": [
    {
      "problem_index": 0,
      "projection_tasks": [
        {
          "basis_state": 0,
          "task_id": "arn:aws:braket:eu-west-2:380012739362:quantum-task/806655d4-25d4-4865-845b-ff62d121e6b7",
          "status": "DONE",
          "shots": 3000,
          "created_at": "2025-12-21 13:02:22.264000+00:00",
          "ended_at": "2025-12-21 13:02:29.259000+00:00",
          "execution_time_seconds": 6.995,
          "counts": {
            "000100000000": 180,
            "101000000000": 354,
            "011100000000": 385,
            "001000000000": 97,
            "111000000000": 262,
            "010000000000": 332,
            "110000000000": 219,
            "000000000000": 470,
            "001100000000": 356,
            "011000000000": 15,
            "101100000000": 152,
            "000011100001": 1,
            "100000000000": 23,
            "001100000001": 3,
            "000101000000": 1,
            "111000000001": 4,
            "110100000000": 17,
            "101100000001": 22,
            "000100000001": 16,
            "110000000001": 4,
            "110100000001": 10,
            "011100000001": 4,
            "101001100000": 1,
            "101000000001": 13,
            "010100000001": 2,
            "111100000000": 1,
            "100111101001": 1,
            "101101000000": 2,
            "111001100001": 1,
            "010100000000": 15,
            "001000000001": 2,
            "100111000000": 1,
            "101011000000": 1,
            "101110000001": 1,
            "100101110001": 1,
            "110010000001": 1,
            "100100000000": 4,
            "100100000001": 3,
            "011111000000": 1,
            "011110100001": 1,
            "000110110000": 1,
            "110110000000": 1,
            "000101100000": 1,
            "011101000001": 1,
            "011110000000": 1,
            "101001000000": 1,
            "101001100001": 2,
            "111000010000": 1,
            "101010000000": 1,
            "010111100001": 1,
            "111001000001": 1,
            "101111000001": 1,
            "000011000001": 1,
            "100101000001": 1,
            "000011100000": 1,
            "110110000001": 1,
            "100110100001": 1,
            "111001010001": 1,
            "100100110000": 1,
            "100100111000": 1
          },
          "component_probability": 0.019801980198019802,
          "success_rate": 0.033666666666666664
        },
        {
          "basis_state": 1,
          "task_id": "arn:aws:braket:eu-west-2:380012739362:quantum-task/0a76dd7b-42b4-4ced-9048-3e6ecc7136e1",
          "status": "DONE",
          "shots": 3000,
          "created_at": "2025-12-21 13:02:27.572000+00:00",
          "ended_at": "2025-12-21 13:02:36.580000+00:00",
          "execution_time_seconds": 9.008,
          "counts": {
            "010000000000": 362,
            "001100000000": 351,
            "101000000000": 342,
            "011000000000": 29,
            "101100000000": 147,
            "000100000000": 178,
            "011100000000": 358,
            "101100000001": 14,
            "110000000000": 243,
            "000000000000": 477,
            "111000000000": 240,
            "100110110001": 1,
            "110100000000": 16,
            "100101100001": 1,
            "101000000001": 10,
            "001000000000": 100,
            "111001000000": 2,
            "101001100001": 2,
            "010100000000": 14,
            "101110100001": 1,
            "111000000001": 6,
            "101101000000": 1,
            "100100000000": 3,
            "001000000001": 4,
            "010100000001": 1,
            "110000000001": 6,
            "110110110001": 1,
            "100111000010": 1,
            "100010000001": 1,
            "101011000001": 1,
            "010101011001": 1,
            "000100000001": 15,
            "100100000001": 9,
            "001110100001": 1,
            "100000000000": 16,
            "100000000001": 2,
            "110100000001": 6,
            "011010110001": 1,
            "110110000001": 1,
            "011100000001": 2,
            "111000010000": 1,
            "010011000001": 1,
            "001100000001": 1,
            "111001100001": 1,
            "010001111000": 1,
            "111100000000": 3,
            "111001000001": 1,
            "110100100000": 2,
            "001101000001": 1,
            "010101100001": 1,
            "111011010000": 1,
            "100111000000": 1,
            "000010000001": 1,
            "100111110000": 1,
            "101001000001": 2,
            "100110101001": 1,
            "010011100000": 1,
            "000101000001": 1,
            "101111000001": 1,
            "110101000001": 1,
            "110010000001": 1,
            "001011100001": 1,
            "000111100000": 1,
            "010011000000": 1,
            "110001100001": 1,
            "100110100001": 1,
            "101110000001": 1,
            "011111000001": 1,
            "010001000000": 1
          },
          "component_probability": 0.1509433962264151,
          "success_rate": 0.035333333333333335
        },
        {
          "basis_state": 2,
          "task_id": "arn:aws:braket:eu-west-2:380012739362:quantum-task/383aa73e-a8db-4de7-a86a-01d410df6fdd",
          "status": "DONE",
          "shots": 3000,
          "created_at": "2025-12-21 13:02:34.242000+00:00",
          "ended_at": "2025-12-21 13:02:42.242000+00:00",
          "execution_time_seconds": 8.0,
          "counts": {
            "000000000000": 446,
            "101000000000": 363,
            "010000000000": 333,
            "011100000000": 366,
            "101011000001": 2,
            "111000000000": 277,
            "001100000000": 343,
            "101100000000": 161,
            "110000000000": 257,
            "100000000000": 22,
            "001000000000": 88,
            "000100000000": 182,
            "101100000001": 19,
            "011000000000": 31,
            "101000000001": 11,
            "101010100001": 1,
            "000101000000": 1,
            "110100000000": 16,
            "110101110001": 1,
            "000100000001": 5,
            "000101110001": 1,
            "000110000001": 3,
            "100100000000": 4,
            "111000000001": 4,
            "011001110111": 1,
            "001100000001": 1,
            "000010000001": 1,
            "011101000001": 1,
            "110101000001": 2,
            "001000100001": 1,
            "010101000001": 1,
            "010111110000": 1,
            "011100000001": 3,
            "010100000000": 12,
            "100111110101": 1,
            "010001000001": 1,
            "101001100001": 2,
            "110001100001": 1,
            "110101001001": 1,
            "010100000001": 3,
            "101111100000": 1,
            "001000000001": 2,
            "100100000001": 4,
            "000101000001": 1,
            "110110000001": 2,
            "010100100000": 1,
            "110000000001": 3,
            "111011100000": 1,
            "100010010001": 1,
            "100100100000": 1,
            "010011000001": 1,
            "001101100101": 1,
            "101001000001": 1,
            "111001100001": 1,
            "100001100000": 1,
            "100000000001": 1,
            "101101100001": 2,
            "011111000001": 1,
            "110110010001": 1,
            "100010000001": 1,
            "111101000001": 1,
            "010101011001": 1
          },
          "component_probability": 0.03260869565217391,
          "success_rate": 0.030666666666666665
        },
        {
          "basis_state": 3,
          "task_id": "arn:aws:braket:eu-west-2:380012739362:quantum-task/6d400e6a-f4d2-4a72-8dcb-c5f422cc904d",
          "status": "DONE",
          "shots": 3000,
          "created_at": "2025-12-21 13:02:39.261000+00:00",
          "ended_at": "2025-12-21 13:02:46.284000+00:00",
          "execution_time_seconds": 7.023,
          "counts": {
            "001100000000": 319,
            "101000000000": 376,
            "000000000000": 461,
            "110000000000": 241,
            "011100000000": 402,
            "001000000000": 95,
            "010000000000": 362,
            "000100000000": 187,
            "100000000000": 22,
            "111000000000": 224,
            "101100000001": 15,
            "101100000000": 157,
            "100101000001": 3,
            "110000100000": 1,
            "110100000000": 17,
            "100100000001": 5,
            "011000000000": 22,
            "101001101001": 1,
            "000100000001": 3,
            "110000000001": 3,
            "101000000001": 12,
            "101101000001": 1,
            "011101000001": 2,
            "010100000000": 14,
            "101011000001": 1,
            "101001100001": 4,
            "100111011001": 1,
            "111001110001": 1,
            "001100000001": 1,
            "001101000001": 1,
            "000101100001": 1,
            "010000000001": 1,
            "101001010001": 1,
            "111000000001": 10,
            "100111100000": 1,
            "111010000001": 2,
            "111001000001": 1,
            "110100000001": 1,
            "111001100001": 3,
            "111100000000": 2,
            "101011100000": 1,
            "000100101000": 1,
            "010101100001": 1,
            "101010010001": 1,
            "110001000001": 1,
            "100100000000": 1,
            "010010000000": 1,
            "011111000000": 1,
            "011100000001": 3,
            "010001000000": 1,
            "111000010000": 2,
            "010100000001": 1,
            "100111010000": 1,
            "110100100000": 1,
            "100000000001": 1,
            "001101010111": 1,
            "001000000001": 1,
            "101100100000": 1,
            "000110000011": 1,
            "111111011001": 1
          },
          "component_probability": 0.03488372093023256,
          "success_rate": 0.028666666666666667
        },
        {
          "basis_state": 4,
          "task_id": "arn:aws:braket:eu-west-2:380012739362:quantum-task/dee38331-6adf-45b9-86f3-e5926fe6deec",
          "status": "DONE",
          "shots": 3000,
          "created_at": "2025-12-21 13:02:44.242000+00:00",
          "ended_at": "2025-12-21 13:02:51.736000+00:00",
          "execution_time_seconds": 7.494,
          "counts": {
            "101000000000": 340,
            "000000000000": 472,
            "101100000000": 143,
            "111000000000": 263,
            "011100000000": 407,
            "001100000000": 327,
            "110000000000": 245,
            "010000000000": 343,
            "100000000000": 17,
            "000100000000": 187,
            "101000000001": 23,
            "001000000000": 83,
            "110100000000": 15,
            "101100000001": 17,
            "011000000000": 24,
            "101111000001": 3,
            "110100000001": 9,
            "000110000001": 3,
            "111001010001": 1,
            "110001000000": 1,
            "000100000001": 3,
            "101101100001": 1,
            "010011110001": 1,
            "100100000001": 6,
            "001011110001": 1,
            "110010100001": 1,
            "100100000000": 4,
            "010100000000": 11,
            "000101100001": 1,
            "001110100001": 2,
            "111000110000": 1,
            "001110110001": 1,
            "111100000000": 4,
            "000000000001": 2,
            "100110100001": 1,
            "110000000001": 3,
            "101001000001": 2,
            "010011100001": 1,
            "001110000001": 1,
            "101001000000": 2,
            "101101000001": 1,
            "110001001001": 1,
            "000101000001": 1,
            "000001000001": 1,
            "110111000000": 1,
            "001000000001": 1,
            "110101000001": 1,
            "011100000001": 2,
            "000110000000": 1,
            "110110000000": 1,
            "111001100001": 1,
            "111000000001": 2,
            "011101000000": 1,
            "011100100000": 1,
            "101111100000": 1,
            "100111100000": 1,
            "011001110101": 1,
            "110000100000": 1,
            "111001000000": 1,
            "101110000001": 1,
            "000010000001": 1,
            "001001000001": 1,
            "101010000000": 1,
            "001000100000": 1,
            "101100001000": 1,
            "110100100000": 1
          },
          "component_probability": 0.02040816326530612,
          "success_rate": 0.03266666666666666
        },
        {
          "basis_state": 5,
          "task_id": "arn:aws:braket:eu-west-2:380012739362:quantum-task/3aea7d7a-c227-451e-8231-d5d7d5c74dc1",
          "status": "DONE",
          "shots": 3000,
          "created_at": "2025-12-21 13:02:49.531000+00:00",
          "ended_at": "2025-12-21 13:02:58.890000+00:00",
          "execution_time_seconds": 9.359,
          "counts": {
            "010000000000": 354,
            "001100000000": 346,
            "110000000000": 225,
            "111000000000": 274,
            "101000000000": 334,
            "000100000000": 184,
            "100110000001": 1,
            "001000000000": 87,
            "011100000001": 5,
            "000000000000": 473,
            "011100000000": 370,
            "100100000001": 8,
            "111001000001": 2,
            "010100000000": 16,
            "101100000000": 143,
            "011000000000": 40,
            "101000000001": 16,
            "101100000001": 27,
            "000100000001": 4,
            "100000000000": 15,
            "100111011001": 1,
            "110111100000": 1,
            "100100000000": 3,
            "110000000001": 6,
            "111000000001": 3,
            "001011100001": 1,
            "110100000000": 15,
            "110101100001": 1,
            "110111000001": 1,
            "100101100001": 2,
            "110010000001": 1,
            "000101000001": 1,
            "110110000001": 2,
            "101011010000": 1,
            "100000000001": 3,
            "110100000001": 5,
            "001000000001": 1,
            "101101000000": 1,
            "000110000001": 1,
            "101111000001": 3,
            "010000100000": 1,
            "111001100001": 1,
            "000100111001": 1,
            "110000100000": 1,
            "110001000000": 1,
            "111100000000": 1,
            "100101000001": 2,
            "001101100001": 1,
            "110101000001": 1,
            "110111010001": 1,
            "000000100000": 1,
            "000110000000": 1,
            "100111000000": 2,
            "110000110000": 1,
            "110111111100": 1,
            "101001000000": 1,
            "101101100001": 1,
            "110111011101": 1,
            "101110100001": 1,
            "100110100001": 1,
            "010100000001": 1
          },
          "component_probability": 0.009345794392523364,
          "success_rate": 0.035666666666666666
        },
        {
          "basis_state": 6,
          "task_id": "arn:aws:braket:eu-west-2:380012739362:quantum-task/f1c92de4-817c-4bb9-92f3-b77e17c86b88",
          "status": "DONE",
          "shots": 3000,
          "created_at": "2025-12-21 13:02:54.939000+00:00",
          "ended_at": "2025-12-21 13:03:01.885000+00:00",
          "execution_time_seconds": 6.946,
          "counts": {
            "011000000000": 31,
            "011100000000": 361,
            "000000000000": 503,
            "110000000000": 242,
            "101100000000": 148,
            "000100000000": 179,
            "111000000000": 261,
            "010000000000": 334,
            "101000000000": 324,
            "110100000000": 24,
            "000100000001": 8,
            "101001001001": 1,
            "001000000000": 100,
            "100100000001": 8,
            "001100000000": 342,
            "011100000001": 4,
            "101000000001": 28,
            "010100000001": 3,
            "101100000001": 17,
            "010100000000": 13,
            "111010000001": 1,
            "100000000000": 12,
            "111100000000": 2,
            "101001100001": 2,
            "101000100001": 1,
            "111000000001": 3,
            "011101000001": 2,
            "000010000001": 1,
            "100111110001": 1,
            "100100000000": 3,
            "110110000001": 1,
            "100101000001": 2,
            "110100000001": 4,
            "001101110001": 1,
            "110000000001": 7,
            "101001000000": 2,
            "000011000000": 1,
            "000110100001": 1,
            "101111000001": 2,
            "110100000100": 1,
            "111001111001": 1,
            "101010000000": 1,
            "110011000000": 1,
            "010001010101": 1,
            "011001100001": 1,
            "101011000001": 2,
            "010001110000": 1,
            "100000000001": 5,
            "111001100001": 1,
            "001001100000": 1,
            "111010100001": 1,
            "100101100001": 1,
            "001100000001": 1,
            "001110000001": 1
          },
          "component_probability": 0.008849557522123894,
          "success_rate": 0.03766666666666667
        },
        {
          "basis_state": 7,
          "task_id": "arn:aws:braket:eu-west-2:380012739362:quantum-task/5f4990a2-8a90-43ae-a56a-3463b524e865",
          "status": "DONE",
          "shots": 3000,
          "created_at": "2025-12-21 13:03:00.031000+00:00",
          "ended_at": "2025-12-21 13:03:07.132000+00:00",
          "execution_time_seconds": 7.101,
          "counts": {
            "000000000000": 476,
            "011100000000": 347,
            "010000000000": 353,
            "111000000000": 267,
            "110000000000": 247,
            "101100000000": 150,
            "000100000000": 180,
            "001100000000": 336,
            "001000000000": 94,
            "101000000000": 335,
            "100000000000": 19,
            "101101000001": 1,
            "011000000000": 32,
            "010100000000": 10,
            "100100000001": 4,
            "110111101000": 1,
            "101000000001": 16,
            "101111000001": 1,
            "101100000001": 17,
            "110010100001": 1,
            "110100000000": 24,
            "111100000000": 2,
            "101101100001": 4,
            "110100000001": 8,
            "010100000001": 2,
            "100000000001": 1,
            "100111100000": 1,
            "110000000001": 6,
            "110111100000": 2,
            "001010010001": 1,
            "100101000001": 3,
            "101001000000": 1,
            "110100100000": 1,
            "001111100001": 1,
            "110101000001": 2,
            "011111000001": 1,
            "101011000001": 1,
            "011101000001": 2,
            "001000101000": 1,
            "000100100000": 1,
            "110110100001": 1,
            "100011100001": 1,
            "110001000000": 1,
            "101000010000": 1,
            "111001100001": 1,
            "100110100001": 2,
            "110101000000": 1,
            "111001000001": 1,
            "110000100000": 1,
            "100100000000": 2,
            "111010000001": 1,
            "100101110001": 1,
            "101110000001": 1,
            "111000000001": 5,
            "101010100001": 1,
            "101010000000": 1,
            "100110000001": 1,
            "101110100001": 1,
            "100110110001": 1,
            "001000000001": 2,
            "110110000001": 1,
            "000100000001": 2,
            "001011110001": 1,
            "101110000000": 1,
            "001100000001": 2,
            "011100000001": 2,
            "100111100001": 1,
            "100000110001": 1,
            "011010011001": 1,
            "101111010111": 1,
            "000110000001": 1,
            "110011000000": 1,
            "111001101001": 1,
            "010101000001": 1,
            "110101100001": 1,
            "111001010001": 1,
            "110111000001": 1,
            "000110100001": 1
          },
          "component_probability": 0.04504504504504504,
          "success_rate": 0.037
        },
        {
          "basis_state": 8,
          "task_id": "arn:aws:braket:eu-west-2:380012739362:quantum-task/e8507335-f450-4a5b-a51e-0986d170715d",
          "status": "DONE",
          "shots": 3000,
          "created_at": "2025-12-21 13:03:05.510000+00:00",
          "ended_at": "2025-12-21 13:03:15.264000+00:00",
          "execution_time_seconds": 9.754,
          "counts": {
            "010000000000": 324,
            "110000000000": 229,
            "001000000000": 77,
            "000100000000": 192,
            "000000000000": 511,
            "111000000000": 239,
            "011100000000": 361,
            "101100000000": 155,
            "001100000000": 327,
            "101000000000": 350,
            "110100000001": 10,
            "110100000000": 19,
            "000100000001": 9,
            "100101100001": 3,
            "011000000000": 35,
            "111011100000": 1,
            "000101110001": 1,
            "101100000001": 29,
            "111001000001": 1,
            "111000000001": 6,
            "100000000001": 3,
            "100000000000": 18,
            "101000000001": 16,
            "011110100001": 1,
            "110000000001": 7,
            "000011100000": 1,
            "110110000001": 2,
            "001010100001": 1,
            "001000000001": 4,
            "100100000001": 9,
            "111010000001": 2,
            "011100000001": 3,
            "010100000000": 7,
            "011111000000": 1,
            "011101000001": 2,
            "001100000001": 2,
            "111001110001": 1,
            "100100000000": 3,
            "101101100001": 1,
            "100011100001": 1,
            "010100000001": 4,
            "100110100001": 1,
            "010010110001": 1,
            "011101110101": 1,
            "010011000001": 1,
            "101011100000": 2,
            "111101000001": 1,
            "010011010001": 1,
            "101111100000": 1,
            "110100100000": 1,
            "111100000000": 3,
            "000100110001": 1,
            "101110000000": 1,
            "110101100001": 1,
            "000100010000": 1,
            "101001100001": 2,
            "110001000001": 1,
            "110001100001": 1,
            "111000100000": 1,
            "000001000001": 1,
            "010110100001": 1,
            "100111100001": 1,
            "000110101001": 1,
            "000110010001": 1,
            "001101010001": 1,
            "011111000001": 1,
            "100110010000": 1,
            "001001101000": 1,
            "111011110000": 1
          },
          "component_probability": 0.029197080291970802,
          "success_rate": 0.04566666666666667
        },
        {
          "basis_state": 9,
          "task_id": "arn:aws:braket:eu-west-2:380012739362:quantum-task/c1439390-332f-42c1-bd35-7909d82da927",
          "status": "DONE",
          "shots": 3000,
          "created_at": "2025-12-21 13:03:10.472000+00:00",
          "ended_at": "2025-12-21 13:03:18.240000+00:00",
          "execution_time_seconds": 7.768,
          "counts": {
            "011100000000": 365,
            "001100000000": 343,
            "000000000000": 516,
            "111000000000": 256,
            "101100000000": 162,
            "010000000000": 361,
            "110000000000": 246,
            "101000000000": 301,
            "100000000000": 20,
            "101111010110": 1,
            "000100000000": 177,
            "101111000001": 3,
            "011000000000": 32,
            "101000000001": 13,
            "001000000000": 75,
            "101100000001": 25,
            "110101000001": 3,
            "110000000001": 3,
            "010011000001": 1,
            "010011000000": 1,
            "011100000001": 8,
            "110100000000": 12,
            "000100000001": 7,
            "100101000001": 3,
            "000001000000": 1,
            "010100000000": 9,
            "110110000001": 1,
            "111000000001": 5,
            "110100000001": 6,
            "101000100000": 1,
            "111001100001": 2,
            "001110110001": 2,
            "010100000001": 1,
            "011111000001": 2,
            "101101000000": 1,
            "100000000001": 4,
            "001000000001": 2,
            "110100100000": 1,
            "010101110100": 1,
            "110010000001": 1,
            "001011100001": 1,
            "101101100001": 1,
            "100100000001": 4,
            "111010000000": 1,
            "011111000000": 1,
            "100111101000": 1,
            "111011110000": 1,
            "011010000001": 1,
            "101001010001": 1,
            "110111100000": 1,
            "010001100000": 1,
            "010110100001": 1,
            "001110000001": 1,
            "100010100001": 1,
            "100111100000": 1,
            "000000010000": 1,
            "110110110001": 1,
            "101101000001": 1,
            "100110100001": 1,
            "011110100001": 1,
            "101101110100": 1,
            "111001000001": 1,
            "110000100000": 1
          },
          "component_probability": 0.07407407407407407,
          "success_rate": 0.036
        },
        {
          "basis_state": 10,
          "task_id": "arn:aws:braket:eu-west-2:380012739362:quantum-task/d6813d65-5220-4dfa-ba7e-095dfb4cb81e",
          "status": "DONE",
          "shots": 3000,
          "created_at": "2025-12-21 13:03:15.470000+00:00",
          "ended_at": "2025-12-21 13:03:22.280000+00:00",
          "execution_time_seconds": 6.81,
          "counts": {
            "101000000000": 339,
            "110000000000": 231,
            "000000000000": 468,
            "011100000000": 424,
            "101100000001": 27,
            "010000000000": 351,
            "001100000000": 341,
            "001000000000": 89,
            "110100000000": 15,
            "111000000000": 249,
            "000100000000": 164,
            "100000000000": 14,
            "101100000000": 142,
            "011000000000": 29,
            "101000000001": 23,
            "100110000001": 1,
            "100101000001": 1,
            "100100000001": 6,
            "101111000001": 2,
            "110100000001": 4,
            "010001111001": 1,
            "010100000001": 2,
            "110011100000": 2,
            "100110000000": 1,
            "111000000001": 8,
            "100100000000": 3,
            "000100000001": 9,
            "111001000000": 1,
            "100110011001": 1,
            "100111100000": 2,
            "100110110001": 1,
            "110011110000": 1,
            "001011110001": 1,
            "110110000001": 3,
            "111001000001": 2,
            "010100000000": 9,
            "111011110000": 1,
            "111001010001": 1,
            "101101000000": 1,
            "001101100001": 1,
            "110100110001": 1,
            "011101000001": 1,
            "100110100001": 1,
            "001101000001": 3,
            "101001000000": 1,
            "100000000001": 2,
            "011100000001": 4,
            "111100000000": 1,
            "010001000001": 2,
            "100110010001": 1,
            "111010000001": 1,
            "110101100000": 1,
            "110000000001": 1,
            "111111100000": 1,
            "101000100000": 1,
            "011110010000": 1,
            "101111100000": 1,
            "110001000001": 1,
            "000110000001": 1,
            "111001011011": 1,
            "001011100001": 1,
            "111001100001": 1
          },
          "component_probability": 0.19827586206896552,
          "success_rate": 0.03866666666666667
        },
        {
          "basis_state": 11,
          "task_id": "arn:aws:braket:eu-west-2:380012739362:quantum-task/80b96924-495e-4f1a-a1df-cc8f1a79eba6",
          "status": "DONE",
          "shots": 3000,
          "created_at": "2025-12-21 13:03:20.277000+00:00",
          "ended_at": "2025-12-21 13:03:28.887000+00:00",
          "execution_time_seconds": 8.61,
          "counts": {
            "101000000000": 362,
            "010000000000": 331,
            "111000000001": 10,
            "111000000000": 269,
            "000000000000": 448,
            "101100000000": 168,
            "011100000000": 374,
            "001100000000": 333,
            "101001000001": 2,
            "101100000001": 25,
            "101001000000": 1,
            "101011000001": 1,
            "000100000001": 5,
            "000100000000": 174,
            "110000000000": 263,
            "100100000001": 7,
            "011000000000": 28,
            "001000000000": 75,
            "100000000000": 16,
            "010100000000": 9,
            "011100000001": 3,
            "101000000001": 12,
            "110100000001": 7,
            "100111100000": 1,
            "110100000000": 19,
            "001000000001": 3,
            "011111000001": 2,
            "110101000001": 3,
            "110111000001": 1,
            "111001000001": 1,
            "110000000001": 6,
            "001101100001": 1,
            "001101101001": 1,
            "100100000000": 2,
            "100000000001": 2,
            "001010000001": 1,
            "101001100001": 3,
            "110110000001": 1,
            "001100110000": 1,
            "110010000000": 1,
            "101011100000": 1,
            "001101000001": 1,
            "011101100001": 1,
            "000110000001": 2,
            "110101100001": 1,
            "100101100001": 1,
            "110011000000": 1,
            "001011010001": 1,
            "100110100001": 1,
            "111011100000": 1,
            "100010000001": 1,
            "011101000001": 1,
            "101101100001": 1,
            "010101100001": 1,
            "101110000000": 1,
            "100101000001": 2,
            "100101110111": 1,
            "111011000001": 1,
