{
  "problem_list": [
    {
      "A_matrix": [
        [
          1.7740859428204008,
          1.2575863695908522,
          0.9259253610704469,
          1.2786427743637128,
          1.261443620827035,
          1.9721091361835954,
          0.3370753657680332,
          0.8538515255707864
        ],
        [
          1.2575863695908522,
          1.6329436978694376,
          0.33086504086242596,
          1.2068367400762459,
          1.116927608058447,
          0.9011806990159552,
          1.9317078242958843,
          0.22691197490922888
        ],
        [
          0.9259253610704469,
          0.33086504086242596,
          0.6115579740478727,
          1.2028572006067122,
          0.6958926751013257,
          1.594500245831021,
          0.7890568298516528,
          0.41189430508057234
        ],
        [
          1.2786427743637128,
          1.2068367400762459,
          1.2028572006067122,
          0.22055949474144088,
          0.8349302620893858,
          0.9309693362336174,
          0.6736540000566373,
          0.9349794960061613
        ],
        [
          1.261443620827035,
          1.116927608058447,
          0.6958926751013257,
          0.8349302620893858,
          1.6624729026113239,
          1.1303354267429917,
          1.0113125514716736,
          0.6208173825550236
        ],
        [
          1.9721091361835954,
          0.9011806990159552,
          1.594500245831021,
          0.9309693362336174,
          1.1303354267429917,
          0.3913281972718021,
          0.7643403880882266,
          1.05901938671122
        ],
        [
          0.3370753657680332,
          1.9317078242958843,
          0.7890568298516528,
          0.6736540000566373,
          1.0113125514716736,
          0.7643403880882266,
          1.1899759272866948,
          0.9325886548791439
        ],
        [
          0.8538515255707864,
          0.22691197490922888,
          0.41189430508057234,
          0.9349794960061613,
          0.6208173825550236,
          1.05901938671122,
          0.9325886548791439,
          0.21649758849616085
        ]
      ],
      "b_vector": [
        0.4944020906960767,
        0.3321763757233335,
        0.1568101404483336,
        0.44225407640440056,
        0.18045300899815117,
        0.5929733693492114,
        0.01928120458811785,
        0.20123337153343068
      ]
    }
  ],
  "shots": 3000,
  "backend": "sv1",
  "device_arn": "SV1",
  "aws_region": "eu-west-2",
  "ideal_preprocessing_list": [
    [
      [
        -1.7796052204577486,
        -1.2150673367491998,
        -0.4909153903347919,
        0.022156927772925033,
        0.5647196999395444,
        0.7146858322079823,
        1.8995687445403886,
        7.983878468226035
      ],
      [
        0.18886288583860464,
        0.18425536106056353,
        0.08940100191828412,
        0.03627346403732038,
        0.22643680524322252,
        0.0291650342940849,
        0.27928109038707344,
        0.8893538752903538
      ]
    ]
  ],
  "probability_threshold": 0,
  "k_qubits": 7,
  "preprocessing_mode": "ideal",
  "projection_mode": "all_components",
  "projection_subset": null,
  "num_solution_qubits": 3,
  "num_projections": 8,
  "projector_basis_states": [
    0,
    1,
    2,
    3,
    4,
    5,
    6,
    7
  ],
  "enhanced_projection_results": [
    {
      "problem_index": 0,
      "projection_tasks": [
        {
          "basis_state": 0,
          "task_id": "arn:aws:braket:eu-west-2:380012739362:quantum-task/00a7fc5c-1260-4c87-8944-8248f6d8a078",
          "status": "DONE",
          "shots": 3000,
          "created_at": "2025-12-21 12:52:42.919000+00:00",
          "ended_at": "2025-12-21 12:52:46.311000+00:00",
          "execution_time_seconds": 3.392,
          "counts": {
            "00000000000": 713,
            "10100000000": 1037,
            "00100000000": 349,
            "11100000000": 95,
            "01100000000": 591,
            "10000000000": 107,
            "11001000000": 1,
            "01000000000": 96,
            "00000011101": 1,
            "00000100000": 2,
            "10110010001": 1,
            "11000000000": 1,
            "00001110001": 1,
            "00100100001": 1,
            "00100100000": 1,
            "00110111001": 1,
            "01000000001": 1,
            "00000000001": 1
          },
          "component_probability": 0.42857142857142855,
          "success_rate": 0.0023333333333333335
        },
        {
          "basis_state": 1,
          "task_id": "arn:aws:braket:eu-west-2:380012739362:quantum-task/d114120c-88f5-4a3b-b5ce-3748ce782011",
          "status": "DONE",
          "shots": 3000,
          "created_at": "2025-12-21 12:52:45.655000+00:00",
          "ended_at": "2025-12-21 12:52:49.254000+00:00",
          "execution_time_seconds": 3.599,
          "counts": {
            "00000000000": 706,
            "01100000000": 609,
            "10100000000": 1066,
            "01000000000": 93,
            "00100000000": 327,
            "10000000000": 99,
            "11100000000": 85,
            "10000000001": 2,
            "00000000001": 3,
            "00101100001": 1,
            "00101000001": 1,
            "11100000001": 4,
            "01011110001": 1,
            "01000000001": 1,
            "11000000000": 1,
            "11110110000": 1
          },
          "component_probability": 0.15384615384615385,
          "success_rate": 0.004333333333333333
        },
        {
          "basis_state": 2,
          "task_id": "arn:aws:braket:eu-west-2:380012739362:quantum-task/6510ec55-6fd9-41a0-a5a4-9ca30546f6a9",
          "status": "DONE",
          "shots": 3000,
          "created_at": "2025-12-21 12:52:48.030000+00:00",
          "ended_at": "2025-12-21 12:52:52.148000+00:00",
          "execution_time_seconds": 4.118,
          "counts": {
            "10100000000": 1008,
            "00100000000": 355,
            "01000000000": 83,
            "00000000000": 709,
            "01100000000": 621,
            "10000000000": 126,
            "01000000001": 4,
            "11100000000": 86,
            "10001110001": 1,
            "00000000001": 1,
            "00000101000": 1,
            "00100110001": 1,
            "10000100000": 1,
            "10000000001": 1,
            "00111101111": 1,
            "10011110001": 1
          },
          "component_probability": 0.4,
          "success_rate": 0.0033333333333333335
        },
        {
          "basis_state": 3,
          "task_id": "arn:aws:braket:eu-west-2:380012739362:quantum-task/526fc96d-6c50-437e-981c-00764418a6e6",
          "status": "DONE",
          "shots": 3000,
          "created_at": "2025-12-21 12:52:50.147000+00:00",
          "ended_at": "2025-12-21 12:52:54.190000+00:00",
          "execution_time_seconds": 4.043,
          "counts": {
            "10100000000": 1017,
            "00100000000": 362,
            "00000000000": 726,
            "10000000000": 102,
            "01100000000": 593,
            "11100000000": 92,
            "01000000000": 92,
            "11000000000": 2,
            "10001000001": 2,
            "01000000001": 3,
            "10000100000": 1,
            "00000000001": 1,
            "11100000001": 1,
            "11111000000": 1,
            "10001000101": 1,
            "00100100000": 1,
            "10011110000": 1,
            "11100010000": 1,
            "11101100001": 1
          },
          "component_probability": 0.0,
          "success_rate": 0.003
        },
        {
          "basis_state": 4,
          "task_id": "arn:aws:braket:eu-west-2:380012739362:quantum-task/bd82b1b7-02b9-4e63-aec0-b099236fffbc",
          "status": "DONE",
          "shots": 3000,
          "created_at": "2025-12-21 12:52:52.645000+00:00",
          "ended_at": "2025-12-21 12:52:56.870000+00:00",
          "execution_time_seconds": 4.225,
          "counts": {
            "00100000000": 344,
            "10100000000": 1095,
            "01100000000": 586,
            "01000000001": 2,
            "11100000000": 95,
            "10000000000": 90,
            "00000000000": 693,
            "01000000000": 82,
            "10000100001": 1,
            "11001101000": 1,
            "00000100000": 1,
            "00110010101": 1,
            "00111101011": 1,
            "10000000001": 1,
            "00110001000": 1,
            "00011010001": 1,
            "10001000001": 1,
            "00110011001": 1,
            "00011000000": 1,
            "10000100000": 1,
            "01111100000": 1
          },
          "component_probability": 0.3333333333333333,
          "success_rate": 0.003
        },
        {
          "basis_state": 5,
          "task_id": "arn:aws:braket:eu-west-2:380012739362:quantum-task/d96adafe-e77a-40d6-a435-fad60ae4e07a",
          "status": "DONE",
          "shots": 3000,
          "created_at": "2025-12-21 12:52:54.702000+00:00",
          "ended_at": "2025-12-21 12:52:58.452000+00:00",
          "execution_time_seconds": 3.75,
          "counts": {
            "10100000000": 1063,
            "00000000000": 735,
            "00100000000": 337,
            "01100000000": 586,
            "01000000000": 89,
            "11100000000": 90,
            "10000000000": 93,
            "11100000001": 2,
            "00101100001": 1,
            "00000101001": 1,
            "00000100000": 1,
            "01000000001": 1,
            "10000101000": 1
          },
          "component_probability": 0.0,
          "success_rate": 0.0016666666666666668
        },
        {
          "basis_state": 6,
          "task_id": "arn:aws:braket:eu-west-2:380012739362:quantum-task/af315627-e985-4296-8d02-cc77811183c5",
          "status": "DONE",
          "shots": 3000,
          "created_at": "2025-12-21 12:52:56.846000+00:00",
          "ended_at": "2025-12-21 12:53:00.111000+00:00",
          "execution_time_seconds": 3.265,
          "counts": {
            "01000000000": 95,
            "01100000000": 568,
            "00000000000": 686,
            "10100000000": 1070,
            "00100000000": 381,
            "10011100001": 1,
            "10000000000": 109,
            "01000000001": 1,
            "11100000000": 79,
            "10000110000": 1,
            "11000000000": 1,
            "00000100001": 1,
            "00101100001": 2,
            "11100000001": 2,
            "00000000001": 1,
            "00000110001": 1,
            "10000110001": 1
          },
          "component_probability": 0.0,
          "success_rate": 0.0033333333333333335
        },
        {
          "basis_state": 7,
          "task_id": "arn:aws:braket:eu-west-2:380012739362:quantum-task/6d0ed806-5a26-41a8-a8c4-7a0ebde16249",
          "status": "DONE",
          "shots": 3000,
          "created_at": "2025-12-21 12:52:59.032000+00:00",
          "ended_at": "2025-12-21 12:53:02.453000+00:00",
          "execution_time_seconds": 3.421,
          "counts": {
            "00000000000": 689,
            "01100000000": 596,
            "01000000000": 93,
            "10100000000": 1035,
            "11100000000": 86,
            "10000000000": 120,
            "00100000000": 367,
            "10001100000": 1,
            "11110000000": 1,
            "11100000001": 2,
            "01000000001": 4,
            "10000100000": 1,
            "00101110000": 1,
            "00010110001": 1,
            "00000110001": 1,
            "11100100001": 1,
            "00100100000": 1
          },
          "component_probability": 0.3333333333333333,
          "success_rate": 0.003
        }
      ],
      "depth": 4714,
      "num_projections": 8,
      "ideal_solution": [
        {
          "real": 0.4108290853189716,
          "imag": 0.0
        },
        {
          "real": -0.09051481974914988,
          "imag": 0.0
        },
        {
          "real": -0.5307128990487638,
          "imag": 0.0
        },
        {
          "real": -0.08520020461476069,
          "imag": 0.0
        },
        {
          "real": -0.23043987673087848,
          "imag": 0.0
        },
        {
          "real": -0.02995559227199663,
          "imag": 0.0
        },
        {
          "real": 0.12047011181450668,
          "imag": 0.0
        },
        {
          "real": 0.6823476766589796,
          "imag": 0.0
        }
      ],
      "reconstructed_solution_probabilities": [
        0.2598844957796535,
        0.09329187027987562,
        0.24255886272767663,
        0.0,
        0.20213238560639715,
        0.0,
        0.0,
        0.20213238560639715
      ],
      "fidelity": 0.8259928900608106,
      "metadata": {
        "measured_components": [
          0,
          1,
          2,
          3,
          4,
          5,
          6,
          7
        ],
        "success_rates": [
          0.0023333333333333335,
          0.004333333333333333,
          0.0033333333333333335,
          0.003,
          0.003,
          0.0016666666666666668,
          0.0033333333333333335,
          0.003
        ],
        "raw_probabilities": [
          0.42857142857142855,
          0.15384615384615385,
          0.4,
          0.0,
          0.3333333333333333,
          0.0,
          0.0,
          0.3333333333333333
        ],
        "average_success_rate": 0.003,
        "total_probability": 1.649084249084249
      },
      "total_problem_time_seconds": 19.534,
      "first_created_at": "2025-12-21 12:52:42.919000+00:00",
      "last_ended_at": "2025-12-21 12:53:02.453000+00:00"
    }
  ]
}