{
  "problem_list": [
    {
      "A_matrix": [
        [
          1.5089408294754727,
          0.76336479945705,
          0.4292812373876723,
          1.1678707091535099,
          0.9007096740036178,
          1.2475756260667619,
          1.2464430580136674,
          0.9136994306101853,
          1.4336493716121306,
          1.3476221129464023,
          1.2737632431463342,
          0.9103496408885574,
          0.8118666646616225,
          1.1002915891219704,
          1.49158677371552,
          1.6460758817643883
        ],
        [
          0.76336479945705,
          0.6655414278330551,
          1.1803594488197766,
          1.6156654322933885,
          1.2529023784920508,
          0.44149010169896585,
          1.357866153127791,
          1.27143915188317,
          1.3115006539205587,
          0.32138744648605133,
          1.2963769561047482,
          0.742092580718229,
          0.8175322218183073,
          0.37800887591100985,
          1.724625755537574,
          1.6417742772942354
        ],
        [
          0.4292812373876723,
          1.1803594488197766,
          1.6830096259996852,
          0.6703225020772667,
          1.697817197825478,
          1.3003074001138382,
          0.9066205758189533,
          0.40495874290110734,
          1.1174235977669604,
          0.9788690982838734,
          0.619148826870612,
          0.6228357330243703,
          0.2571758186278499,
          1.1256421851279148,
          1.4559273473731826,
          1.0674321306822194
        ],
        [
          1.1678707091535099,
          1.6156654322933885,
          0.6703225020772667,
          1.455800747503474,
          0.7773510493911561,
          0.8509442287691675,
          0.9675974551092524,
          0.8882541544090703,
          0.7899364397091113,
          1.589652788871296,
          0.7255539960826883,
          0.7262204331368887,
          0.5736009412861056,
          1.442277510312716,
          1.1938943129547552,
          1.554038083048248
        ],
        [
          0.9007096740036178,
          1.2529023784920508,
          1.697817197825478,
          0.7773510493911561,
          1.26811129486602,
          1.00830616767798,
          0.7474205356003595,
          0.45932706396021816,
          0.4829797667755421,
          1.6939998071561448,
          0.8062594988522707,
          0.9567926095553839,
          1.015108337180369,
          0.24612091224884147,
          1.131697693466089,
          1.2671292118527944
        ],
        [
          1.2475756260667619,
          0.44149010169896585,
          1.3003074001138382,
          0.8509442287691675,
          1.00830616767798,
          0.8254209778889123,
          1.020038920952983,
          1.627558273993324,
          0.7972321791083776,
          0.9782857542504753,
          0.5242178879858146,
          0.7163387523626102,
          0.9955094931870819,
          0.8033741132525692,
          0.5884179396332602,
          0.6439161188110865
        ],
        [
          1.2464430580136674,
          1.357866153127791,
          0.9066205758189533,
          0.9675974551092524,
          0.7474205356003595,
          1.020038920952983,
          1.2146430712386043,
          1.1017283529478403,
          1.282512966309993,
          0.24865710325515733,
          1.0469739463430114,
          0.30423293409466035,
          0.6583167708370216,
          1.0183141067718047,
          1.5487230010484525,
          0.883288805224493
        ],
        [
          0.9136994306101853,
          1.27143915188317,
          0.40495874290110734,
          0.8882541544090703,
          0.45932706396021816,
          1.627558273993324,
          1.1017283529478403,
          1.8720265039301704,
          0.7262684393286812,
          1.101098260336456,
          1.7529349366301745,
          0.5849849544542514,
          0.5561702880281532,
          0.69732084784511,
          1.1871353210389826,
          1.440782686091824
        ],
        [
          1.4336493716121306,
          1.3115006539205587,
          1.1174235977669604,
          0.7899364397091113,
          0.4829797667755421,
          0.7972321791083776,
          1.282512966309993,
          0.7262684393286812,
          1.7709448159917625,
          0.7881203297125275,
          0.7267037812885431,
          0.388704450513232,
          0.49601761825150326,
          0.8611103967703982,
          1.1819687463039927,
          1.5922975766496292
        ],
        [
          1.3476221129464023,
          0.32138744648605133,
          0.9788690982838734,
          1.589652788871296,
          1.6939998071561448,
          0.9782857542504753,
          0.24865710325515733,
          1.101098260336456,
          0.7881203297125275,
          1.2638115378264385,
          0.27315864608402796,
          1.0798944613400168,
          0.9345003322503553,
          0.6737292794734709,
          1.3092443362722017,
          1.751322856149176
        ],
        [
          1.2737632431463342,
          1.2963769561047482,
          0.619148826870612,
          0.7255539960826883,
          0.8062594988522707,
          0.5242178879858146,
          1.0469739463430114,
          1.7529349366301745,
          0.7267037812885431,
          0.27315864608402796,
          0.05713845718780619,
          1.7073754071455443,
          0.6768101688624104,
          0.9219676168689482,
          1.2850393422902409,
          0.6334913587683855
        ],
        [
          0.9103496408885574,
          0.742092580718229,
          0.6228357330243703,
          0.7262204331368887,
          0.9567926095553839,
          0.7163387523626102,
          0.30423293409466035,
          0.5849849544542514,
          0.388704450513232,
          1.0798944613400168,
          1.7073754071455443,
          1.0836661772126437,
          0.8864907625470286,
          0.6191049328004752,
          1.1818877252194537,
          1.2754389038467866
        ],
        [
          0.8118666646616225,
          0.8175322218183073,
          0.2571758186278499,
          0.5736009412861056,
          1.015108337180369,
          0.9955094931870819,
          0.6583167708370216,
          0.5561702880281532,
          0.49601761825150326,
          0.9345003322503553,
          0.6768101688624104,
          0.8864907625470286,
          1.3124309265523872,
          0.6810570321365345,
          0.8650043228541103,
          0.9095919930078614
        ],
        [
          1.1002915891219704,
          0.37800887591100985,
          1.1256421851279148,
          1.442277510312716,
          0.24612091224884147,
          0.8033741132525692,
          1.0183141067718047,
          0.69732084784511,
          0.8611103967703982,
          0.6737292794734709,
          0.9219676168689482,
          0.6191049328004752,
          0.6810570321365345,
          1.5148457406666447,
          1.5241116111215494,
          0.5960709863566532
        ],
        [
          1.49158677371552,
          1.724625755537574,
          1.4559273473731826,
          1.1938943129547552,
          1.131697693466089,
          0.5884179396332602,
          1.5487230010484525,
          1.1871353210389826,
          1.1819687463039927,
          1.3092443362722017,
          1.2850393422902409,
          1.1818877252194537,
          0.8650043228541103,
          1.5241116111215494,
          1.418184239413315,
          0.5545997402100421
        ],
        [
          1.6460758817643883,
          1.6417742772942354,
          1.0674321306822194,
          1.554038083048248,
          1.2671292118527944,
          0.6439161188110865,
          0.883288805224493,
          1.440782686091824,
          1.5922975766496292,
          1.751322856149176,
          0.6334913587683855,
          1.2754389038467866,
          0.9095919930078614,
          0.5960709863566532,
          0.5545997402100421,
          1.2187319756117507
        ]
      ],
      "b_vector": [
        0.285193355405427,
        0.09652040252492643,
        0.09104134451799394,
        0.35432931099093545,
        0.11380221391411632,
        0.3448900272204932,
        0.17042958782661194,
        0.05338809127543541,
        0.38167565249008745,
        0.29932164731108235,
        0.143262576138988,
        0.32721141260075404,
        0.2809393044493683,
        0.34790517363001466,
        0.21214615305112125,
        0.062306083467391055
      ]
    }
  ],
  "shots": 3000,
  "backend": "sv1",
  "device_arn": "SV1",
  "aws_region": "eu-west-2",
  "ideal_preprocessing_list": [
    [
      [
        -2.340261904968418,
        -1.9903498975744343,
        -1.4110235252066514,
        -0.8481833058616802,
        -0.6351990873435795,
        -0.49552852005337733,
        0.02409348974591366,
        0.34251426064939544,
        0.743029544166287,
        1.1094567662290793,
        1.325257924624817,
        1.6283354803413628,
        1.757269089382014,
        2.1846597932097036,
        2.5922597246138657,
        16.146918517243837
      ],
      [
        0.0490158627064991,
        0.03957183108649184,
        0.005505691439270599,
        0.12481791659140082,
        0.036389890303274844,
        0.26030582234990823,
        0.014974405473640373,
        0.12094095684695194,
        0.0003642270338206563,
        0.17867249101988725,
        0.04410061947890562,
        0.3270539229404405,
        0.011697050947623404,
        0.02363402533656385,
        0.0012856453670700985,
        0.8688827489500738
      ]
    ]
  ],
  "probability_threshold": 0,
  "k_qubits": 7,
  "preprocessing_mode": "ideal",
  "projection_mode": "all_components",
  "projection_subset": null,
  "num_solution_qubits": 4,
  "num_projections": 16,
  "projector_basis_states": [
    0,
    1,
    2,
    3,
    4,
    5,
    6,
    7,
    8,
    9,
    10,
    11,
    12,
    13,
    14,
    15
  ],
  "enhanced_projection_results": [
    {
      "problem_index": 0,
      "projection_tasks": [
        {
          "basis_state": 0,
          "task_id": "arn:aws:braket:eu-west-2:380012739362:quantum-task/0399a2eb-3684-4e77-88e6-c87af08a0352",
          "shots": 3000,
          "projector_index": 0
        },
        {
          "basis_state": 1,
          "task_id": "arn:aws:braket:eu-west-2:380012739362:quantum-task/3a2dbcfc-757d-491b-9d05-ec31b40ee1f5",
          "shots": 3000,
          "projector_index": 1
        },
        {
          "basis_state": 2,
          "task_id": "arn:aws:braket:eu-west-2:380012739362:quantum-task/ed6e89e6-3c46-4e75-99c4-338f708b9975",
          "shots": 3000,
          "projector_index": 2
        },
        {
          "basis_state": 3,
          "task_id": "arn:aws:braket:eu-west-2:380012739362:quantum-task/0afad0b1-fb37-4a4a-81a5-4b147999267d",
          "shots": 3000,
          "projector_index": 3
        },
        {
          "basis_state": 4,
          "task_id": "arn:aws:braket:eu-west-2:380012739362:quantum-task/be5f433a-644f-45fa-9c89-31806f98457d",
          "shots": 3000,
          "projector_index": 4
        },
        {
          "basis_state": 5,
          "task_id": "arn:aws:braket:eu-west-2:380012739362:quantum-task/d44d1ada-c66c-4db9-a025-8ce2b2243b94",
          "shots": 3000,
          "projector_index": 5
        },
        {
          "basis_state": 6,
          "task_id": "arn:aws:braket:eu-west-2:380012739362:quantum-task/9da1609e-f6da-470f-a067-2d62721b729e",
          "shots": 3000,
          "projector_index": 6
        },
        {
          "basis_state": 7,
          "task_id": "arn:aws:braket:eu-west-2:380012739362:quantum-task/26c60778-14fd-471f-87a7-18007c6ae8c5",
          "shots": 3000,
          "projector_index": 7
        },
        {
          "basis_state": 8,
          "task_id": "arn:aws:braket:eu-west-2:380012739362:quantum-task/f766175f-1072-4acd-82c9-151208a95016",
          "shots": 3000,
          "projector_index": 8
        },
        {
          "basis_state": 9,
          "task_id": "arn:aws:braket:eu-west-2:380012739362:quantum-task/1ebd0cdc-2769-4706-90d1-7ae20ca00432",
          "shots": 3000,
          "projector_index": 9
        },
        {
          "basis_state": 10,
          "task_id": "arn:aws:braket:eu-west-2:380012739362:quantum-task/388e3547-0b76-4d6d-9353-285373dbcb12",
          "shots": 3000,
          "projector_index": 10
        },
        {
          "basis_state": 11,
          "task_id": "arn:aws:braket:eu-west-2:380012739362:quantum-task/ac39631f-e55e-40d1-b224-9b5235196525",
          "shots": 3000,
          "projector_index": 11
        },
        {
          "basis_state": 12,
          "task_id": "arn:aws:braket:eu-west-2:380012739362:quantum-task/08d441c8-fbd6-49ab-b14c-0f18f993fa3b",
          "shots": 3000,
          "projector_index": 12
        },
        {
          "basis_state": 13,
          "task_id": "arn:aws:braket:eu-west-2:380012739362:quantum-task/098a5e8e-907f-48c0-9abc-b3909162e6e6",
          "shots": 3000,
          "projector_index": 13
        },
        {
          "basis_state": 14,
          "task_id": "arn:aws:braket:eu-west-2:380012739362:quantum-task/c821fbd6-9f2a-43e5-985c-1249e8b0e97c",
          "shots": 3000,
          "projector_index": 14
        },
        {
          "basis_state": 15,
          "task_id": "arn:aws:braket:eu-west-2:380012739362:quantum-task/89e06336-f914-4fa4-8c7c-4471eb3e2b62",
          "shots": 3000,
          "projector_index": 15
        }
      ],
      "depth": 13457,
      "num_projections": 16,
      "ideal_solution": [
        {
          "real": 0.28858606933341385,
          "imag": 0.0
        },
        {
          "real": -0.07716334479383453,
          "imag": 0.0
        },
        {
          "real": 0.18112258167532128,
          "imag": 0.0
        },
        {
          "real": -0.03703652298175488,
          "imag": 0.0
        },
        {
          "real": -0.009129360562736782,
          "imag": 0.0
        },
        {
          "real": 0.026858946821384233,
          "imag": 0.0
        },
        {
          "real": 0.1072055353860996,
          "imag": 0.0
        },
        {
          "real": -0.1874346741088929,
          "imag": 0.0
        },
        {
          "real": -0.26866323139282977,
          "imag": 0.0
        },
        {
          "real": -0.35799706074165816,
          "imag": 0.0
        },
        {
          "real": 0.08430045476939034,
          "imag": 0.0
        },
        {
          "real": 0.08574210341196892,
          "imag": 0.0
        },
        {
          "real": 0.13560494776687493,
          "imag": 0.0
        },
        {
          "real": 0.4273482621632615,
          "imag": 0.0
        },
        {
          "real": -0.4744021736729775,
          "imag": 0.0
        },
        {
          "real": 0.43391762958289654,
          "imag": 0.0
        }
      ]
    }
  ]
}