{
  "problem_list": [
    {
      "A_matrix": [
        [
          1.648045811502131,
          1.7725126397785895,
          0.843447919275887,
          0.5155985896881929,
          1.0811965747491463,
          0.6629074312965103,
          1.0340027556466684,
          0.610814057850827,
          1.079023556664294,
          1.883455492926557,
          1.5473602556967068,
          1.1836086626041187,
          0.6469638415329501,
          0.8494733646338208,
          0.745448201807725,
          1.649940636290372
        ],
        [
          1.7725126397785895,
          1.464050482843035,
          1.5080450196474848,
          0.5936094993744321,
          1.6124411002926773,
          0.19771158253865007,
          1.155582921020997,
          0.8468251887462054,
          1.274615434524116,
          0.7311076476260413,
          0.9003082581527099,
          1.6204580505940704,
          1.4296335776103228,
          0.9415731607312812,
          0.43759290953766117,
          1.4994089577528757
        ],
        [
          0.843447919275887,
          1.5080450196474848,
          1.1867201016497726,
          1.4798864685103008,
          0.1908475520321612,
          1.0774530345946318,
          0.9091321099482285,
          0.9614217652433596,
          0.8512763838615816,
          1.9457246280260923,
          0.9384642527892934,
          0.9727429611240421,
          0.2786187041518694,
          1.6380687538591465,
          1.5382445796849784,
          1.199537768453661
        ],
        [
          0.5155985896881929,
          0.5936094993744321,
          1.4798864685103008,
          1.7488235777112835,
          0.9265217003599155,
          1.9197937538938048,
          1.0603442274184802,
          1.109505752934611,
          0.6805702443374635,
          1.3389708438926997,
          0.7193089101440306,
          0.2800533966775314,
          0.17258596255697134,
          0.08411636953146795,
          0.40838739785181355,
          1.375013338949902
        ],
        [
          1.0811965747491463,
          1.6124411002926773,
          0.1908475520321612,
          0.9265217003599155,
          1.7984249770548402,
          0.9172010083716144,
          0.7728383464869302,
          1.6535978491344234,
          0.5879215588731861,
          0.5937516386137326,
          1.6042641977561982,
          0.6161890839153623,
          0.8959030954461931,
          1.1327991889404854,
          0.34083786085688594,
          0.990500269680648
        ],
        [
          0.6629074312965103,
          0.19771158253865007,
          1.0774530345946318,
          1.9197937538938048,
          0.9172010083716144,
          1.290662079126103,
          1.0067745110467183,
          1.1098614603680477,
          0.5529320525756879,
          0.5570598558300736,
          0.9627735729960382,
          0.3879831614229703,
          1.6464772499575528,
          0.8786834658746803,
          1.1751676428301048,
          1.4861082121793423
        ],
        [
          1.0340027556466684,
          1.155582921020997,
          0.9091321099482285,
          1.0603442274184802,
          0.7728383464869302,
          1.0067745110467183,
          0.8805515054152246,
          0.64318020802413,
          0.8129982301105209,
          0.7497268102313447,
          1.1186543942898024,
          0.7851451566707347,
          1.5386520942201416,
          1.015220587596363,
          1.2015124643417812,
          0.9916182469159741
        ],
        [
          0.610814057850827,
          0.8468251887462054,
          0.9614217652433596,
          1.109505752934611,
          1.6535978491344234,
          1.1098614603680477,
          0.64318020802413,
          0.4719785142994344,
          0.4094775022263337,
          1.3151350238416066,
          1.2927572904410276,
          1.1295191415428623,
          1.4694130500601257,
          0.6040981259079661,
          1.782679900936957,
          1.4133254095871948
        ],
        [
          1.079023556664294,
          1.274615434524116,
          0.8512763838615816,
          0.6805702443374635,
          0.5879215588731861,
          0.5529320525756879,
          0.8129982301105209,
          0.4094775022263337,
          1.9106338763176398,
          1.6959815569936538,
          0.9964607888570446,
          1.5537071016871826,
          0.9569612836598194,
          1.0046942760661786,
          0.8021388868682828,
          1.305768647064415
        ],
        [
          1.883455492926557,
          0.7311076476260413,
          1.9457246280260923,
          1.3389708438926997,
          0.5937516386137326,
          0.5570598558300736,
          0.7497268102313447,
          1.3151350238416066,
          1.6959815569936538,
          1.6732199682205955,
          0.4131554987836822,
          1.2711499470882015,
          1.3022590467140045,
          0.056864999640034775,
          1.2687433971853308,
          1.5317064111303687
        ],
        [
          1.5473602556967068,
          0.9003082581527099,
          0.9384642527892934,
          0.7193089101440306,
          1.6042641977561982,
          0.9627735729960382,
          1.1186543942898024,
          1.2927572904410276,
          0.9964607888570446,
          0.4131554987836822,
          1.892380199817863,
          0.25342869742424423,
          1.2601409823580212,
          0.4216947663725663,
          1.0674461865887341,
          0.5914087468236108
        ],
        [
          1.1836086626041187,
          1.6204580505940704,
          0.9727429611240421,
          0.2800533966775314,
          0.6161890839153623,
          0.3879831614229703,
          0.7851451566707347,
          1.1295191415428623,
          1.5537071016871826,
          1.2711499470882015,
          0.25342869742424423,
          1.3362815918425888,
          0.9758709661904011,
          0.461207247980325,
          1.0368243511730588,
          1.5830802391358938
        ],
        [
          0.6469638415329501,
          1.4296335776103228,
          0.2786187041518694,
          0.17258596255697134,
          0.8959030954461931,
          1.6464772499575528,
          1.5386520942201416,
          1.4694130500601257,
          0.9569612836598194,
          1.3022590467140045,
          1.2601409823580212,
          0.9758709661904011,
          1.8222850257098495,
          1.138286074924936,
          0.8609176312142086,
          1.0742986723265457
        ],
        [
          0.8494733646338208,
          0.9415731607312812,
          1.6380687538591465,
          0.08411636953146795,
          1.1327991889404854,
          0.8786834658746803,
          1.015220587596363,
          0.6040981259079661,
          1.0046942760661786,
          0.056864999640034775,
          0.4216947663725663,
          0.461207247980325,
          1.138286074924936,
          1.2407767555668132,
          0.725866245883733,
          0.4137372266495737
        ],
        [
          0.745448201807725,
          0.43759290953766117,
          1.5382445796849784,
          0.40838739785181355,
          0.34083786085688594,
          1.1751676428301048,
          1.2015124643417812,
          1.782679900936957,
          0.8021388868682828,
          1.2687433971853308,
          1.0674461865887341,
          1.0368243511730588,
          0.8609176312142086,
          0.725866245883733,
          0.48359260647175484,
          0.9549287082506976
        ],
        [
          1.649940636290372,
          1.4994089577528757,
          1.199537768453661,
          1.375013338949902,
          0.990500269680648,
          1.4861082121793423,
          0.9916182469159741,
          1.4133254095871948,
          1.305768647064415,
          1.5317064111303687,
          0.5914087468236108,
          1.5830802391358938,
          1.0742986723265457,
          0.4137372266495737,
          0.9549287082506976,
          0.45143807699459493
        ]
      ],
      "b_vector": [
        0.24497888771249338,
        0.34706644237544887,
        0.34392987554756443,
        0.31938008119532935,
        0.07933902741995516,
        0.1796924769297338,
        0.2031874095912339,
        0.32622163877623633,
        0.4120889693082019,
        0.294762577853356,
        0.13827480268982187,
        0.024601603328951227,
        0.11504832633097715,
        0.07259575911383394,
        0.3156124035521125,
        0.13566200002887252
      ]
    }
  ],
  "shots": 3000,
  "backend": "sv1",
  "device_arn": "SV1",
  "aws_region": "eu-west-2",
  "ideal_preprocessing_list": [
    [
      [
        -2.511233842461744,
        -2.1604687084380982,
        -1.4919427869026067,
        -1.2789055031262364,
        -0.974131839334387,
        -0.2727749281563042,
        0.10378222575032878,
        0.3362236194967932,
        0.6858399681556343,
        1.0173104986219519,
        1.3047722988638413,
        1.632618734083218,
        1.9938542419579819,
        3.1020502183666374,
        3.324005363451638,
        16.488865590214875
      ],
      [
        0.04576499686684604,
        0.10609907127568007,
        0.181399629458254,
        0.06881596702347545,
        0.22869033189325877,
        0.0023810061215162326,
        0.13719004295904463,
        0.03233292311590032,
        0.07773996702762118,
        0.052037526837981005,
        0.09922035220991818,
        0.08721833653318224,
        0.028903534497278394,
        0.1907026075252061,
        0.08951823007625825,
        0.8974497706405897
      ]
    ]
  ],
  "probability_threshold": 0,
  "k_qubits": 7,
  "preprocessing_mode": "ideal",
  "projection_mode": "all_components",
  "projection_subset": null,
  "num_solution_qubits": 4,
  "num_projections": 16,
  "projector_basis_states": [
    0,
    1,
    2,
    3,
    4,
    5,
    6,
    7,
    8,
    9,
    10,
    11,
    12,
    13,
    14,
    15
  ],
  "enhanced_projection_results": [
    {
      "problem_index": 0,
      "projection_tasks": [
        {
          "basis_state": 0,
          "task_id": "arn:aws:braket:eu-west-2:380012739362:quantum-task/623c2143-75e5-4738-b753-93eedf27315f",
          "shots": 3000,
          "projector_index": 0
        },
        {
          "basis_state": 1,
          "task_id": "arn:aws:braket:eu-west-2:380012739362:quantum-task/4bb8c1d1-ff5b-4a1c-8cb9-9a44aaf33c34",
          "shots": 3000,
          "projector_index": 1
        },
        {
          "basis_state": 2,
          "task_id": "arn:aws:braket:eu-west-2:380012739362:quantum-task/d9945082-de38-4f02-8436-f3729831b9ac",
          "shots": 3000,
          "projector_index": 2
        },
        {
          "basis_state": 3,
          "task_id": "arn:aws:braket:eu-west-2:380012739362:quantum-task/b74a10a5-c23a-44ec-ac78-000d23509ac6",
          "shots": 3000,
          "projector_index": 3
        },
        {
          "basis_state": 4,
          "task_id": "arn:aws:braket:eu-west-2:380012739362:quantum-task/d6108426-89ab-407b-9432-f506b18b3d7f",
          "shots": 3000,
          "projector_index": 4
        },
        {
          "basis_state": 5,
          "task_id": "arn:aws:braket:eu-west-2:380012739362:quantum-task/31c564c5-c151-4e8e-ae87-1a43e1b3a4e6",
          "shots": 3000,
          "projector_index": 5
        },
        {
          "basis_state": 6,
          "task_id": "arn:aws:braket:eu-west-2:380012739362:quantum-task/cfc688ed-41ac-414a-acc2-f277de459a21",
          "shots": 3000,
          "projector_index": 6
        },
        {
          "basis_state": 7,
          "task_id": "arn:aws:braket:eu-west-2:380012739362:quantum-task/49e42e8b-9ba4-41b7-abff-834cf8ff8c9c",
          "shots": 3000,
          "projector_index": 7
        },
        {
          "basis_state": 8,
          "task_id": "arn:aws:braket:eu-west-2:380012739362:quantum-task/8a6924b0-08ac-4ea7-83f8-72fed1c77314",
          "shots": 3000,
          "projector_index": 8
        },
        {
          "basis_state": 9,
          "task_id": "arn:aws:braket:eu-west-2:380012739362:quantum-task/1c2f9bd8-e373-4a39-9e02-c7ab633c3f10",
          "shots": 3000,
          "projector_index": 9
        },
        {
          "basis_state": 10,
          "task_id": "arn:aws:braket:eu-west-2:380012739362:quantum-task/0648f065-d2bb-46d9-b62c-6db71c0e5ed8",
          "shots": 3000,
          "projector_index": 10
        },
        {
          "basis_state": 11,
          "task_id": "arn:aws:braket:eu-west-2:380012739362:quantum-task/ffbfd700-58f0-4c24-adce-062900212f32",
          "shots": 3000,
          "projector_index": 11
        },
        {
          "basis_state": 12,
          "task_id": "arn:aws:braket:eu-west-2:380012739362:quantum-task/222e57d4-74b5-46d0-8d7d-930529ea6876",
          "shots": 3000,
          "projector_index": 12
        },
        {
          "basis_state": 13,
          "task_id": "arn:aws:braket:eu-west-2:380012739362:quantum-task/582beb2c-c85f-41ad-a4b5-83d51e0c4f0f",
          "shots": 3000,
          "projector_index": 13
        },
        {
          "basis_state": 14,
          "task_id": "arn:aws:braket:eu-west-2:380012739362:quantum-task/db282e49-6ae2-456c-98ca-734d9bf3a7c6",
          "shots": 3000,
          "projector_index": 14
        },
        {
          "basis_state": 15,
          "task_id": "arn:aws:braket:eu-west-2:380012739362:quantum-task/ddd57fc2-cdb9-4c41-a188-4fe7d7a8194e",
          "shots": 3000,
          "projector_index": 15
        }
      ],
      "depth": 13346,
      "num_projections": 16,
      "ideal_solution": [
        {
          "real": -0.46796994101504125,
          "imag": 0.0
        },
        {
          "real": 0.22194027188979273,
          "imag": 0.0
        },
        {
          "real": 0.29192516202708013,
          "imag": 0.0
        },
        {
          "real": 0.2470752123610895,
          "imag": 0.0
        },
        {
          "real": 0.035231822028920175,
          "imag": 0.0
        },
        {
          "real": -0.4586996129497773,
          "imag": 0.0
        },
        {
          "real": 0.21359939004994602,
          "imag": 0.0
        },
        {
          "real": -0.038828264625330754,
          "imag": 0.0
        },
        {
          "real": 0.011247431120966891,
          "imag": 0.0
        },
        {
          "real": 0.31334682988597007,
          "imag": 0.0
        },
        {
          "real": 0.195383872454544,
          "imag": 0.0
        },
        {
          "real": -0.10880652173877645,
          "imag": 0.0
        },
        {
          "real": 0.24024770703881804,
          "imag": 0.0
        },
        {
          "real": -0.1435856866219563,
          "imag": 0.0
        },
        {
          "real": -0.19393224042740614,
          "imag": 0.0
        },
        {
          "real": -0.24985847624773194,
          "imag": 0.0
        }
      ]
    }
  ]
}