{
  "problem_list": [
    {
      "A_matrix": [
        [
          0.2207809363041029,
          0.7804923039123872,
          0.8921790693976568,
          1.0041966049626523,
          0.3404265994022694,
          1.3981491882540056,
          1.1620414189879607,
          1.299609634986393
        ],
        [
          0.7804923039123872,
          1.8303189027250053,
          0.9462036679803344,
          1.0823794179599053,
          0.31351783830964564,
          0.7014006748759013,
          0.7281751375254414,
          1.0539182046999729
        ],
        [
          0.8921790693976568,
          0.9462036679803344,
          1.0058000585563032,
          1.2136727422669473,
          1.9799998641279943,
          1.7109554367689355,
          0.6560391413064905,
          0.9356771409302826
        ],
        [
          1.0041966049626523,
          1.0823794179599053,
          1.2136727422669473,
          1.2240867413571404,
          1.575278252766425,
          1.197089757701189,
          0.9398299307025829,
          1.0165623566761677
        ],
        [
          0.3404265994022694,
          0.31351783830964564,
          1.9799998641279943,
          1.575278252766425,
          1.1179382176389492,
          1.1654207985845435,
          1.1679006732459798,
          0.5685118776640851
        ],
        [
          1.3981491882540056,
          0.7014006748759013,
          1.7109554367689355,
          1.197089757701189,
          1.1654207985845435,
          0.8639506314786756,
          1.163307920702965,
          1.2870655951943382
        ],
        [
          1.1620414189879607,
          0.7281751375254414,
          0.6560391413064905,
          0.9398299307025829,
          1.1679006732459798,
          1.163307920702965,
          0.7218893069972256,
          1.4606795461834543
        ],
        [
          1.299609634986393,
          1.0539182046999729,
          0.9356771409302826,
          1.0165623566761677,
          0.5685118776640851,
          1.2870655951943382,
          1.4606795461834543,
          0.4430364007297052
        ]
      ],
      "b_vector": [
        0.49143236418805475,
        0.5659374870423448,
        0.05287080573952231,
        0.09711640924993832,
        0.5824759814832045,
        0.20986345622907454,
        0.14741124259690375,
        0.14467570436804159
      ]
    }
  ],
  "shots": 3000,
  "backend": "sv1",
  "device_arn": "SV1",
  "aws_region": "eu-west-2",
  "ideal_preprocessing_list": [
    [
      [
        -1.5090153159161304,
        -1.1008649487310531,
        -0.9646037340975621,
        -0.18406654977971165,
        0.12919134456194928,
        0.934118099929335,
        1.6719412835986662,
        8.45110101622161
      ],
      [
        0.4823555091169943,
        0.24560649800775866,
        0.17003125037703667,
        0.16144467190437248,
        0.015506061288772216,
        0.1746782317347745,
        0.17334903589360595,
        0.7689166352380731
      ]
    ]
  ],
  "probability_threshold": 0,
  "k_qubits": 7,
  "preprocessing_mode": "ideal",
  "projection_mode": "all_components",
  "projection_subset": null,
  "num_solution_qubits": 3,
  "num_projections": 8,
  "projector_basis_states": [
    0,
    1,
    2,
    3,
    4,
    5,
    6,
    7
  ],
  "enhanced_projection_results": [
    {
      "problem_index": 0,
      "projection_tasks": [
        {
          "basis_state": 0,
          "task_id": "arn:aws:braket:eu-west-2:380012739362:quantum-task/eb752c66-8376-415c-ba1d-0480b41bcba8",
          "status": "DONE",
          "shots": 3000,
          "created_at": "2025-12-21 12:50:48.147000+00:00",
          "ended_at": "2025-12-21 12:50:52.512000+00:00",
          "execution_time_seconds": 4.365,
          "counts": {
            "10000000000": 921,
            "00100000000": 971,
            "01100000000": 44,
            "11100000000": 60,
            "00000000000": 760,
            "11011000001": 2,
            "11000000000": 49,
            "01110000001": 1,
            "10100000000": 130,
            "11000000001": 6,
            "10000000001": 6,
            "11001010001": 1,
            "01100000001": 33,
            "01100100001": 1,
            "11100000001": 1,
            "10011000001": 1,
            "00100110000": 1,
            "10100000001": 2,
            "01000000000": 4,
            "10011111001": 1,
            "01011101001": 1,
            "01111000001": 3,
            "10000101011": 1
          },
          "component_probability": 0.0,
          "success_rate": 0.02
        },
        {
          "basis_state": 1,
          "task_id": "arn:aws:braket:eu-west-2:380012739362:quantum-task/2e767e21-fd68-408d-bcaa-39433266d7eb",
          "status": "DONE",
          "shots": 3000,
          "created_at": "2025-12-21 12:50:50.353000+00:00",
          "ended_at": "2025-12-21 12:50:54.255000+00:00",
          "execution_time_seconds": 3.902,
          "counts": {
            "00100000000": 916,
            "00000000000": 792,
            "10100000000": 159,
            "10000000000": 941,
            "01000000000": 8,
            "01100000001": 26,
            "11100000000": 61,
            "01100000000": 40,
            "11000000000": 31,
            "10000000001": 8,
            "11010000001": 1,
            "00000000001": 1,
            "11011000000": 1,
            "11000000001": 9,
            "10001010100": 1,
            "10011000001": 2,
            "01011011011": 1,
            "01110100001": 1,
            "11011010000": 1
          },
          "component_probability": 0.0,
          "success_rate": 0.01633333333333333
        },
        {
          "basis_state": 2,
          "task_id": "arn:aws:braket:eu-west-2:380012739362:quantum-task/4082c73f-9e0e-491b-86bb-bcda47f96b25",
          "status": "DONE",
          "shots": 3000,
          "created_at": "2025-12-21 12:50:52.634000+00:00",
          "ended_at": "2025-12-21 12:50:55.693000+00:00",
          "execution_time_seconds": 3.059,
          "counts": {
            "10000000000": 928,
            "00000000000": 804,
            "00100000000": 885,
            "11100000000": 61,
            "01000000000": 11,
            "11000000000": 44,
            "10100000000": 181,
            "01100000001": 21,
            "11000000001": 7,
            "01100000000": 43,
            "00110000001": 1,
            "10000000001": 4,
            "01011110000": 1,
            "01011010100": 1,
            "01111000001": 3,
            "10100000001": 1,
            "10010011001": 1,
            "10011001000": 1,
            "11010011001": 1,
            "11010101000": 1
          },
          "component_probability": 0.0,
          "success_rate": 0.013
        },
        {
          "basis_state": 3,
          "task_id": "arn:aws:braket:eu-west-2:380012739362:quantum-task/541fce9f-5a0a-4544-b0c0-7a8045d9dfb2",
          "status": "DONE",
          "shots": 3000,
          "created_at": "2025-12-21 12:50:54.675000+00:00",
          "ended_at": "2025-12-21 12:50:58.329000+00:00",
          "execution_time_seconds": 3.654,
          "counts": {
            "00100000000": 942,
            "10000000000": 942,
            "00000000000": 741,
            "01010000001": 1,
            "10100000000": 147,
            "11000000000": 49,
            "01100000000": 40,
            "11100000000": 73,
            "01100000001": 25,
            "00011011001": 1,
            "01000000000": 8,
            "10011000001": 2,
            "10000000001": 9,
            "11110011001": 1,
            "01111000001": 3,
            "11000000001": 10,
            "00001100001": 1,
            "00100000001": 1,
            "00111000001": 1,
            "11000110011": 1,
            "11011011101": 1,
            "00111011001": 1
          },
          "component_probability": 0.4827586206896552,
          "success_rate": 0.019333333333333334
        },
        {
          "basis_state": 4,
          "task_id": "arn:aws:braket:eu-west-2:380012739362:quantum-task/203c301d-a4a1-43b2-a185-25dd4b0d002f",
          "status": "DONE",
          "shots": 3000,
          "created_at": "2025-12-21 12:50:56.829000+00:00",
          "ended_at": "2025-12-21 12:50:59.978000+00:00",
          "execution_time_seconds": 3.149,
          "counts": {
            "00100000000": 862,
            "10000000000": 967,
            "00000000000": 797,
            "10100000000": 159,
            "10000000001": 15,
            "11100000000": 55,
            "01100000000": 44,
            "11000000000": 44,
            "01000000000": 12,
            "01110000001": 1,
            "01100000001": 23,
            "10011000001": 4,
            "11000000001": 2,
            "10010100001": 2,
            "11001000001": 1,
            "01010011001": 1,
            "00101100000": 1,
            "00101010000": 1,
            "10010000001": 1,
            "01111000001": 3,
            "11010010001": 1,
            "00001100000": 1,
            "10100000001": 1,
            "10111000001": 1,
            "10011111001": 1
          },
          "component_probability": 0.40350877192982454,
          "success_rate": 0.019
        },
        {
          "basis_state": 5,
          "task_id": "arn:aws:braket:eu-west-2:380012739362:quantum-task/ce87f386-17a3-4015-8280-e668be8250eb",
          "status": "DONE",
          "shots": 3000,
          "created_at": "2025-12-21 12:50:58.914000+00:00",
          "ended_at": "2025-12-21 12:51:02.658000+00:00",
          "execution_time_seconds": 3.744,
          "counts": {
            "00000000000": 809,
            "10000000000": 921,
            "00100000000": 912,
            "11000000000": 45,
            "01100000000": 36,
            "10100000000": 150,
            "11100000000": 60,
            "01000000000": 11,
            "01100000001": 29,
            "10000000001": 9,
            "11000000001": 6,
            "00001111001": 1,
            "01110100001": 1,
            "10011000001": 2,
            "11011000001": 2,
            "11001100001": 1,
            "01111000001": 2,
            "00110000001": 1,
            "11001000001": 1,
            "11010100000": 1
          },
          "component_probability": 0.0,
          "success_rate": 0.018333333333333333
        },
        {
          "basis_state": 6,
          "task_id": "arn:aws:braket:eu-west-2:380012739362:quantum-task/ca112534-e783-44cf-be1f-dd5dd2c53da2",
          "status": "DONE",
          "shots": 3000,
          "created_at": "2025-12-21 12:51:00.983000+00:00",
          "ended_at": "2025-12-21 12:51:04.521000+00:00",
          "execution_time_seconds": 3.538,
          "counts": {
            "00000000000": 778,
            "10000000000": 953,
            "00100000000": 916,
            "10100000000": 147,
            "11000000000": 44,
            "10111011000": 1,
            "11100000000": 63,
            "01100000000": 41,
            "01100000001": 16,
            "10000000001": 7,
            "11000000001": 11,
            "01010101011": 1,
            "01110100001": 1,
            "01000000000": 4,
            "10000100001": 1,
            "10100000001": 1,
            "10011110101": 1,
            "10011000001": 3,
            "11111000001": 1,
            "10011011000": 1,
            "10011111001": 1,
            "00001000001": 1,
            "01101000001": 1,
            "01101001111": 1,
            "01011111101": 1,
            "10000010101": 1,
            "01111000001": 1,
            "01011111001": 1,
            "01000011000": 1
          },
          "component_probability": 0.21568627450980393,
          "success_rate": 0.017
        },
        {
          "basis_state": 7,
          "task_id": "arn:aws:braket:eu-west-2:380012739362:quantum-task/2c857f03-5dc6-434d-ac72-a70f077de156",
          "status": "DONE",
          "shots": 3000,
          "created_at": "2025-12-21 12:51:02.929000+00:00",
          "ended_at": "2025-12-21 12:51:06.290000+00:00",
          "execution_time_seconds": 3.361,
          "counts": {
            "10000000000": 978,
            "00000000000": 741,
            "00100000000": 912,
            "01100000001": 35,
            "10100000000": 158,
            "11011000001": 1,
            "11000000000": 45,
            "11100000000": 54,
            "01100000000": 39,
            "01000000000": 6,
            "11000000001": 10,
            "01011010100": 1,
            "10000000001": 12,
            "10010011001": 1,
            "10100000001": 1,
            "11010100001": 1,
            "10001000001": 1,
            "11100000001": 1,
            "10010010101": 1,
            "11100011001": 1,
            "01110000000": 1
          },
          "component_probability": 0.03076923076923077,
          "success_rate": 0.021666666666666667
        }
      ],
      "depth": 4509,
      "num_projections": 8,
      "ideal_solution": [
        {
          "real": -0.03751931190369105,
          "imag": 0.0
        },
        {
          "real": -0.04161045711299272,
          "imag": 0.0
        },
        {
          "real": 0.08104428212476081,
          "imag": 0.0
        },
        {
          "real": 0.7772118439642913,
          "imag": 0.0
        },
        {
          "real": -0.47126381817516627,
          "imag": 0.0
        },
        {
          "real": 0.11939886509553341,
          "imag": 0.0
        },
        {
          "real": -0.37823017024639377,
          "imag": 0.0
        },
        {
          "real": 0.08264809760590991,
          "imag": 0.0
        }
      ],
      "reconstructed_solution_probabilities": [
        0.0,
        0.0,
        0.0,
        0.42619304472902747,
        0.35622902360183123,
        0.0,
        0.19041397936773077,
        0.027163952301410544
      ],
      "fidelity": 0.9357314195591434,
      "metadata": {
        "measured_components": [
          0,
          1,
          2,
          3,
          4,
          5,
          6,
          7
        ],
        "success_rates": [
          0.02,
          0.01633333333333333,
          0.013,
          0.019333333333333334,
          0.019,
          0.018333333333333333,
          0.017,
          0.021666666666666667
        ],
        "raw_probabilities": [
          0.0,
          0.0,
          0.0,
          0.4827586206896552,
          0.40350877192982454,
          0.0,
          0.21568627450980393,
          0.03076923076923077
        ],
        "average_success_rate": 0.018083333333333333,
        "total_probability": 1.1327228978985144
      },
      "total_problem_time_seconds": 18.143,
      "first_created_at": "2025-12-21 12:50:48.147000+00:00",
      "last_ended_at": "2025-12-21 12:51:06.290000+00:00"
    }
  ]
}